src/Components/missions/KORUS-AQ/Tracks/KORUSAQ-B200TRK_MODEL_20160503_RA.ICT
35,1001
GeoTASO Team
NASA GSFC
B-200 (N817NA) GeoTASO
KORUS-AQ 2016
1,1
2016,05,03,2016,05,06
1
UTC_mid,seconds, mid time UTC from midnight of the starting data collecting day 
3
1,1,1
-9999,-9999,-9999
Lat, degN, 60 second average of latitude
Lon, degE, 60 second average of longitude
AltGPS, km, 60 second average of GPS altitude
1
Data from GeoTASO instrument
17
PI_CONTACT_INFO: Scott Janz
Platform: B-200 King Air
LOCATION: Included in data records
ASSOCIATED_DATA: N/A
INSTRUMENT_INFO:http://www.nserc.und.edu/PDFs/ExperimenterHandbook.pdf
DATA_INFO: data averaged into 60s intervals
UNCERTAINTY: Reference DC-8 Experimenter Handbook located at https://airbornescience.nasa.gov/sites/default/files/DC8_Experimenter_Handbook_Jan2011v2.pdf
ULOD_FLAG: -7777
ULOD_VALUE: N/A
LLOD_FLAG: -8888
LLOD_VALUE: N/A;
DM_CONTACT_INFO: Gao Chen 
PROJECT_INFO: N/A
STIPULATIONS_ON_USE: N/A
OTHER_COMMENTS: N/A
REVISION: RA
UTC_mid,Lat,Lon,AltGPS
82460,37.08790722,127.0292109,0.036424653
82520,37.08791649,127.0291909,0.036600195
82580,37.08787816,127.0292317,0.036140469
82640,37.0878785,127.029234,0.036609839
82700,37.08788198,127.0292355,0.035869522
82760,37.08804903,127.0295252,0.03571248
82820,37.08886791,127.0318013,0.036473458
82880,37.08939387,127.0380777,0.037207544
82940,37.09021455,127.0435069,0.037396986
83000,37.09108691,127.0452331,0.037021614
83060,37.09109489,127.0452187,0.036988165
83120,37.0910942,127.0452192,0.037084371
83180,37.09147599,127.0448448,0.037303371
83240,37.09108183,127.0342607,0.067999497
83300,37.07903086,127.0007539,0.479018141
83360,37.05594405,127.0445537,0.968881418
83420,37.04977953,127.1218421,1.460328358
83480,37.04371454,127.2051564,1.794852212
83540,37.03798475,127.2919992,2.088414885
83600,37.03399109,127.3828652,2.166222851
83660,37.05621415,127.4602803,2.332207352
83720,37.09832462,127.5177988,2.776116982
83780,37.14041531,127.5728523,3.312088312
83840,37.18611729,127.5933506,3.793408078
83900,37.23177422,127.596007,4.212224571
83960,37.26869386,127.5830002,4.568364791
84020,37.28282685,127.5442578,4.855110274
84080,37.29722827,127.5017699,5.118896836
84140,37.31499167,127.4579493,5.389367832
84200,37.3322945,127.4123227,5.644416927
84260,37.35060999,127.3650764,5.852352302
84320,37.37031631,127.3166628,6.022890519
84380,37.39176351,127.2616106,6.037032891
84440,37.41481362,127.2016671,6.042817414
84500,37.4387572,127.1489548,6.309192284
84560,37.48567203,127.1357297,6.450092741
84620,37.53937475,127.1637328,6.588595631
84680,37.5276589,127.225479,6.927704812
84740,37.4726105,127.2382256,7.158797903
84800,37.41498716,127.2429153,7.308871777
84860,37.35879435,127.2724856,7.50286376
84920,37.30265987,127.3102274,7.610574454
84980,37.2724692,127.2886157,7.758155272
85040,37.3044591,127.2408544,7.913660099
85100,37.33445459,127.1918248,8.072990807
85160,37.35155912,127.1361408,8.216133621
85220,37.36824792,127.0804972,8.343909708
85280,37.38576653,127.0236635,8.454703141
85340,37.40294636,126.9641845,8.508082466
85400,37.41366323,126.8978537,8.519810927
85460,37.41303251,126.8261071,8.523772653
85520,37.41208259,126.7516993,8.514313356
85580,37.41198478,126.6758164,8.504116964
85640,37.41236701,126.5997109,8.501312366
85700,37.41198489,126.5235002,8.499164944
85760,37.41141052,126.4473976,8.506476927
85820,37.41141527,126.3718112,8.504952603
85880,37.41092559,126.2966639,8.502076125
85940,37.40992722,126.2220464,8.499854621
86000,37.4091235,126.147918,8.502884994
86060,37.40829276,126.0741341,8.50334207
86120,37.40724582,126.0004099,8.507918981
86180,37.40619888,125.9269711,8.504453567
86240,37.4051124,125.8538121,8.507084273
86300,37.40427921,125.7809919,8.507514776
86360,37.40372863,125.7085694,8.50673345
86420,37.40306816,125.637133,8.50147268
86480,37.40200294,125.5673437,8.505148272
86540,37.40054432,125.4987356,8.508554693
86600,37.3993962,125.4310027,8.508979822
86660,37.39872621,125.3643789,8.511016251
86720,37.39771186,125.2984563,8.507710518
86780,37.39667361,125.233508,8.509483962
86840,37.3957082,125.169215,8.509383486
86900,37.39477874,125.1055058,8.512106782
86960,37.39375903,125.0421612,8.513250683
87020,37.39245922,124.9789748,8.516804293
87080,37.39103722,124.9164011,8.514416032
87140,37.38936988,124.8548808,8.511637158
87200,37.37012911,124.7972299,8.511861673
87260,37.34282736,124.7419387,8.517376148
87320,37.31557074,124.6868484,8.517214358
87380,37.28911954,124.6320112,8.529867133
87440,37.26277298,124.5776022,8.53056117
87500,37.23623865,124.5235994,8.533418366
87560,37.2091611,124.46985,8.535271135
87620,37.18383137,124.4159486,8.537204583
87680,37.17873483,124.3594096,8.537616497
87740,37.15022192,124.3122674,8.550793554
87800,37.08465465,124.3007754,8.55063573
87860,37.01474002,124.294601,8.547421756
87920,36.9443458,124.2895591,8.560765105
87980,36.87240327,124.2890626,8.562890963
88040,36.80021253,124.287453,8.56771699
88100,36.72760226,124.28646,8.581832333
88160,36.65500064,124.2859263,8.578108957
88220,36.58247419,124.2843552,8.584164361
88280,36.50957109,124.2834848,8.590887951
88340,36.43588138,124.2837696,8.583100701
88400,36.36165679,124.2841507,8.594852651
88460,36.28719199,124.2842294,8.60820062
88520,36.21241019,124.284761,8.611770126
88580,36.13801048,124.2851428,8.616373361
88640,36.064366,124.2851847,8.62470206
88700,35.99103501,124.2850816,8.631039071
88760,35.91769156,124.2850351,8.633829113
88820,35.8443825,124.2856929,8.647115313
88880,35.77114992,124.2860042,8.647834396
88940,35.69772076,124.2871674,8.646281872
89000,35.62426457,124.2905745,8.651389646
89060,35.55229865,124.2918504,8.656062556
89120,35.48116449,124.2917667,8.651865819
89180,35.4099714,124.2913368,8.657713755
89240,35.34012312,124.2876756,8.660319469
89300,35.27004419,124.2847394,8.669419347
89360,35.19975928,124.2828685,8.676840918
89420,35.12867674,124.2829237,8.68408644
89480,35.05741989,124.2829655,8.684906241
89540,34.98629811,124.2831234,8.696173316
89600,34.91504695,124.2849047,8.693432489
89660,34.8444113,124.2857827,8.693743365
89720,34.77422697,124.2861099,8.702506045
89780,34.70470385,124.284952,8.710659791
89840,34.63489239,124.2837531,8.721773873
89900,34.56424944,124.283323,8.729884192
89960,34.49259432,124.2829751,8.726724399
90020,34.42037823,124.2830586,8.732129169
90080,34.34809608,124.2832508,8.738442919
90140,34.27630748,124.2827771,8.74070523
90200,34.20449676,124.2835021,8.753921802
90260,34.13346012,124.2837383,8.753497999
90320,34.06334135,124.2829378,8.764245262
90380,33.99318835,124.2827839,8.77010969
90440,33.92311292,124.2831679,8.768595877
90500,33.85362419,124.2832128,8.775701726
90560,33.784254,124.2830963,8.780021951
90620,33.71504683,124.2825407,8.778655358
90680,33.64539259,124.2827094,8.789287913
90740,33.57592033,124.2825364,8.791996256
90800,33.50665062,124.2822355,8.797401527
90860,33.43760716,124.2826602,8.809918965
90920,33.36839265,124.2833506,8.813369219
90980,33.29984143,124.2827381,8.820950038
91040,33.23064462,124.281965,8.818960282
91100,33.16145554,124.2809035,8.821552035
91160,33.09120385,124.2849365,8.825147891
91220,33.02725932,124.3383553,8.839013633
91280,33.00139513,124.4374139,8.807611284
91340,33.00177659,124.5432748,8.824172351
91400,33.00197491,124.6494263,8.818655198
91460,33.00180909,124.755875,8.825742459
91520,33.00299587,124.862441,8.819884046
91580,33.00414925,124.9693076,8.832647234
91640,33.00570841,125.0764693,8.824737362
91700,33.00678173,125.1842213,8.816356618
91760,33.00795238,125.2920268,8.831116699
91820,33.00729708,125.400241,8.834466812
91880,33.00666531,125.5088119,8.829767477
91940,33.0060137,125.6180231,8.821428974
92000,33.00586959,125.7271296,8.819711001
92060,33.00548491,125.8361312,8.819647962
92120,33.00593522,125.9451821,8.81881051
92180,33.0064549,126.0544073,8.818377186
92240,33.00561652,126.1642242,8.819003031
92300,33.00525265,126.2740764,8.822370057
92360,33.00609907,126.3837211,8.813664444
92420,33.0395358,126.4670465,8.804448334
92480,33.09768663,126.4998822,8.806103613
92540,33.15649231,126.5256957,8.798339647
92600,33.21506552,126.5509117,8.802194507
92660,33.27408907,126.5766874,8.813057109
92720,33.33414131,126.6022557,8.818915544
92780,33.39614791,126.6294989,8.797331952
92840,33.45904143,126.6576548,8.78081794
92900,33.52110535,126.6842302,8.776267614
92960,33.58039497,126.6991453,8.767292664
93020,33.63700033,126.705949,8.769226356
93080,33.69331917,126.7122399,8.761901442
93140,33.7498058,126.7186018,8.753912459
93200,33.80613526,126.7247016,8.750526121
93260,33.86225253,126.7303265,8.743980908
93320,33.91811803,126.7369144,8.752749517
93380,33.9734302,126.7424942,8.746217194
93440,34.02840049,126.7482392,8.739017596
93500,34.08293861,126.7538334,8.734843965
93560,34.13713957,126.7596691,8.722486123
93620,34.1910786,126.7659852,8.718206125
93680,34.24379516,126.7703825,8.716639215
93740,34.29703915,126.7764034,8.724241113
93800,34.35020157,126.7820103,8.715528819
93860,34.40459735,126.7883415,8.719463946
93920,34.45922925,126.794243,8.70969126
93980,34.51415631,126.7999325,8.697389132
94040,34.56814455,126.8055391,8.683483572
94100,34.62100848,126.8100571,8.676715917
94160,34.67333446,126.8148585,8.673216679
94220,34.72603888,126.8207912,8.665134523
94280,34.77830832,126.827133,8.661606538
94340,34.82948337,126.8330978,8.647197321
94400,34.87993926,126.8389564,8.651553404
94460,34.92973687,126.8438555,8.642049965
94520,34.9796521,126.8499737,8.642345793
94580,35.02954433,126.8553267,8.634020695
94640,35.07952681,126.8606648,8.649337227
94700,35.13011514,126.8655873,8.653651477
94760,35.18339494,126.8710671,8.65465902
94820,35.23817639,126.8761561,8.644974495
94880,35.29424668,126.8825551,8.624506343
94940,35.35047333,126.8890236,8.632667334
95000,35.40715813,126.8956031,8.643643533
95060,35.46400354,126.9021997,8.624002553
95120,35.52019723,126.9094929,8.609190288
95180,35.5751802,126.9154456,8.600463758
95240,35.62918234,126.9217243,8.599320224
95300,35.68263855,126.9279305,8.605050348
95360,35.73615912,126.9343228,8.600261581
95420,35.78916826,126.9392682,8.589545712
95480,35.842272,126.9451306,8.597094689
95540,35.89540054,126.949271,8.585965017
95600,35.94924717,126.9544189,8.598742128
95660,36.00340219,126.9598826,8.600258175
95720,36.05894812,126.9659989,8.579129612
95780,36.11480809,126.9725108,8.560717901
95840,36.17032179,126.9789974,8.561804674
95900,36.22568881,126.9857018,8.571030898
95960,36.28123989,126.9928283,8.570238087
96020,36.33747974,126.9993759,8.574172343
96080,36.39415838,127.003494,8.577756694
96140,36.44999673,127.0019319,8.573069897
96200,36.50577912,126.9994942,8.563771603
96260,36.56081423,126.9969673,8.565106161
96320,36.61547496,126.9949165,8.553770461
96380,36.66996748,126.9931017,8.543809035
96440,36.72411007,126.9914128,8.538713476
96500,36.77963085,126.996223,8.53973596
96560,36.83575837,127.0019524,8.535586108
96620,36.893438,127.0085182,8.537366878
96680,36.95263692,127.0149088,8.533506705
96740,37.01239375,127.0216854,8.526355561
96800,37.07208547,127.0289241,8.526466331
96860,37.13266122,127.0395917,8.540467191
96920,37.1947499,127.0537388,8.529374441
96980,37.25751,127.0671217,8.527337734
97040,37.32146969,127.0817328,8.528209008
97100,37.38601313,127.0973129,8.522367697
97160,37.45041095,127.1130635,8.510880799
97220,37.51326677,127.140855,8.523581053
97280,37.53214346,127.1992945,8.529975027
97340,37.47311919,127.2225135,8.52353768
97400,37.40682406,127.2368462,8.525674961
97460,37.34614003,127.2792598,8.525711192
97520,37.28573168,127.3264468,8.51762883
97580,37.22598301,127.3604201,8.534441527
97640,37.20277881,127.4371247,8.051963635
97700,37.20852574,127.5400787,7.142432319
97760,37.2151844,127.6421184,6.507637275
97820,37.22071863,127.7332707,6.249915438
97880,37.2292015,127.8206336,5.951535054
97940,37.26606117,127.8864953,5.520535462
98000,37.31199677,127.9390777,4.638429069
98060,37.35831066,127.9511366,3.388564127
98120,37.36951839,127.9130721,2.635030913
98180,37.3684045,127.8622384,2.195795784
98240,37.36670016,127.8176817,1.870942773
98300,37.36700484,127.7723331,1.860033406
98360,37.36714177,127.7245957,1.847293499
98420,37.36417399,127.676584,1.843657444
98480,37.33811423,127.6419668,1.849163667
98540,37.30582485,127.6138629,1.84842898
98600,37.27402287,127.5868813,1.838674366
98660,37.24343016,127.5584421,1.492380354
98720,37.21880558,127.5237851,1.161359482
98780,37.19419139,127.4875662,1.010539166
98840,37.17128225,127.4517631,0.972719745
98900,37.1478112,127.4165056,0.979703054
98960,37.12518969,127.3813902,0.971224195
99020,37.11571307,127.3429962,0.963114933
99080,37.11290739,127.300158,0.980363499
99140,37.10867997,127.2575172,0.9900293
99200,37.10539225,127.2234666,0.908228736
99260,37.10255174,127.1888147,0.766810045
99320,37.10011486,127.1539636,0.594531193
99380,37.09773174,127.1184933,0.392494398
99440,37.09498494,127.0816235,0.222661096
99500,37.09218405,127.0482474,0.059038572
99560,37.09087887,127.0327607,0.029977579
99620,37.08900338,127.0297342,0.029056436
99680,37.08779719,127.0293639,0.029205948
99740,37.08777992,127.0293583,0.029097488
99800,37.08778064,127.0293582,0.029241777
99860,37.08778023,127.0293582,0.029154992
