src/Components/missions/KORUS-AQ/Tracks/KORUSAQ-DC8TRK_MODEL_20160524_RA.ICT
35,1001
Project Office
NSERC - National Suborbital Education and Research Center
DC-8 (N817NA) Data Acquisition and Distribution
KORUS-AQ 2016
1,1
2016,05,24,2016,05,29
1
UTC_mid,seconds, mid time UTC from midnight of the starting data collecting day 
3
1,1,1
-9999,-9999,-9999
Lat_60s, degN, 60 second average of IWG1 latitude
Lon_60s, degE, 60 second average of IWG1 longitude
AltP_60s, km, 60 second average of IWG1 pressure altitude
1
Data from IWG1 file posted on: http://asp-archive.arc.nasa.gov
17
PI_CONTACT_INFO: Melissa Yang melissa.yang@nasa.gov
Platform: DC-8 N817NA
LOCATION: Included in data records
ASSOCIATED_DATA: N/A
INSTRUMENT_INFO:http://www.nserc.und.edu/PDFs/ExperimenterHandbook.pdf
DATA_INFO: data averaged into 60s intervals
UNCERTAINTY: Reference DC-8 Experimenter Handbook located at https://airbornescience.nasa.gov/sites/default/files/DC8_Experimenter_Handbook_Jan2011v2.pdf
ULOD_FLAG: -7777
ULOD_VALUE: N/A
LLOD_FLAG: -8888
LLOD_VALUE: N/A;
DM_CONTACT_INFO: Gao Chen 
PROJECT_INFO: N/A
STIPULATIONS_ON_USE: N/A
OTHER_COMMENTS: N/A
REVISION: RA
UTC_mid,Lat_60s,Lon_60s,AltP_60s
[from data line 389]
106109.5,106110,33.8559,126.9832,1.168395
106169.5,106170,33.91459,126.9445,1.383426
106229.5,106230,33.97441,126.9041,1.383116
106289.5,106290,34.03533,126.8649,1.647916
106349.5,106350,34.10044,126.8208,2.484892
106409.5,106410,34.16344,126.7784,3.212058
106469.5,106470,34.23638,126.7307,3.43092
106529.5,106530,34.32813,126.7214,3.742548
106589.5,106590,34.41898,126.7329,3.820546
106649.5,106650,34.49653,126.743,3.81443
106709.5,106710,34.57267,126.7515,3.814684
106769.5,106770,34.65223,126.7601,3.818819
106829.5,106830,34.73052,126.7688,3.818047
106889.5,106890,34.8067,126.7769,3.816944
106949.5,106950,34.88164,126.7851,3.817081
107009.5,107010,34.95572,126.7933,3.81668
107069.5,107070,35.02952,126.8014,3.817401
107129.5,107130,35.10392,126.8096,3.818057
107189.5,107190,35.17892,126.8179,3.816645
107249.5,107250,35.25452,126.826,3.816873
107309.5,107310,35.33064,126.8344,3.816629
107369.5,107370,35.40704,126.8427,3.816822
107429.5,107430,35.48372,126.8512,3.816838
107489.5,107490,35.56117,126.8582,3.751052
107549.5,107550,35.63891,126.8658,3.529574
107609.5,107610,35.71285,126.874,3.380074
107669.5,107670,35.78791,126.8823,3.383249
107729.5,107730,35.86367,126.8904,3.383844
107789.5,107790,35.93872,126.8987,3.383376
107849.5,107850,36.01434,126.9069,3.383463
107909.5,107910,36.0906,126.9155,3.384276
107969.5,107970,36.16772,126.9239,3.383224
108029.5,108030,36.24589,126.9328,3.38327
108089.5,108090,36.32484,126.9416,3.384438
108149.5,108150,36.40437,126.9506,3.383722
108209.5,108210,36.48281,126.9597,3.385749
108269.5,108270,36.55686,126.9682,3.382238
108329.5,108330,36.63079,126.9764,3.190509
108389.5,108390,36.70407,126.9902,2.781813
108449.5,108450,36.77147,127.028,2.367239
108509.5,108510,36.83734,127.0631,2.159737
108569.5,108570,36.90003,127.0998,2.155683
108629.5,108630,36.96557,127.1357,2.162622
108689.5,108690,37.03309,127.1706,2.158868
108749.5,108750,37.09628,127.2067,2.171365
108809.5,108810,37.15684,127.2457,2.166655
108869.5,108870,37.22053,127.2842,2.167605
108929.5,108930,37.28738,127.3176,2.143389
108989.5,108990,37.34857,127.36,1.88916
109049.5,109050,37.40225,127.41,1.860037
109109.5,109110,37.4642,127.4104,1.862988
109169.5,109170,37.51658,127.3849,1.864421
109229.5,109230,37.5626,127.3456,1.871411
109289.5,109290,37.61109,127.3189,1.862018
109349.5,109350,37.66399,127.3027,1.868805
109409.5,109410,37.69827,127.2538,1.666301
109469.5,109470,37.69663,127.1828,1.355567
109529.5,109530,37.6471,127.1517,1.121115
109589.5,109590,37.58957,127.139,0.830214
109649.5,109650,37.54243,127.1304,0.584424
109709.5,109710,37.50083,127.1229,0.341366
109769.5,109770,37.45908,127.1154,0.149982
109829.5,109830,37.41407,127.1199,0.476326
109889.5,109890,37.38475,127.1825,0.692709
109949.5,109950,37.34766,127.2502,0.732699
110009.5,110010,37.30602,127.315,0.675259
110069.5,110070,37.27566,127.388,0.697352
110129.5,110130,37.28222,127.4766,0.488488
110189.5,110190,37.28245,127.5638,0.653862
110249.5,110250,37.29105,127.6435,1.105555
110309.5,110310,37.34622,127.6675,1.567586
110369.5,110370,37.39642,127.6372,2.042378
110429.5,110430,37.40167,127.5567,2.507508
110489.5,110490,37.38825,127.4793,2.970525
110549.5,110550,37.32382,127.4632,3.426572
110609.5,110610,37.27772,127.5232,3.905712
110669.5,110670,37.28469,127.6208,4.383522
110729.5,110730,37.33941,127.6661,4.845263
110789.5,110790,37.3962,127.6361,5.302905
110849.5,110850,37.40275,127.5448,5.768807
110909.5,110910,37.36527,127.4688,6.239825
110969.5,110970,37.2904,127.4987,6.710939
111029.5,111030,37.2804,127.6029,7.159559
111089.5,111090,37.33653,127.6639,7.31617
111149.5,111150,37.39462,127.6216,7.129729
111209.5,111210,37.36978,127.5154,5.835574
111269.5,111270,37.31501,127.4003,4.752015
111329.5,111330,37.22173,127.3887,3.926997
111389.5,111390,37.20379,127.4991,3.358103
111449.5,111450,37.25919,127.5577,3.122996
111509.5,111510,37.28555,127.4915,2.762499
111569.5,111570,37.26191,127.4035,2.362134
111629.5,111630,37.2205,127.3265,1.973072
111689.5,111690,37.15693,127.3036,1.789384
111749.5,111750,37.1109,127.2673,1.37255
111809.5,111810,37.10288,127.1992,0.871885
111869.5,111870,37.10055,127.1451,0.544464
111929.5,111930,37.09797,127.0958,0.321503
111989.5,111990,37.0941,127.0476,0.094386
