src/Components/missions/KORUS-AQ/Tracks/KORUSAQ-HANSEOTRK_MODEL_20160502_RA.ICT
35,1001
Hanseo King Air HL5200 Navigation System
NIER
Hanseo King Air HL5200
KORUS-AQ 2016
1,1
2016,05,02,2016,05,03
1
UTC_mid,seconds, mid time UTC from midnight of the starting data collecting day 
3
1,1,1
-9999,-9999,-9999
Lat, degN, 60 second average of latitude
Lon, degE, 60 second average of longitude
AltGPS, km, 60 second average of GPS altitude
1
Data from GeoTASO instrument
17
PI_CONTACT_INFO: Jinsoo Park
Platform: Hanseo King Air HL 5200
LOCATION: Included in data records
ASSOCIATED_DATA: N/A
INSTRUMENT_INFO:Garmin GPS
DATA_INFO: data averaged into 60s intervals
UNCERTAINTY: TBD
ULOD_FLAG: -7777
ULOD_VALUE: N/A
LLOD_FLAG: -8888
LLOD_VALUE: N/A;
DM_CONTACT_INFO: Gao Chen 
PROJECT_INFO: N/A
STIPULATIONS_ON_USE: N/A
OTHER_COMMENTS: N/A
REVISION: RA
UTC_mid,Lat,Lon,AltGPS
16970,37.08792,127.0292,0.031778
17030,37.08793,127.0292,0.032495
17090,37.0879,127.0292,0.032267
17150,37.08789,127.0293,0.032209
17210,37.08856,127.0302,0.033756
17270,37.08902,127.0332,0.03442
17330,37.08974,127.037,0.034903
17390,37.09051,127.0374,0.034694
17450,37.09051,127.0374,0.034823
17510,37.09051,127.0374,0.035101
17570,37.09051,127.0374,0.03462
17630,37.09075,127.0373,0.033445
17690,37.09128,127.037,0.035563
17750,37.09118,127.0357,0.036183
17810,37.08812,127.0071,0.21769
17870,37.0827,126.9624,0.677239
17930,37.05621,126.9712,1.184776
17990,37.07694,127.0233,1.689741
18050,37.1087,127.064,1.932073
18110,37.14238,127.1093,2.162108
18170,37.17966,127.1619,2.186973
18230,37.21971,127.2177,2.284123
18290,37.25881,127.2667,2.755598
18350,37.29882,127.2749,3.203196
18410,37.31684,127.2377,3.609129
18470,37.33048,127.194,4.000719
18530,37.34467,127.1506,4.431365
18590,37.35775,127.1086,4.852547
18650,37.37108,127.0652,5.181022
18710,37.38471,127.0211,5.483947
18770,37.39852,126.9785,5.724471
18830,37.41039,126.936,6.023538
18890,37.41246,126.8927,6.281337
18950,37.41222,126.8492,6.628046
19010,37.41249,126.8087,6.912211
19070,37.41294,126.7652,7.122203
19130,37.4131,126.7191,7.330578
19190,37.41253,126.6745,7.567503
19250,37.41205,126.6311,7.757576
19310,37.41177,126.5884,7.919264
19370,37.41176,126.5439,8.073359
19430,37.41137,126.501,8.267115
19490,37.41151,126.4605,8.429501
19550,37.41096,126.4207,8.525398
19610,37.4106,126.3787,8.561076
19670,37.41028,126.3319,8.56034
19730,37.41042,126.2828,8.562617
19790,37.41013,126.2336,8.574784
19850,37.40942,126.1836,8.577601
19910,37.40864,126.1314,8.56072
19970,37.40758,126.0789,8.563906
20030,37.4075,126.0275,8.563608
20090,37.40727,125.9767,8.575087
20150,37.40655,125.9264,8.575182
20210,37.40567,125.8766,8.577599
20270,37.4056,125.8276,8.565087
20330,37.40547,125.7789,8.568876
20390,37.40521,125.7301,8.578827
20450,37.40477,125.6812,8.587408
20510,37.40344,125.6326,8.581783
20570,37.40286,125.5846,8.586293
20630,37.40197,125.5368,8.579
20690,37.40144,125.4887,8.561751
20750,37.40127,125.441,8.579489
20810,37.40051,125.3927,8.595628
20870,37.39977,125.3437,8.582933
20930,37.39946,125.2951,8.581809
20990,37.39787,125.2468,8.588177
21050,37.39678,125.1981,8.591919
21110,37.39595,125.1503,8.590087
21170,37.39596,125.1031,8.587798
21230,37.39478,125.0556,8.612631
21290,37.39372,125.0074,8.607221
21350,37.39316,124.959,8.608081
21410,37.39247,124.911,8.603791
21470,37.39079,124.8632,8.61487
21530,37.38001,124.8162,8.608065
21590,37.35746,124.7692,8.615301
21650,37.33411,124.7222,8.630311
21710,37.31045,124.6746,8.630218
21770,37.28627,124.6266,8.639477
21830,37.26237,124.578,8.625141
21890,37.23873,124.5305,8.644544
21950,37.21542,124.4835,8.640813
22010,37.19196,124.4372,8.654222
22070,37.18182,124.3923,8.66609
22130,37.17029,124.3499,8.655035
22190,37.11431,124.3245,8.655909
22250,37.0508,124.305,8.65244
22310,36.98377,124.2919,8.672906
22370,36.91374,124.2853,8.673809
22430,36.84145,124.2844,8.687245
22490,36.76854,124.2837,8.690711
22550,36.69429,124.2831,8.704081
22610,36.61924,124.2824,8.689692
22670,36.54363,124.2826,8.703261
22730,36.46876,124.2829,8.701584
22790,36.39534,124.2826,8.700927
22850,36.32229,124.2826,8.704957
22910,36.24956,124.2829,8.708088
22970,36.17706,124.2839,8.712517
23030,36.1051,124.2832,8.718391
23090,36.03305,124.2834,8.734738
23150,35.9612,124.2827,8.725107
23210,35.88969,124.2824,8.736736
23270,35.81831,124.2817,8.737578
23330,35.74694,124.2813,8.742251
23390,35.67547,124.2828,8.750045
23450,35.60411,124.2831,8.747424
23510,35.53328,124.2818,8.745401
23570,35.4623,124.2801,8.753202
23630,35.39191,124.2797,8.77762
23690,35.32193,124.278,8.776067
23750,35.25185,124.2768,8.768902
23810,35.18156,124.2763,8.780749
23870,35.11129,124.2761,8.789744
23930,35.04019,124.2755,8.778329
23990,34.96937,124.275,8.785855
24050,34.89816,124.275,8.796056
24110,34.82639,124.275,8.791362
24170,34.75415,124.2749,8.799989
24230,34.68139,124.2774,8.801469
24290,34.60897,124.2783,8.802955
24350,34.53639,124.28,8.794661
24410,34.4649,124.2799,8.820891
24470,34.39352,124.2802,8.824963
24530,34.32254,124.2805,8.830027
24590,34.25179,124.2798,8.814285
24650,34.18058,124.2802,8.823619
24710,34.11028,124.2798,8.82291
24770,34.04046,124.2797,8.833584
24830,33.97087,124.2796,8.831772
24890,33.90166,124.28,8.842637
24950,33.83245,124.2811,8.844276
25010,33.76346,124.2815,8.846659
25070,33.69456,124.2814,8.847405
25130,33.62578,124.2813,8.856739
25190,33.55713,124.2807,8.848241
25250,33.48858,124.2809,8.851037
25310,33.42033,124.2815,8.853294
25370,33.35227,124.2828,8.862868
25430,33.2846,124.2828,8.865994
25490,33.21665,124.2832,8.863452
25550,33.14861,124.2832,8.865056
25610,33.08059,124.2875,8.860036
25670,33.02627,124.3446,8.86041
25730,33.00664,124.4408,8.856453
25790,33.00272,124.5398,8.86291
25850,33.00375,124.639,8.861084
25910,33.00453,124.7384,8.859334
25970,33.00479,124.8384,8.859696
26030,33.00443,124.9385,8.857848
26090,33.00544,125.0389,8.858751
26150,33.00582,125.1395,8.860402
26210,33.00498,125.2403,8.860782
26270,33.00504,125.3414,8.861201
26330,33.00606,125.4422,8.862958
26390,33.00691,125.5431,8.862159
26450,33.00678,125.6438,8.863123
26510,33.00637,125.7445,8.855292
26570,33.00692,125.845,8.856223
26630,33.00648,125.9457,8.853725
26690,33.00558,126.0465,8.857519
26750,33.00552,126.1475,8.853102
26810,33.00437,126.2489,8.849858
26870,33.00386,126.3503,8.859055
26930,33.02128,126.443,8.861407
26990,33.07564,126.4895,8.858498
27050,33.13644,126.5165,8.860393
27110,33.19667,126.5434,8.863994
27170,33.25659,126.5704,8.86198
27230,33.31718,126.5973,8.869087
27290,33.37963,126.6232,8.864332
27350,33.44267,126.6502,8.856507
27410,33.50497,126.6764,8.84101
27470,33.56567,126.699,8.82652
27530,33.62307,126.706,8.818523
27590,33.67935,126.7123,8.82881
27650,33.73529,126.7185,8.821118
27710,33.79071,126.7238,8.819033
27770,33.84672,126.7295,8.803207
27830,33.90206,126.7347,8.812939
27890,33.95673,126.7406,8.814998
27950,34.01151,126.7464,8.82037
28010,34.06685,126.7528,8.807688
28070,34.12193,126.7582,8.798475
28130,34.17726,126.7641,8.799727
28190,34.2326,126.7696,8.78919
28250,34.28839,126.7755,8.790959
28310,34.34389,126.7815,8.785008
28370,34.39924,126.7875,8.781439
28430,34.45479,126.7943,8.781773
28490,34.51027,126.7996,8.774347
28550,34.56668,126.806,8.780805
28610,34.62216,126.8112,8.77574
28670,34.67739,126.8163,8.770512
28730,34.73293,126.8225,8.766895
28790,34.78775,126.828,8.763389
28850,34.84226,126.8339,8.754247
28910,34.89608,126.8401,8.752176
28970,34.94865,126.8459,8.750621
29030,35.00008,126.8515,8.74933
29090,35.0506,126.8568,8.740708
29150,35.10082,126.8621,8.738885
29210,35.15148,126.8676,8.742367
29270,35.20239,126.8724,8.740432
29330,35.25383,126.8787,8.734576
29390,35.30514,126.8849,8.725448
29450,35.35648,126.891,8.723355
29510,35.40795,126.897,8.717319
29570,35.45899,126.9029,8.717682
29630,35.50868,126.9079,8.716531
29690,35.55798,126.9145,8.706653
29750,35.60682,126.9202,8.702681
29810,35.65436,126.9251,8.738846
29870,35.70192,126.9304,8.715405
29930,35.75126,126.9359,8.694571
29990,35.80003,126.941,8.696723
30050,35.84833,126.9457,8.692428
30110,35.89672,126.9497,8.686916
30170,35.94586,126.9551,8.681314
30230,35.99429,126.9601,8.681062
30290,36.04246,126.9651,8.677877
30350,36.09035,126.9701,8.676763
30410,36.13785,126.9755,8.669725
30470,36.18488,126.9809,8.66209
30530,36.23115,126.9866,8.665276
30590,36.27692,126.9916,8.662129
30650,36.32369,126.9975,8.661692
30710,36.37228,127.0028,8.652476
30770,36.41994,127.0035,8.682335
30830,36.46638,127.0011,8.65994
30890,36.51284,126.9994,8.652165
30950,36.55866,126.9983,8.645477
31010,36.60391,126.9972,8.639735
31070,36.64855,126.9959,8.63398
31130,36.69197,126.9938,8.62029
31190,36.73396,126.9924,8.609948
31250,36.77656,126.9965,8.611965
31310,36.8187,127.0015,8.612572
31370,36.86044,127.0061,8.613931
31430,36.90253,127.0111,8.626512
31490,36.9459,127.0157,8.619416
31550,36.99409,127.0201,8.443086
31610,37.05004,127.0271,8.213531
31670,37.10842,127.0532,8.01246
31730,37.16265,127.1201,7.830149
31790,37.21425,127.1871,7.652181
31850,37.26496,127.2525,7.425993
31910,37.31194,127.3186,7.187939
31970,37.32439,127.4129,6.925541
32030,37.32066,127.5106,6.58931
32090,37.33351,127.587,6.280483
32150,37.37358,127.6101,5.929976
32210,37.4203,127.6243,5.249253
32270,37.46562,127.6235,4.588899
32330,37.46455,127.5767,3.922658
32390,37.45062,127.5277,3.00226
32450,37.43581,127.4848,2.422104
32510,37.39516,127.462,1.996377
32570,37.3485,127.4544,1.874967
32630,37.30022,127.4662,1.876123
32690,37.27536,127.4578,1.879485
