src/Components/missions/KORUS-AQ/Tracks/KORUSAQ-B200TRK_MODEL_20160604_RA.ICT
35,1001
GeoTASO Team
NASA GSFC
B-200 (N817NA) GeoTASO
KORUS-AQ 2016
1,1
2016,06,04,2016,06,07
1
UTC_mid,seconds, mid time UTC from midnight of the starting data collecting day 
3
1,1,1
-9999,-9999,-9999
Lat, degN, 60 second average of latitude
Lon, degE, 60 second average of longitude
AltGPS, km, 60 second average of GPS altitude
1
Data from GeoTASO instrument
17
PI_CONTACT_INFO: Scott Janz
Platform: B-200 King Air
LOCATION: Included in data records
ASSOCIATED_DATA: N/A
INSTRUMENT_INFO:http://www.nserc.und.edu/PDFs/ExperimenterHandbook.pdf
DATA_INFO: data averaged into 60s intervals
UNCERTAINTY: Reference DC-8 Experimenter Handbook located at https://airbornescience.nasa.gov/sites/default/files/DC8_Experimenter_Handbook_Jan2011v2.pdf
ULOD_FLAG: -7777
ULOD_VALUE: N/A
LLOD_FLAG: -8888
LLOD_VALUE: N/A;
DM_CONTACT_INFO: Gao Chen 
PROJECT_INFO: N/A
STIPULATIONS_ON_USE: N/A
OTHER_COMMENTS: N/A
REVISION: RA
UTC_mid,Lat,Lon,AltGPS
79260,37.08789166,127.0292444,0.037266157
79320,37.08789405,127.0292457,0.036670237
79380,37.08789358,127.0292464,0.036293884
79440,37.08789498,127.0292441,0.036421375
79500,37.08789566,127.0292415,0.036227605
79560,37.08790382,127.0292453,0.036173039
79620,37.08790445,127.0292455,0.036272469
79680,37.08790593,127.0292448,0.036803517
79740,37.08791827,127.0292464,0.036274274
79800,37.08793795,127.0292457,0.035952095
79860,37.0879223,127.0292452,0.036280061
79920,37.08791326,127.0292463,0.036317085
79980,37.08791354,127.0292472,0.03667094
80040,37.08790799,127.029284,0.036930291
80100,37.08863467,127.0306794,0.037813512
80160,37.08915496,127.0350413,0.038596651
80220,37.08953164,127.0396421,0.039125335
80280,37.09038748,127.0437498,0.039359134
80340,37.09171929,127.0427746,0.039490219
80400,37.08860334,127.0088377,0.24940567
80460,37.07175091,126.9684112,0.777544977
80520,37.05005202,126.9930857,1.289237651
80580,37.07379082,127.0336183,1.725448926
80640,37.09001012,127.0846719,2.137120544
80700,37.10261698,127.1406794,2.28737547
80760,37.11205566,127.1976996,2.6123698
80820,37.14629786,127.2340718,3.126053603
80880,37.19120057,127.261319,3.586441166
80940,37.23769743,127.2906662,3.990150839
81000,37.28360748,127.319193,4.456121945
81060,37.32626161,127.3532455,4.833920218
81120,37.36920479,127.388261,5.186146732
81180,37.41015495,127.4266139,5.49330658
81240,37.39391689,127.4706951,5.735088636
81300,37.35580877,127.4308336,6.005202172
81360,37.32802197,127.3705134,6.252208963
81420,37.3051146,127.3097147,6.526264338
81480,37.31556165,127.2627403,6.725505675
81540,37.36332087,127.2958064,6.9558264
81600,37.41228587,127.3296663,7.154735458
81660,37.46924038,127.3233108,7.27635205
81720,37.51085425,127.2847083,7.462879918
81780,37.5176924,127.220455,7.632034003
81840,37.51850135,127.1563749,7.760808871
81900,37.51805742,127.0930771,7.878738362
81960,37.5175567,127.0299996,7.998059255
82020,37.5180218,126.9673519,8.134628141
82080,37.51754698,126.9022762,8.237680566
82140,37.51742723,126.8372512,8.37589725
82200,37.51772615,126.7706451,8.459762533
82260,37.51826351,126.7032796,8.566302943
82320,37.51735819,126.6355537,8.673810984
82380,37.51716204,126.567154,8.765414471
82440,37.51252421,126.5024098,8.849699038
82500,37.46897616,126.5051779,8.868495243
82560,37.46175335,126.5871753,8.863061608
82620,37.46131608,126.6756617,8.862981494
82680,37.46058842,126.7642135,8.858973084
82740,37.46096217,126.8522404,8.861264604
82800,37.46123339,126.9398766,8.861870032
82860,37.4615324,127.0275763,8.859082762
82920,37.46239598,127.1155721,8.846591719
82980,37.46252876,127.2033117,8.848890918
83040,37.46228053,127.2906575,8.845860142
83100,37.46137526,127.3780729,8.845952925
83160,37.46099373,127.4657828,8.841092934
83220,37.46107362,127.5537878,8.849719282
83280,37.46213894,127.641163,8.857691071
83340,37.46035361,127.7290073,8.857681712
83400,37.43017992,127.7863649,8.854269381
83460,37.40294508,127.7424948,8.834451543
83520,37.40469152,127.674065,8.83877517
83580,37.40435563,127.6050541,8.836657448
83640,37.40577286,127.5355108,8.832635105
83700,37.40608264,127.4654725,8.832989815
83760,37.40601839,127.3953401,8.844223131
83820,37.4060615,127.3252047,8.855222699
83880,37.40580929,127.2550614,8.861027986
83940,37.40607679,127.1846423,8.873502813
84000,37.42162499,127.1183752,8.875412395
84060,37.45190456,127.0566558,8.863942066
84120,37.48305854,126.995303,8.858267349
84180,37.51467841,126.9336129,8.839911845
84240,37.54630419,126.8721567,8.868282484
84300,37.57648103,126.8105397,8.869572606
84360,37.60754666,126.7491977,8.864456642
84420,37.63183471,126.6864302,8.860185167
84480,37.59647476,126.6663003,8.838000042
84540,37.55760464,126.7326573,8.873971383
84600,37.52168025,126.8055276,8.864134755
84660,37.48509782,126.8787068,8.863339136
84720,37.44903243,126.9530043,8.873065942
84780,37.41202748,127.0266058,8.866789801
84840,37.37380897,127.0995225,8.863510034
84900,37.371335,127.1699463,8.87246661
84960,37.40283973,127.1454913,8.854801118
85020,37.40253837,127.0782559,8.868799082
85080,37.40260794,127.0103872,8.861460168
85140,37.40304285,126.9420222,8.868781121
85200,37.40270577,126.8740659,8.861588701
85260,37.40382382,126.8063822,8.866643206
85320,37.40379806,126.7386061,8.857232283
85380,37.40409894,126.6709711,8.869300927
85440,37.40270789,126.6039388,8.870213592
85500,37.3717862,126.5669902,8.861797544
85560,37.34714136,126.6369949,8.857937665
85620,37.34877545,126.7305543,8.865837615
85680,37.35013141,126.8245261,8.870839921
85740,37.34957149,126.9190201,8.860524451
85800,37.34941202,127.012899,8.86839041
85860,37.34804031,127.1060121,8.877065748
85920,37.34853789,127.1997645,8.858437433
85980,37.3489287,127.2935316,8.866338124
86040,37.34935599,127.3869025,8.868364597
86100,37.34951297,127.4797209,8.870446449
86160,37.34926988,127.572572,8.865664343
86220,37.34963388,127.6648246,8.868110819
86280,37.34814268,127.7564286,8.859608705
86340,37.31370012,127.7984415,8.855767666
86400,37.29759306,127.7410944,8.852420762
86460,37.29683802,127.6729574,8.859356404
86520,37.29570094,127.6052006,8.858600354
86580,37.29542827,127.5376815,8.862984894
86640,37.29540418,127.4702054,8.854014353
86700,37.29584636,127.4027991,8.851026182
86760,37.29664458,127.3354442,8.858366946
86820,37.2962369,127.2687149,8.873638951
86880,37.29713487,127.2017459,8.859020516
86940,37.29712986,127.1339233,8.861492485
87000,37.29634332,127.0667055,8.857961495
87060,37.29698329,126.9998228,8.853683224
87120,37.29717162,126.9337385,8.851931705
87180,37.29674848,126.8679937,8.841105183
87240,37.29624216,126.8020513,8.855353239
87300,37.2968696,126.7373831,8.867041177
87360,37.2959069,126.672773,8.858791891
87420,37.29472132,126.6075866,8.846046748
87480,37.28061106,126.5513353,8.85968976
87540,37.23919571,126.5768162,8.850772971
87600,37.23852385,126.671831,8.842172276
87660,37.23868645,126.7683405,8.870646892
87720,37.23770293,126.8647524,8.869923712
87780,37.23756503,126.9622147,8.864251791
87840,37.23976561,127.0584451,8.88719373
87900,37.26953659,127.13823,8.859240643
87960,37.3273365,127.188274,8.868845362
88020,37.38370782,127.2346762,8.879453619
88080,37.43987796,127.2785762,8.866957055
88140,37.4770155,127.2555324,8.853747013
88200,37.48220693,127.1907415,8.846812932
88260,37.48702506,127.1258219,8.852235438
88320,37.49147987,127.0615227,8.865520076
88380,37.49551207,126.9966628,8.852798215
88440,37.49761976,126.9321007,8.858942672
88500,37.50370002,126.8682144,8.857322101
88560,37.51290946,126.8038193,8.855597529
88620,37.51528515,126.7398033,8.862258096
88680,37.51412352,126.6738729,8.864185608
88740,37.51564987,126.6080576,8.856884762
88800,37.51702412,126.5407965,8.852092194
88860,37.4988534,126.4881152,8.871435531
88920,37.46575539,126.5390516,8.842434366
88980,37.46123137,126.6306185,8.872832013
89040,37.45963501,126.7225737,8.863246743
89100,37.45889444,126.815501,8.874047571
89160,37.45921456,126.9087238,8.848829026
89220,37.45791187,127.0019506,8.869112436
89280,37.45812772,127.0944047,8.867579501
89340,37.45851374,127.1868521,8.874842873
89400,37.45976423,127.2794433,8.857625621
89460,37.46138142,127.3722183,8.861520865
89520,37.46126336,127.4648143,8.86477059
89580,37.46017947,127.5571929,8.864271532
89640,37.45855884,127.6493128,8.861633268
89700,37.45622483,127.7408584,8.872221834
89760,37.4222459,127.7933993,8.865832391
89820,37.401969,127.7428056,8.856042564
89880,37.40454546,127.6751437,8.855344468
89940,37.40518011,127.6074187,8.859312974
90000,37.40564553,127.5397122,8.862532645
90060,37.40601701,127.4725128,8.870107918
90120,37.40670626,127.4056199,8.861057254
90180,37.40604703,127.338101,8.837749354
90240,37.405595,127.2708885,8.843628315
90300,37.40524645,127.2041174,8.85058384
90360,37.40654118,127.1380919,8.855737172
90420,37.42231812,127.0768919,8.851209562
90480,37.45141732,127.0201821,8.842150803
90540,37.48031935,126.9622041,8.842455224
90600,37.50982708,126.9043523,8.852549775
90660,37.5396182,126.8463959,8.846410144
90720,37.56970615,126.7877247,8.843183805
90780,37.59996973,126.7288146,8.846080166
90840,37.61130765,126.6753495,8.860953013
90900,37.57131295,126.7115744,8.883035113
90960,37.52596367,126.7763665,8.886714758
91020,37.47875065,126.8408057,8.888127373
91080,37.44071849,126.9184907,8.870659141
91140,37.40482092,126.9988694,8.886867697
91200,37.36554747,127.0763496,8.885194497
91260,37.34119438,127.1547169,8.884837243
91320,37.38082164,127.1649964,8.889292837
91380,37.4033305,127.1092807,8.852172197
91440,37.40523956,127.0449522,8.872222326
91500,37.40578964,126.9801395,8.85855509
91560,37.40608053,126.9149595,8.869857114
91620,37.40690875,126.8496454,8.860305968
91680,37.4074196,126.7844432,8.869453619
91740,37.40684005,126.7202793,8.868278352
91800,37.40680002,126.6563532,8.859394172
91860,37.40621264,126.5933481,8.867564064
91920,37.37408892,126.5836689,8.861451412
91980,37.3522776,126.6720001,8.85582472
92040,37.35299247,126.7713484,8.848829563
92100,37.35212402,126.8708204,8.864086363
92160,37.34933895,126.9697883,8.867758926
92220,37.34778986,127.06844,8.859928458
92280,37.34543135,127.1666858,8.860497043
92340,37.34834739,127.264095,8.872224606
92400,37.35116003,127.36082,8.877214317
92460,37.34863593,127.4573176,8.8694279
92520,37.34784912,127.554244,8.864398419
92580,37.34750517,127.6508549,8.89213033
92640,37.34510367,127.7454411,8.905578237
92700,37.30908459,127.7732361,8.884500445
92760,37.29648819,127.7144396,8.879478388
92820,37.2961238,127.6500855,8.870790474
92880,37.29714107,127.5854786,8.864630417
92940,37.29713176,127.5213908,8.86525822
93000,37.29632864,127.4581944,8.875675158
93060,37.29548244,127.3953833,8.868375851
93120,37.29609012,127.3324213,8.867052346
93180,37.29693509,127.2697612,8.862656377
93240,37.29727152,127.2081867,8.884139229
93300,37.2973129,127.1467693,8.873110448
93360,37.29694443,127.0859346,8.882950459
93420,37.29733191,127.0254818,8.893360583
93480,37.29774445,126.9646252,8.8765201
93540,37.29789708,126.9033506,8.871395472
93600,37.29757919,126.8420266,8.871944725
93660,37.29711105,126.7814549,8.878090868
93720,37.29760381,126.7208522,8.868485173
93780,37.29679033,126.6601924,8.877872235
93840,37.29538644,126.5995376,8.870846899
93900,37.26968257,126.5665688,8.876804118
93960,37.24011787,126.6396641,8.856662788
94020,37.24019665,126.7393185,8.87688247
94080,37.23900159,126.8397054,8.879346438
94140,37.23752172,126.9404504,8.872563264
94200,37.23758643,127.0412423,8.883930033
94260,37.23879274,127.1423779,8.798826576
94320,37.23823572,127.2472001,8.175398267
94380,37.23459536,127.3519711,7.396335295
94440,37.2314998,127.4531637,6.498117408
94500,37.23328504,127.5402477,5.5661823
94560,37.27258993,127.5437609,4.419597866
94620,37.26948449,127.471903,3.387498407
94680,37.25937039,127.4037453,2.550082103
94740,37.2330061,127.3594452,1.777012531
94800,37.19122255,127.3603199,1.320906848
94860,37.15921031,127.337185,1.288404179
94920,37.13541394,127.2927291,1.273360576
94980,37.11291314,127.2450418,1.164973416
95040,37.10286295,127.194676,0.820884062
95100,37.0996561,127.1458926,0.541106402
95160,37.0964059,127.0981306,0.321149956
95220,37.09276317,127.0551455,0.093021538
95280,37.09076092,127.0319607,0.037000475
95340,37.08919896,127.0297911,0.036149595
95400,37.08782725,127.029426,0.036139807
95460,37.08776859,127.0293737,0.038403916
95520,37.0877705,127.0293746,0.038720846
95580,37.08777254,127.0293726,0.038636946
95640,37.08777458,127.0293706,0.038553045
95700,37.08777661,127.0293686,0.038469144
95760,37.08777865,127.0293667,0.038385244
95820,37.08778069,127.0293647,0.038301343
95880,37.08778272,127.0293627,0.038217442
95940,37.08778476,127.0293607,0.038133542
96000,37.0877868,127.0293587,0.038049641
96060,37.08778883,127.0293567,0.03796574
96120,37.08779087,127.0293547,0.03788184
96180,37.08779291,127.0293528,0.037797939
96240,37.08779494,127.0293508,0.037714038
96300,37.08779698,127.0293488,0.037630137
96360,37.08779902,127.0293468,0.037546237
96420,37.08780106,127.0293448,0.037462336
96480,37.0878031,127.0293428,0.037378435
96540,37.08780513,127.0293408,0.037294535
96600,37.08780717,127.0293389,0.037210634
96660,37.08780921,127.0293369,0.037126733
96720,37.08781124,127.0293349,0.037042833
96780,37.08781328,127.0293329,0.036958932
96840,37.08781532,127.0293309,0.036875031
96900,37.08781736,127.0293289,0.03679113
96960,37.08781939,127.0293269,0.03670723
97020,37.08782143,127.029325,0.036623329
97080,37.08782347,127.029323,0.036539428
97140,37.0878255,127.029321,0.036455528
97200,37.08782754,127.029319,0.036371627
97260,37.08782958,127.029317,0.036287726
97320,37.08783161,127.029315,0.036203826
97380,37.08783365,127.029313,0.036119925
97440,37.08783569,127.0293111,0.036036024
97500,37.08783773,127.0293091,0.035952124
97560,37.08783976,127.0293071,0.035868223
97620,37.0878418,127.0293051,0.035784322
97680,37.08784384,127.0293031,0.035700421
97740,37.08784587,127.0293011,0.035616521
97800,37.08784791,127.0292992,0.03553262
97860,37.08784995,127.0292972,0.035448719
97920,37.08785199,127.0292952,0.035364819
97980,37.08785402,127.0292932,0.035280918
98040,37.08785606,127.0292912,0.035197017
98100,37.0878581,127.0292892,0.035113117
98160,37.08786013,127.0292872,0.035029216
98220,37.08786217,127.0292853,0.034945315
98280,37.08786421,127.0292833,0.034861414
98340,37.08786624,127.0292813,0.034777514
98400,37.08786828,127.0292793,0.034693613
98460,37.08787032,127.0292773,0.034609712
98520,37.08787236,127.0292753,0.034525812
98580,37.08787439,127.0292733,0.034441911
98640,37.08787643,127.0292714,0.03435801
98700,37.08787847,127.0292694,0.03427411
98760,37.0878805,127.0292674,0.034190209
98820,37.0878821,127.0292658,0.034124487
