src/Components/missions/KORUS-AQ/Tracks/KORUSAQ-B200TRK_MODEL_20160512_RB.ICT
37,1001
GeoTASO Team
NASA GSFC
B-200 (N817NA) GeoTASO
KORUS-AQ 2016
1,1
2016,05,12,2016,05,23
1
UTC_mid,seconds, mid time UTC from midnight of the starting data collecting day 
3
1,1,1
-9999,-9999,-9999
Lat, degN, 60 second average of latitude
Lon, degE, 60 second average of longitude
AltGPS, km, 60 second average of GPS altitude
1
Data from GeoTASO instrument
19
PI_CONTACT_INFO: Scott Janz
Platform: B-200 King Air
LOCATION: Included in data records
ASSOCIATED_DATA: N/A
INSTRUMENT_INFO:http://www.nserc.und.edu/PDFs/ExperimenterHandbook.pdf
DATA_INFO: data averaged into 60s intervals
UNCERTAINTY: Reference DC-8 Experimenter Handbook located at https://airbornescience.nasa.gov/sites/default/files/DC8_Experimenter_Handbook_Jan2011v2.pdf
ULOD_FLAG: -7777
ULOD_VALUE: N/A
LLOD_FLAG: -8888
LLOD_VALUE: N/A;
DM_CONTACT_INFO: Gao Chen 
PROJECT_INFO: N/A
STIPULATIONS_ON_USE: N/A
OTHER_COMMENTS: N/A
REVISION: RB
RB: Extra time columns removed
RA: Field data
UTC_mid,Lat,Lon,AltGPS
2590,37.08789349,127.0292155,0.038063978
2650,37.08789857,127.0291874,0.036959046
2710,37.08785823,127.0292239,0.036047534
2770,37.0878636,127.0292324,0.036696698
2830,37.08785502,127.0292264,0.034051828
2890,37.08786499,127.0292318,0.033888701
2950,37.08786244,127.0292291,0.033753368
3010,37.08786355,127.0292308,0.033927475
3070,37.08786368,127.029232,0.033990604
3130,37.08786333,127.0292341,0.034183408
3190,37.08786445,127.0292347,0.034219262
3250,37.08786611,127.0292341,0.034091647
3310,37.08786531,127.0292332,0.034078462
3370,37.08786032,127.0292433,0.033901481
3430,37.08838938,127.0300082,0.034360363
3490,37.08901905,127.03372,0.034870198
3550,37.08949449,127.039399,0.035273834
3610,37.090226,127.0436827,0.035376376
3670,37.09095616,127.0450738,0.035252042
3730,37.09096307,127.0450581,0.035107066
3790,37.09097023,127.0450127,0.035161905
3850,37.0916509,127.0441427,0.035405534
3910,37.08974321,127.01872,0.198924955
3970,37.06870094,127.0052598,0.640183937
4030,37.05937991,127.0616803,1.167744577
4090,37.07115511,127.1208966,1.539586004
4150,37.11483309,127.166286,1.578162311
4210,37.16129243,127.206989,1.568730466
4270,37.20675099,127.2472741,1.570457257
4330,37.25210304,127.2835477,1.572203206
4390,37.29009476,127.3259819,1.579738702
4450,37.29507056,127.3866937,1.865702716
4510,37.27744013,127.4382424,2.411773022
4570,37.24618557,127.4793971,2.90917805
4630,37.21347703,127.5215109,3.357000473
4690,37.18049068,127.5658892,3.775389883
4750,37.16934006,127.6257322,4.152318384
4810,37.18082339,127.6944691,4.491329679
4870,37.21541532,127.7455226,4.810155903
4930,37.26674201,127.7595491,5.093257792
4990,37.31203333,127.7288113,5.378427519
5050,37.34444927,127.6814323,5.641015861
5110,37.3674658,127.6254937,5.919817457
5170,37.38930418,127.5704934,6.194928384
5230,37.41192089,127.516003,6.452750593
5290,37.4444367,127.475878,6.654054912
5350,37.48529779,127.5124989,6.91338747
5410,37.4975176,127.5819821,7.156068155
5470,37.47888272,127.6446652,7.308494692
5530,37.43726863,127.6886532,7.469874894
5590,37.39008445,127.7222326,7.6672318
5650,37.34300951,127.7563943,7.830441512
5710,37.29713756,127.7729639,7.95148694
5770,37.28795833,127.7194195,8.038595338
5830,37.29779496,127.6543939,8.132847729
5890,37.30967738,127.5893031,8.249773952
5950,37.32861614,127.5279918,8.373453152
6010,37.3381167,127.4662136,8.500887422
6070,37.32199256,127.4089334,8.620534742
6130,37.30757529,127.3479168,8.67084343
6190,37.32150208,127.2867812,8.77717453
6250,37.35542703,127.2346589,8.877598839
6310,37.393171,127.1830062,8.882823219
6370,37.43570245,127.1323104,8.889084404
6430,37.49541636,127.1166739,8.877181439
6490,37.542849,127.1015046,8.863197649
6550,37.50677742,127.0672858,8.886750636
6610,37.46565099,127.0290528,8.888179401
6670,37.43468365,126.9690942,8.881735068
6730,37.41478077,126.9032712,8.886241215
6790,37.41386284,126.8309456,8.8962771
6850,37.4134612,126.7578835,8.893201658
6910,37.4119076,126.6842913,8.894782758
6970,37.41216673,126.611334,8.90188199
7030,37.41184156,126.5386263,8.896808465
7090,37.41130653,126.4653446,8.894117991
7150,37.41053328,126.392364,8.894841935
7210,37.41044262,126.3195586,8.890686359
7270,37.40934489,126.2466288,8.880492815
7330,37.40846813,126.1735299,8.874459811
7390,37.40767137,126.100796,8.880987372
7450,37.40652351,126.0281253,8.879076294
7510,37.40533412,125.9555214,8.882434414
7570,37.40482332,125.8828142,8.88182888
7630,37.40505041,125.8096553,8.880175201
7690,37.40477507,125.7365642,8.878506557
7750,37.40343062,125.6639099,8.875893424
7810,37.40227983,125.591423,8.876860907
7870,37.4014198,125.5183929,8.875930916
7930,37.40027576,125.444989,8.874527552
7990,37.39900525,125.3714833,8.881290206
8050,37.39758445,125.297706,8.876802271
8110,37.39707018,125.2237263,8.874203033
8170,37.39705905,125.1503783,8.876287713
8230,37.39532384,125.0774945,8.871636592
8290,37.39389937,125.004696,8.870913365
8350,37.39245989,124.932232,8.868339288
8410,37.38983896,124.8603621,8.863236019
8470,37.36961603,124.7958246,8.869624472
8530,37.33947839,124.7358327,8.873836385
8590,37.30964239,124.6745937,8.872968053
8650,37.27949788,124.6130969,8.871315364
8710,37.24778368,124.552576,8.874236632
8770,37.19999531,124.5396085,8.886906844
8830,37.17899092,124.6142473,8.878056477
8890,37.18797238,124.7049935,8.875264293
8950,37.18945144,124.797023,8.868778768
9010,37.19057135,124.8891621,8.874422168
9070,37.19280184,124.9815356,8.887596682
9130,37.19373893,125.0735366,8.902797476
9190,37.19482193,125.1654607,8.903771408
9250,37.19542011,125.257956,8.87422122
9310,37.19697622,125.3507909,8.880805668
9370,37.19872992,125.4426553,8.888843125
9430,37.20092446,125.5340914,8.88788413
9490,37.20238314,125.6250818,8.894446057
9550,37.20343877,125.7155833,8.881099986
9610,37.20494663,125.8057938,8.892608589
9670,37.20614952,125.8956452,8.889158432
9730,37.20710527,125.9856177,8.888702277
9790,37.20841692,126.0752331,8.893640217
9850,37.20937107,126.1650524,8.896529619
9910,37.21004061,126.2548934,8.902689205
9970,37.21079378,126.3447123,8.903580477
10030,37.21122881,126.4345898,8.910732615
10090,37.21097669,126.5249503,8.89776446
10150,37.21178428,126.6157519,8.885193954
10210,37.21272742,126.7068038,8.883531499
10270,37.21343261,126.7977939,8.886879703
10330,37.21299829,126.8883192,8.890974483
10390,37.21559563,126.9783056,8.886530106
10450,37.25259021,127.0507955,8.893907245
10510,37.30108108,127.1167119,8.898617697
10570,37.3484873,127.1841091,8.886459273
10630,37.39696747,127.2506473,8.887757139
10690,37.44456536,127.3179183,8.886716047
10750,37.4863599,127.3903196,8.881003449
10810,37.50323995,127.478152,8.888805552
10870,37.51731777,127.5677088,8.884349036
10930,37.53221605,127.6573004,8.878821552
10990,37.54639467,127.746895,8.882183095
11050,37.56030515,127.8358348,8.884780274
11110,37.57504915,127.9240831,8.884495355
11170,37.58853916,128.0129264,8.888172836
11230,37.60241428,128.1019948,8.890603181
11290,37.6169138,128.1911316,8.887224878
11350,37.63073845,128.2801598,8.883514336
11410,37.64464232,128.3688917,8.889949808
11470,37.6577426,128.4580816,8.886232382
11530,37.6706397,128.5474031,8.884672498
11590,37.68293946,128.6369797,8.884099476
11650,37.6967703,128.7259714,8.876037431
11710,37.700265,128.8146746,8.887752183
11770,37.69936591,128.9032231,8.887598739
11830,37.69860927,128.9919248,8.884875985
11890,37.69802994,129.0810333,8.877764767
11950,37.69755266,129.1706041,8.887804554
12010,37.69530602,129.2608334,8.889949843
12070,37.69375931,129.3517854,8.897261472
12130,37.69288865,129.4431322,8.893862823
12190,37.69182763,129.5345394,8.893526877
12250,37.68940673,129.6252349,8.891205064
12310,37.68752962,129.7148875,8.890854132
12370,37.6859018,129.8046409,8.887336158
12430,37.68443004,129.8945644,8.891599512
12490,37.68306236,129.9847683,8.894300199
12550,37.68120648,130.0748591,8.896807286
12610,37.67889473,130.1647998,8.897356818
12670,37.67640008,130.2547055,8.899481467
12730,37.67473366,130.3446978,8.910673005
12790,37.6736333,130.4344147,8.920242158
12850,37.67114666,130.5235071,8.913470182
12910,37.66897913,130.6127748,8.910177255
12970,37.66723431,130.7022598,8.915209288
13030,37.66468467,130.7915355,8.916615359
13090,37.66147246,130.8811088,8.906840552
13150,37.6586706,130.9710127,8.91718977
13210,37.65496303,131.0604559,8.925547503
13270,37.65204749,131.1501135,8.915783256
13330,37.64930872,131.2397646,8.917975047
13390,37.64667514,131.3285015,8.916062129
13450,37.64390779,131.4176061,8.898084474
13510,37.64104207,131.5059526,8.896686266
13570,37.63408776,131.5910902,8.895248116
13630,37.59659792,131.6007567,8.901550264
13690,37.60686013,131.5300391,8.904319814
13750,37.62673616,131.4558227,8.898935977
13810,37.64041878,131.3792022,8.898720263
13870,37.64730616,131.3019569,8.905187152
13930,37.65057931,131.2244362,8.913097509
13990,37.65269035,131.1477201,8.925966514
14050,37.65482563,131.0714704,8.93217927
14110,37.65709412,130.9950206,8.90767594
14170,37.65930349,130.9183919,8.914225484
14230,37.66106381,130.8418137,8.911395132
14290,37.66352659,130.7655241,8.911044493
14350,37.66544363,130.6888548,8.904587442
14410,37.66739409,130.6119953,8.903335327
14470,37.66963892,130.5348426,8.895632965
14530,37.67179293,130.4579712,8.894570091
14590,37.67372659,130.3814325,8.893064233
14650,37.67542305,130.30488,8.893828534
14710,37.67687815,130.2284536,8.895747928
14770,37.67864377,130.152027,8.895554604
14830,37.68028,130.075504,8.893918443
14890,37.68221318,129.9987289,8.891689116
14950,37.68365504,129.9220549,8.894895933
15010,37.68534573,129.8455397,8.892575105
15070,37.68614357,129.7690389,8.887486728
15130,37.68786779,129.6920982,8.892548153
15190,37.68889172,129.6150766,8.891471616
15250,37.69019581,129.5378152,8.891121213
15310,37.69150185,129.4607537,8.889377347
15370,37.69258234,129.3842243,8.888246535
15430,37.69343941,129.3081735,8.888021583
15490,37.69481451,129.2316906,8.890712631
15550,37.69644145,129.1544816,8.8912304
15610,37.69751448,129.0771419,8.891315893
15670,37.69813631,128.9996192,8.893102042
15730,37.69899058,128.922395,8.891455147
15790,37.69976379,128.8454693,8.888060697
15850,37.6993676,128.7703048,8.878345236
15910,37.68264975,128.7012162,8.89111662
15970,37.65992539,128.6339157,8.894560213
16030,37.6370405,128.5659,8.896783054
16090,37.61424944,128.4971803,8.89472186
16150,37.59141273,128.4282045,8.896847756
16210,37.56782187,128.3596059,8.896277361
16270,37.5450078,128.2909598,8.901066785
16330,37.52156793,128.2226428,8.900539202
16390,37.49809991,128.1542244,8.904218876
16450,37.47425428,128.0858059,8.900713509
16510,37.45031087,128.0173627,8.893876184
16570,37.4270013,127.9485003,8.897976985
16630,37.39959751,127.8820395,8.89219982
16690,37.37220824,127.8153229,8.899867424
16750,37.34471117,127.7481667,8.8937605
16810,37.31689671,127.681232,8.892813379
16870,37.29152847,127.6136855,8.908215191
16930,37.30867269,127.5455314,8.908536558
16990,37.34513913,127.4812574,8.901378753
17050,37.36709185,127.4103031,8.907010966
17110,37.38460115,127.3363951,8.899069106
17170,37.40557954,127.2637654,8.901783268
17230,37.42573446,127.1917972,8.911640565
17290,37.45758829,127.1289538,8.903386867
17350,37.52041076,127.1214627,8.894351438
17410,37.5509881,127.1772845,8.900727271
17470,37.49833533,127.1993475,8.888620027
17530,37.43604446,127.2091577,8.887013841
17590,37.37759672,127.2490581,8.894509133
17650,37.32101094,127.2969984,8.896478245
17710,37.26849317,127.3516583,8.901276089
17770,37.2579256,127.4379343,8.487118406
17830,37.30135436,127.5269761,7.939285222
17890,37.36545048,127.5825724,7.387775534
17950,37.44149469,127.5820592,6.806806603
18010,37.51526112,127.5766358,6.153656282
18070,37.58451062,127.571615,5.640170422
18130,37.63567044,127.5648563,5.241991974
18190,37.64759721,127.5222895,4.618962147
18250,37.64353694,127.4687434,3.914401479
18310,37.63482714,127.4098816,3.145138802
18370,37.59547757,127.3908664,2.473551955
18430,37.54857968,127.4067536,1.968518368
18490,37.50142181,127.4235912,1.889221306
18550,37.4556066,127.4310749,1.885369042
18610,37.41108436,127.4258191,1.884539738
18670,37.36752708,127.4256369,1.892439273
18730,37.3246592,127.4234718,1.741010634
18790,37.28277759,127.4064663,1.393196043
18850,37.24123369,127.3890133,1.272363555
18910,37.20094664,127.3720925,1.235305523
18970,37.16154946,127.3556961,1.023891715
19030,37.13134892,127.3247205,0.994249875
19090,37.11100206,127.2827166,0.987709491
19150,37.10650395,127.2311802,0.951717754
19210,37.1032078,127.1801743,0.732044147
19270,37.09958503,127.1369835,0.502683897
19330,37.09605507,127.0954076,0.294802193
19390,37.0929598,127.0564376,0.106264033
19450,37.09089506,127.0331194,0.031072043
19510,37.08898059,127.029735,0.03001906
19570,37.08783114,127.0293657,0.030004743

