src/Components/missions/KORUS-AQ/Tracks/KORUSAQ-DC8TRK_MODEL_20160530_RA.ICT
35,1001
Project Office
NSERC - National Suborbital Education and Research Center
DC-8 (N817NA) Data Acquisition and Distribution
KORUS-AQ 2016
1,1
2016,05,30,2016,06,02
1
UTC_mid,seconds, mid time UTC from midnight of the starting data collecting day 
3
1,1,1
-9999,-9999,-9999
Lat, degN, 60 second average of IWG1 latitude
Lon, degE, 60 second average of IWG1 longitude
AltP, km, 60 second average of IWG1 pressure altitude
1
Data from IWG1 file posted on: http://asp-archive.arc.nasa.gov
17
PI_CONTACT_INFO: Melissa Yang melissa.yang@nasa.gov
Platform: DC-8 N817NA
LOCATION: Included in data records
ASSOCIATED_DATA: N/A
INSTRUMENT_INFO:http://www.nserc.und.edu/PDFs/ExperimenterHandbook.pdf
DATA_INFO: data averaged into 60s intervals
UNCERTAINTY: Reference DC-8 Experimenter Handbook located at https://airbornescience.nasa.gov/sites/default/files/DC8_Experimenter_Handbook_Jan2011v2.pdf
ULOD_FLAG: -7777
ULOD_VALUE: N/A
LLOD_FLAG: -8888
LLOD_VALUE: N/A;
DM_CONTACT_INFO: Gao Chen 
PROJECT_INFO: N/A
STIPULATIONS_ON_USE: N/A
OTHER_COMMENTS: N/A
REVISION: RA
UTC_mid,Lat,Lon,AltP_60s
82290,37.09344,127.04,0.055321
82350,37.09029,126.997,0.243901
82410,37.08007,126.9423,0.708492
82470,37.02898,126.9477,1.130325
82530,37.00932,127.0287,1.661968
82590,37.04453,127.1073,1.972107
82650,37.0925,127.1728,2.132818
82710,37.15548,127.2129,2.156775
82770,37.2217,127.259,2.164827
82830,37.28249,127.3124,2.169419
82890,37.3525,127.3424,2.172279
82950,37.42374,127.3605,2.169658
83010,37.49004,127.3808,2.169129
83070,37.5567,127.3827,2.067326
83130,37.61337,127.351,1.890994
83190,37.63848,127.2943,1.679631
83250,37.64771,127.2247,1.344671
83310,37.64098,127.1616,1.19252
83370,37.58865,127.1362,0.845739
83430,37.53632,127.129,0.524942
83490,37.48903,127.1206,0.254401
83550,37.44109,127.1125,0.237348
83610,37.39413,127.114,0.750387
83670,37.36191,127.1694,1.141105
83730,37.33038,127.2556,1.240246
83790,37.3047,127.3462,1.233434
83850,37.28815,127.4382,1.222888
83910,37.28195,127.5309,1.009797
83970,37.28602,127.6227,1.177559
84030,37.33349,127.6655,1.590736
84090,37.3906,127.6466,2.013392
84150,37.40112,127.5686,2.44602
84210,37.3895,127.4868,2.872547
84270,37.32296,127.4652,3.286435
84330,37.27424,127.5318,3.702446
84390,37.29009,127.6329,4.133103
84450,37.3555,127.6668,4.557105
84510,37.4005,127.6141,4.973325
84570,37.398,127.5227,5.403332
84630,37.3378,127.4713,5.857921
84690,37.27125,127.534,6.2732
84750,37.30044,127.6356,6.521084
84810,37.37567,127.6496,6.837644
84870,37.40094,127.5757,7.16629
84930,37.39825,127.4856,7.310729
84990,37.3597,127.393,7.307473
85050,37.30561,127.2936,7.314397
85110,37.30139,127.181,7.312655
85170,37.33798,127.0708,7.302774
85230,37.35615,126.9555,7.304222
85290,37.37198,126.8398,7.303688
85350,37.38618,126.7244,7.305065
85410,37.3996,126.6094,7.304075
85470,37.41088,126.4949,7.304354
85530,37.41059,126.3793,7.304339
85590,37.40978,126.263,7.304786
85650,37.4089,126.1464,7.304059
85710,37.40776,126.0293,7.305268
85770,37.40641,125.9119,7.304943
85830,37.40502,125.794,7.305075
85890,37.40367,125.6751,7.304552
85950,37.40207,125.5551,7.305121
86010,37.40021,125.4347,7.304501
86070,37.39835,125.3146,7.303821
86130,37.39635,125.1944,7.303572
86190,37.39421,125.0746,7.303521
86250,37.39204,124.9554,7.303114
86310,37.38379,124.8377,7.300767
86370,37.33777,124.7309,7.304034
86430,37.286,124.6263,7.303998
86490,37.24703,124.5154,7.302322
86550,37.20979,124.4036,7.307758
86610,37.15188,124.3085,7.302845
86670,37.0469,124.2883,7.307874
86730,36.93325,124.2896,7.307255
86790,36.8184,124.2895,7.307641
86850,36.70301,124.2893,7.306543
86910,36.58755,124.2892,7.304755
86970,36.47198,124.2891,7.305299
87030,36.35625,124.2892,7.30566
87090,36.24056,124.2892,7.307646
87150,36.12502,124.2891,7.304796
87210,36.00987,124.2893,7.304684
87270,35.89501,124.2891,7.304867
87330,35.78034,124.2892,7.304537
87390,35.66592,124.2893,7.303841
87450,35.552,124.2891,7.304257
87510,35.4383,124.2891,7.304298
87570,35.3247,124.2892,7.304598
87630,35.21127,124.2891,7.304217
87690,35.09797,124.2892,7.305522
87750,34.98459,124.2892,7.304532
87810,34.87227,124.2892,7.304577
87870,34.76547,124.2892,7.302672
87930,34.66702,124.2889,7.301372
87990,34.57509,124.2888,7.300742
88050,34.4832,124.2889,7.297298
88110,34.39196,124.2777,7.021611
88170,34.32366,124.3368,6.582867
88230,34.34397,124.4381,6.115339
88290,34.41757,124.4476,5.64704
88350,34.43486,124.3713,5.18447
88410,34.37352,124.3292,4.732878
88470,34.31501,124.382,4.278559
88530,34.33792,124.4711,3.810259
88590,34.41279,124.473,3.390778
88650,34.43417,124.3909,3.054629
88710,34.3909,124.3147,2.643571
88770,34.33817,124.2432,2.191243
88830,34.28054,124.1857,1.784416
88890,34.24654,124.2332,1.427891
88950,34.30395,124.2723,1.049685
89010,34.37577,124.288,0.707253
89070,34.44882,124.2889,0.315651
89130,34.51944,124.2899,0.19619
89190,34.58732,124.2893,0.197724
89250,34.6571,124.2881,0.199106
89310,34.72986,124.289,0.200762
89370,34.8035,124.2894,0.199791
89430,34.87659,124.2894,0.198918
89490,34.94897,124.2892,0.199878
89550,35.02228,124.289,0.199913
89610,35.09599,124.2892,0.199146
89670,35.16859,124.2892,0.199934
89730,35.23961,124.289,0.199293
89790,35.31057,124.2895,0.200787
89850,35.38319,124.2893,0.20095
89910,35.45737,124.2892,0.199873
89970,35.53282,124.2892,0.199111
90030,35.60878,124.2889,0.19843
90090,35.68472,124.289,0.198689
90150,35.76068,124.289,0.198973
90210,35.83665,124.2893,0.198806
90270,35.91234,124.2893,0.198034
90330,35.98715,124.2893,0.198201
90390,36.06168,124.2891,0.198404
90450,36.138,124.289,0.199024
90510,36.21436,124.2889,0.198552
90570,36.28891,124.2891,0.198481
90630,36.36203,124.2894,0.198298
90690,36.4348,124.2893,0.198689
90750,36.50879,124.2892,0.19907
90810,36.58367,124.2894,0.199288
90870,36.65798,124.2893,0.199045
90930,36.73155,124.2893,0.198831
90990,36.80449,124.2891,0.197912
91050,36.8769,124.2893,0.198694
91110,36.9488,124.2893,0.19941
91170,37.02035,124.2893,0.199593
91230,37.09151,124.2891,0.200696
91290,37.1621,124.2887,0.204922
91350,37.21454,124.2498,0.46198
91410,37.26253,124.2169,0.80648
91470,37.25555,124.2672,1.089696
91530,37.18746,124.2838,1.414821
91590,37.11409,124.287,1.555369
91650,37.03888,124.289,1.548867
91710,36.96146,124.2893,1.549146
91770,36.88048,124.2896,1.555836
91830,36.79729,124.2893,1.565336
91890,36.71219,124.2892,1.562969
91950,36.62567,124.2891,1.562974
92010,36.53838,124.2892,1.562572
92070,36.45069,124.289,1.562725
92130,36.36304,124.2891,1.56307
92190,36.27561,124.2891,1.562664
92250,36.18876,124.2892,1.562191
92310,36.10274,124.2893,1.562334
92370,36.01741,124.2893,1.562024
92430,35.93246,124.2892,1.561821
92490,35.84771,124.2892,1.561927
92550,35.76297,124.2891,1.562796
92610,35.67789,124.2891,1.562156
92670,35.59253,124.2891,1.562664
92730,35.50683,124.2893,1.56239
92790,35.42084,124.2893,1.562191
92850,35.33493,124.2894,1.562268
92910,35.24959,124.2889,1.56211
92970,35.16531,124.2889,1.561892
93030,35.08173,124.2893,1.562207
93090,34.9983,124.2893,1.562537
93150,34.91502,124.2892,1.56212
93210,34.83191,124.2892,1.561953
93270,34.74917,124.2891,1.562791
93330,34.66686,124.2888,1.562547
93390,34.58526,124.289,1.562293
93450,34.50413,124.2892,1.561932
93510,34.42296,124.289,1.565229
93570,34.35091,124.2594,1.843359
93630,34.29555,124.2129,2.281093
93690,34.28103,124.2567,2.723596
93750,34.345,124.2832,3.182244
93810,34.42007,124.2905,3.649309
93870,34.49904,124.2889,3.988923
93930,34.58961,124.288,3.994099
93990,34.68661,124.2891,4.006103
94050,34.7825,124.2893,4.003106
94110,34.87727,124.2893,4.001231
94170,34.97251,124.2891,3.878265
94230,35.07039,124.289,3.689878
94290,35.15935,124.2894,3.698418
94350,35.24252,124.2897,3.696909
94410,35.33534,124.2889,3.696177
94470,35.4344,124.2888,3.693617
94530,35.53085,124.2892,3.69441
94590,35.62341,124.2893,3.692952
94650,35.71351,124.2892,3.693002
94710,35.80468,124.2891,3.69412
94770,35.89758,124.2892,3.694323
94830,35.99106,124.2894,3.694984
94890,36.08415,124.2895,3.694785
94950,36.17686,124.2893,3.694338
95010,36.26956,124.2891,3.694557
95070,36.36226,124.289,3.694186
95130,36.45507,124.2892,3.694161
95190,36.54778,124.2892,3.694521
95250,36.64052,124.2892,3.69409
95310,36.73167,124.2886,3.695278
95370,36.81833,124.2891,3.690808
95430,36.9025,124.289,3.693358
95490,36.98075,124.2893,3.692245
95550,37.05553,124.2893,3.693439
95610,37.12873,124.2892,3.693455
95670,37.20166,124.2976,3.485281
95730,37.2457,124.3796,2.809479
95790,37.26847,124.4921,2.254148
95850,37.29006,124.5992,1.930771
95910,37.31784,124.6914,1.685336
95970,37.35653,124.7686,1.39541
96030,37.38788,124.8467,1.253434
96090,37.39205,124.9374,1.250132
96150,37.39315,125.0271,1.252032
96210,37.39498,125.1141,1.253353
96270,37.39618,125.2017,1.252057
96330,37.39825,125.2921,1.253043
96390,37.39899,125.3782,1.266429
96450,37.40103,125.4704,1.261074
96510,37.40227,125.5636,1.257092
96570,37.40315,125.6538,1.338311
96630,37.40429,125.7418,1.670619
96690,37.4056,125.8277,1.871381
96750,37.40708,125.9109,1.867779
96810,37.40703,125.992,1.869679
96870,37.40866,126.0774,1.86751
96930,37.40927,126.1624,1.86788
96990,37.4099,126.2461,1.868129
97050,37.41039,126.3286,1.868236
97110,37.41098,126.4101,1.867819
97170,37.41145,126.4908,1.867987
97230,37.41195,126.5731,1.868109
97290,37.41263,126.6621,1.871762
97350,37.41404,126.7545,2.085025
97410,37.41789,126.8426,2.1787
97470,37.42035,126.9325,2.177146
97530,37.42149,127.0255,2.176998
97590,37.43171,127.1188,2.176755
97650,37.44898,127.2075,2.175439
97710,37.4872,127.2731,2.120814
97770,37.54123,127.2998,1.913042
97830,37.59198,127.3214,1.485031
97890,37.63153,127.3093,1.287277
97950,37.64087,127.2474,1.286779
98010,37.6402,127.1795,1.06013
98070,37.59875,127.1397,0.854959
98130,37.55103,127.1315,0.61978
98190,37.50723,127.1238,0.363576
98250,37.46291,127.1161,0.164673
98310,37.41916,127.1195,0.610728
98370,37.38416,127.1674,1.114648
98430,37.34589,127.2336,1.301318
98490,37.30956,127.317,0.898362
98550,37.29141,127.4045,0.653857
98610,37.28228,127.4915,0.543794
98670,37.28268,127.5757,0.941578
98730,37.29836,127.6524,1.382243
98790,37.35658,127.668,1.831132
98850,37.39784,127.6287,2.259863
98910,37.39998,127.549,2.681986
98970,37.38413,127.4779,3.095777
99030,37.31606,127.4704,3.501436
99090,37.27718,127.5483,3.921059
99150,37.30201,127.6441,4.348678
99210,37.37148,127.6601,4.777064
99270,37.40082,127.5949,5.243886
99330,37.39415,127.5096,5.477149
99390,37.36012,127.4254,5.490428
99450,37.32238,127.3362,5.486644
99510,37.30542,127.2387,5.488904
99570,37.31876,127.136,5.487136
99630,37.3335,127.035,5.486613
99690,37.3482,126.9351,5.485049
99750,37.36297,126.8356,5.485821
99810,37.37779,126.7364,5.485765
99870,37.39232,126.6366,5.485607
99930,37.40685,126.5355,5.485719
99990,37.41086,126.4316,5.485724
100050,37.41022,126.3264,5.485963
100110,37.40929,126.2218,5.486608
100170,37.40874,126.1198,5.484424
100230,37.40803,126.0203,5.485049
100290,37.4066,125.9215,5.486354
100350,37.40558,125.8276,5.47401
100410,37.40445,125.7403,5.050551
100470,37.40294,125.6435,4.209842
100530,37.40181,125.5368,3.3906
100590,37.40031,125.4265,2.731135
100650,37.3987,125.3226,2.360701
100710,37.39664,125.222,1.865396
100770,37.39517,125.1205,1.366601
100830,37.3934,125.0185,0.85663
100890,37.39151,124.9155,0.396677
100950,37.37808,124.8124,0.325491
101010,37.33373,124.7208,0.840852
101070,37.28521,124.6267,1.60494
101130,37.24808,124.5339,2.432212
101190,37.22229,124.4391,3.220994
101250,37.19659,124.3497,3.655121
101310,37.15468,124.2902,3.552667
101370,37.07488,124.288,2.937896
101430,36.98815,124.2892,2.405095
101490,36.9025,124.2895,2.00153
101550,36.82198,124.2892,1.672178
101610,36.74427,124.2891,1.257945
101670,36.66438,124.2893,0.748894
101730,36.58428,124.2892,0.344028
101790,36.51039,124.2888,0.438165
101850,36.44063,124.2874,1.097097
101910,36.3654,124.289,1.7088
101970,36.28264,124.2894,2.320828
102030,36.1967,124.2897,2.948559
102090,36.11136,124.2893,3.491911
102150,36.0261,124.2895,3.663223
102210,35.94495,124.2894,3.304591
102270,35.86467,124.2891,2.865968
102330,35.78302,124.289,2.328103
102390,35.69925,124.2891,1.795059
102450,35.61542,124.289,1.278042
102510,35.53333,124.2893,0.958982
102570,35.46019,124.288,1.350503
102630,35.39797,124.3147,1.910766
102690,35.4257,124.3723,2.503896
102750,35.49363,124.3318,2.772324
102810,35.57325,124.2946,2.764643
102870,35.65954,124.2898,2.763611
102930,35.74794,124.2881,2.767035
102990,35.83549,124.2888,2.764074
103050,35.92205,124.2894,2.764424
103110,36.00681,124.2893,2.762981
103170,36.09375,124.2891,2.765415
103230,36.18239,124.2892,2.764841
103290,36.27164,124.2889,2.768036
103350,36.35737,124.2894,2.767919
103410,36.4433,124.2892,2.769464
103470,36.52703,124.2891,2.768478
103530,36.60757,124.2892,2.76798
103590,36.68569,124.2892,2.768051
103650,36.76217,124.2893,2.768061
103710,36.83743,124.2893,2.768046
103770,36.91189,124.2892,2.767553
103830,36.98909,124.2892,2.769301
103890,37.06974,124.2893,2.769641
103950,37.14915,124.2983,2.77271
104010,37.18423,124.3827,2.765608
104070,37.21321,124.4845,2.76669
104130,37.26172,124.5775,2.769585
104190,37.30878,124.6713,2.768453
104250,37.35477,124.7647,2.768082
104310,37.3898,124.8634,2.769931
104370,37.39266,124.9757,2.765455
104430,37.39469,125.0929,2.769753
104490,37.3964,125.2037,2.769667
104550,37.39816,125.3114,2.766568
104610,37.40004,125.4206,2.769027
104670,37.40171,125.527,2.768239
104730,37.40321,125.6341,2.76862
104790,37.40429,125.7399,2.768524
104850,37.40585,125.8461,2.796931
104910,37.40722,125.9556,2.632806
104970,37.40829,126.0639,2.338558
105030,37.40863,126.1649,2.194032
105090,37.40939,126.2618,2.196648
105150,37.41069,126.3618,2.198304
105210,37.41142,126.4643,2.200879
105270,37.38592,126.5548,2.197633
105330,37.33744,126.6328,2.111309
105390,37.28889,126.7134,1.760423
105450,37.23961,126.7939,1.42588
105510,37.19266,126.8703,1.289827
105570,37.14739,126.9445,1.294963
105630,37.10367,127.0119,1.124448
105690,37.04046,127.0271,0.887522
105750,36.97498,127.0171,0.988715
105810,36.90663,127.0102,0.917113
105870,36.83075,127.003,0.621492
105930,36.75851,126.9959,0.4845
105990,36.69854,126.9921,0.556392
106050,36.63758,126.9787,0.681253
106110,36.5683,126.9663,0.550342
106170,36.49865,126.9544,0.529245
106230,36.43316,126.9543,0.545511
106290,36.36374,126.9539,0.552084
106350,36.30141,126.9224,0.423255
106410,36.24495,126.9189,0.450398
106470,36.18044,126.9244,0.445232
106530,36.11358,126.9194,0.485999
106590,36.04845,126.9133,0.440578
106650,35.97805,126.9064,0.399125
106710,35.91054,126.8985,0.385521
106770,35.84466,126.8906,0.38515
106830,35.77873,126.884,0.386603
106890,35.71487,126.8766,0.377027
106950,35.64996,126.8789,0.484398
107010,35.5858,126.894,0.790514
107070,35.52998,126.8864,1.135131
107130,35.55314,126.8446,1.356898
107190,35.6211,126.8615,1.555918
107250,35.68965,126.8719,1.558041
107310,35.75744,126.8819,1.557157
107370,35.82532,126.8895,1.557325
107430,35.89594,126.8969,1.557376
107490,35.96838,126.9045,1.557889
107550,36.04011,126.9129,1.558132
107610,36.10985,126.9204,1.558778
107670,36.17759,126.9281,1.577111
107730,36.24951,126.9357,1.576395
107790,36.32254,126.944,1.576354
107850,36.39056,126.9522,1.574561
107910,36.45668,126.9599,1.57321
107970,36.52512,126.9668,1.584716
108030,36.59028,126.9748,1.620469
108090,36.64947,126.9818,1.969856
108150,36.70961,126.9877,2.179462
108210,36.78212,126.9949,2.174529
108270,36.85393,127.004,2.17459
108330,36.92002,127.0128,2.170272
108390,36.98683,127.0196,2.172056
108450,37.05401,127.027,2.172071
108510,37.11931,127.0464,2.174113
108570,37.16414,127.1154,2.169607
108630,37.21446,127.1841,2.172853
108690,37.26592,127.2519,2.172492
108750,37.31777,127.3132,2.169968
108810,37.38146,127.3381,2.184049
108870,37.4467,127.3528,2.177466
108930,37.50984,127.3628,1.914022
108990,37.57222,127.3553,1.619311
109050,37.62179,127.3337,1.596243
109110,37.63706,127.267,1.541318
109170,37.64493,127.1977,1.172474
109230,37.61796,127.1474,0.914227
109290,37.57037,127.1348,0.749854
109350,37.52441,127.1271,0.473349
109410,37.47866,127.1189,0.218531
109470,37.43252,127.1125,0.366258
109530,37.38307,127.152,0.926699
109590,37.34645,127.2274,0.973216
109650,37.31538,127.2983,0.816336
109710,37.29054,127.368,0.703839
109770,37.28261,127.4478,0.566349
109830,37.28083,127.5286,0.905601
109890,37.2827,127.6129,1.373652
109950,37.31141,127.6656,1.768937
110010,37.37259,127.6648,2.146534
110070,37.40182,127.6063,2.546426
110130,37.4013,127.5266,2.932943
110190,37.37022,127.4656,3.314304
110250,37.29973,127.481,3.695446
110310,37.2797,127.5721,4.049756
110370,37.30809,127.6544,4.462648
110430,37.3742,127.6615,4.891532
110490,37.40092,127.5993,5.303022
110550,37.39615,127.5196,5.468981
110610,37.36614,127.4412,5.46358
110670,37.33507,127.3655,5.462554
110730,37.30168,127.2928,5.452135
110790,37.26753,127.2262,5.226939
110850,37.31409,127.1937,4.565406
110910,37.39328,127.2152,3.921343
110970,37.42593,127.313,3.438657
111030,37.4039,127.4204,3.076646
111090,37.32269,127.4538,2.596606
111150,37.24414,127.4259,2.130994
111210,37.17602,127.3813,1.948525
111270,37.12708,127.3359,1.568272
111330,37.11118,127.2769,1.085789
111390,37.1072,127.2239,0.946368
111450,37.10267,127.174,0.698983
111510,37.09853,127.1243,0.466009
111570,37.09585,127.0739,0.230038
111630,37.09258,127.0297,0.073015
