src/Components/missions/KORUS-AQ/Tracks/KORUSAQ-DC8TRK_MODEL_20160511_RA.ICT
35,1001
Project Office
NSERC - National Suborbital Education and Research Center
DC-8 (N817NA) Data Acquisition and Distribution
KORUS-AQ 2016
1,1
2016,05,11,2016,05,12
1
UTC_mid,seconds, mid time UTC from midnight of the starting data collecting day 
3
1,1,1
-9999,-9999,-9999
Lat_60s, degN, 60 second average of IWG1 latitude
Lon_60s, degE, 60 second average of IWG1 longitude
AltP_60s, km, 60 second average of IWG1 pressure altitude
1
Data from IWG1 file posted on: http://asp-archive.arc.nasa.gov
17
PI_CONTACT_INFO: Melissa Yang melissa.yang@nasa.gov
Platform: DC-8 N817NA
LOCATION: Included in data records
ASSOCIATED_DATA: N/A
INSTRUMENT_INFO:http://www.nserc.und.edu/PDFs/ExperimenterHandbook.pdf
DATA_INFO: data averaged into 60s intervals
UNCERTAINTY: Reference DC-8 Experimenter Handbook located at https://airbornescience.nasa.gov/sites/default/files/DC8_Experimenter_Handbook_Jan2011v2.pdf
ULOD_FLAG: -7777
ULOD_VALUE: N/A
LLOD_FLAG: -8888
LLOD_VALUE: N/A;
DM_CONTACT_INFO: Gao Chen 
PROJECT_INFO: N/A
STIPULATIONS_ON_USE: N/A
OTHER_COMMENTS: N/A
REVISION: RA
UTC_mid,Lat_60s,Lon_60s,AltP_60s
[from data line 384]
105870,38.02905765,131.0668116,3.1391859
105930,37.9986621,130.9969511,3.343782893
105990,37.97006892,130.9302664,3.337514173
106050,37.93801398,130.8583059,3.339754453
106110,37.90584477,130.7843399,3.339962733
106170,37.87409312,130.7130604,3.338870533
106230,37.84321677,130.6440754,3.338139013
106290,37.81342502,130.5770102,3.338799413
106350,37.78232857,130.5101824,3.338037413
106410,37.74991047,130.4372034,3.338794333
106470,37.71668243,130.3607454,3.340201493
106530,37.68501388,130.287323,3.340018613
106590,37.67612457,130.2137404,3.334801453
106650,37.67837912,130.1389932,3.337443053
106710,37.68028175,130.0598802,3.339063573
106770,37.68218142,129.9767818,3.338941653
106830,37.68384352,129.8919439,3.339353133
106890,37.6856889,129.8070574,3.338072973
106950,37.68696213,129.7208004,3.337504013
107010,37.68856722,129.6341086,3.337961213
107070,37.69019515,129.5475283,3.337509093
107130,37.69164005,129.4617462,3.338215213
107190,37.69303602,129.3796292,3.337996773
107250,37.69405728,129.3014317,3.337341453
107310,37.69473815,129.2250709,3.338281253
107370,37.69585983,129.1471539,3.337930733
107430,37.69716167,129.0658607,3.337600533
107490,37.69834043,128.9831257,3.339744293
107550,37.69933322,128.8988828,3.338946733
107610,37.70008857,128.8131809,3.337590373
107670,37.6966496,128.7277365,3.337803733
107730,37.68360043,128.6446609,3.337488773
107790,37.67175863,128.562212,3.337707213
107850,37.65979385,128.4815884,3.337758013
107910,37.64834977,128.4050732,3.337097613
107970,37.6370344,128.3331499,3.337544653
108030,37.62580205,128.2620993,3.336548973
108090,37.61496733,128.1910571,3.337519253
108150,37.60410975,128.1201582,3.338189813
108210,37.59323502,128.0489102,3.338113613
108270,37.5822029,127.9775047,3.338428573
108330,37.57127952,127.905221,3.338779093
108390,37.55936335,127.8302737,3.338555573
108450,37.55342677,127.7520018,3.339459813
108510,37.57285882,127.6724481,3.262721336
108570,37.59621048,127.5942907,2.908858707
108630,37.61967373,127.5155783,2.525877519
108690,37.64284803,127.436162,2.126228852
108750,37.66279223,127.3547917,1.821901302
108810,37.67566098,127.2819529,1.532900111
108870,37.6709089,127.2155485,1.23672088
108930,37.64285375,127.1670485,0.93453201
108990,37.6024389,127.1404495,0.852495093
109050,37.56137178,127.1338863,0.656910019
109110,37.52231602,127.1263876,0.427314346
109170,37.4824133,127.119647,0.240710712
109230,37.439106,127.1164369,0.434776866
109290,37.40293688,127.1550665,0.802878734
109350,37.36736583,127.2130708,0.831174333
109410,37.33085632,127.2745027,0.765251176
109470,37.29486182,127.3422918,0.655792419
109530,37.28304857,127.4236507,0.731474257
109590,37.28188718,127.5104828,0.442335906
109650,37.28377515,127.5886145,0.708070697
109710,37.29354282,127.6564607,0.94828357
109770,37.35092937,127.6695357,1.266728439
109830,37.39547262,127.6396723,1.709470745
109890,37.39977572,127.5707359,2.18653861
109950,37.39755845,127.4987469,2.665160955
110010,37.35715483,127.4659482,3.12088774
110070,37.30065825,127.4723138,3.574958446
110130,37.27998172,127.5386067,4.028434791
110190,37.2870282,127.6280537,4.504598416
110250,37.34059237,127.6700192,4.970490281
110310,37.3944083,127.6351175,5.435879226
110370,37.40096562,127.5559845,5.901826971
110430,37.38861752,127.4822903,6.361348516
110490,37.33031273,127.4654418,6.787006783
110550,37.28134928,127.5139046,7.119055892
110610,37.28675655,127.6164236,7.254336288
110670,37.3496161,127.6563806,6.514353032
110730,37.38479808,127.5727844,5.341284549
110790,37.31977847,127.5135985,4.335221061
110850,37.25872708,127.5971546,3.883852916
110910,37.27098078,127.7194119,3.571427846
110970,37.3395739,127.7601529,3.174745898
111030,37.36428733,127.6872797,2.688173354
111090,37.35290627,127.5996666,2.309063126
111150,37.35000497,127.5137358,2.130993892
111210,37.31431103,127.4520321,2.135748772
111270,37.24949458,127.4295788,2.057826654
111330,37.19265747,127.4098148,1.723019105
111390,37.14929587,127.3707933,1.391950435
111450,37.12259953,127.319335,1.085367365
111510,37.11009977,127.2635651,0.809249054
111570,37.10534483,127.2051372,0.675512978
111630,37.1011791,127.1518879,0.527547823
111690,37.09863852,127.102046,0.354797349
111750,37.09448727,127.0525675,0.090906597
111810,37.09174062,127.0196743,0.029540199
