src/Components/missions/KORUS-AQ/Tracks/KORUSAQ-DC8TRK_MODEL_20160519_RA.ICT
35,1001
Project Office
NSERC - National Suborbital Education and Research Center
DC-8 (N817NA) Data Acquisition and Distribution
KORUS-AQ 2016
1,1
2016,05,19,2016,05,23
1
UTC_mid,seconds, mid time UTC from midnight of the starting data collecting day 
3
1,1,1
-9999,-9999,-9999
Lat, degN, 60 second average of IWG1 latitude
Lon, degE, 60 second average of IWG1 longitude
AltP, km, 60 second average of IWG1 pressure altitude
1
Data from IWG1 file posted on: http://asp-archive.arc.nasa.gov
17
PI_CONTACT_INFO: Melissa Yang melissa.yang@nasa.gov
Platform: DC-8 N817NA
LOCATION: Included in data records
ASSOCIATED_DATA: N/A
INSTRUMENT_INFO:http://www.nserc.und.edu/PDFs/ExperimenterHandbook.pdf
DATA_INFO: data averaged into 60s intervals
UNCERTAINTY: Reference DC-8 Experimenter Handbook located at https://airbornescience.nasa.gov/sites/default/files/DC8_Experimenter_Handbook_Jan2011v2.pdf
ULOD_FLAG: -7777
ULOD_VALUE: N/A
LLOD_FLAG: -8888
LLOD_VALUE: N/A;
DM_CONTACT_INFO: Gao Chen 
PROJECT_INFO: N/A
STIPULATIONS_ON_USE: N/A
OTHER_COMMENTS: N/A
REVISION: RA
UTC_mid,Lat,Lon,AltP_60s
82830,37.09119,127.0447,-0.02466
82890,37.09249,127.0447,-0.02451
82950,37.09379,127.0442,-0.02433
83010,37.09379,127.0442,-0.02418
83070,37.09367,127.0428,-0.02265
83130,37.09086,127.008,0.111171
83190,37.0638,126.9647,0.49591
83250,37.00505,126.9684,0.949559
83310,36.98452,127.0325,1.467023
83370,37.03243,127.0903,1.817919
83430,37.08951,127.1382,1.815704
83490,37.14463,127.181,1.817695
83550,37.19631,127.2246,1.818508
83610,37.2496,127.2714,1.818208
83670,37.31065,127.3019,1.816852
83730,37.37585,127.3019,1.747566
83790,37.43786,127.3036,1.512733
83850,37.49351,127.307,1.510198
83910,37.55046,127.2913,1.434871
83970,37.60716,127.2627,1.212926
84030,37.64892,127.2299,1.129436
84090,37.63939,127.171,0.932663
84150,37.59453,127.1457,0.826958
84210,37.54847,127.1314,0.601716
84270,37.50223,127.1232,0.256311
84330,37.45598,127.1148,0.061021
84390,37.4104,127.1217,0.511627
84450,37.37688,127.173,0.794771
84510,37.34409,127.2401,0.786729
84570,37.31727,127.3058,0.591119
84630,37.30326,127.3765,0.44067
84690,37.2875,127.4434,0.396032
84750,37.2799,127.5111,0.510383
84810,37.28004,127.5809,0.889066
84870,37.29364,127.6544,1.318814
84930,37.3547,127.6715,1.749161
84990,37.39931,127.6282,2.138675
85050,37.39873,127.55,2.533264
85110,37.39233,127.47,2.838511
85170,37.34486,127.4288,3.123809
85230,37.28796,127.4702,3.50932
85290,37.2791,127.5485,3.892128
85350,37.28255,127.6278,4.298604
85410,37.32215,127.6693,4.555292
85470,37.38651,127.6519,4.784887
85530,37.4042,127.5603,5.139852
85590,37.36735,127.4735,5.581985
85650,37.29363,127.4949,6.011657
85710,37.27941,127.5896,6.423822
85770,37.30049,127.6763,6.803115
85830,37.3535,127.7008,6.91485
85890,37.3751,127.6265,7.002399
85950,37.30609,127.5577,7.004273
86010,37.22317,127.4857,7.037456
86070,37.13705,127.4067,7.031004
86130,37.04706,127.3235,7.027448
86190,36.94712,127.2659,7.029506
86250,36.85365,127.3336,7.031715
86310,36.81793,127.4659,7.027159
86370,36.77467,127.5937,7.028693
86430,36.67502,127.6711,7.02184
86490,36.58788,127.7678,7.02695
86550,36.50496,127.87,7.024995
86610,36.42144,127.9706,7.025564
86670,36.33816,128.0708,7.02626
86730,36.25507,128.1707,7.026275
86790,36.1719,128.2703,7.026554
86850,36.08598,128.3648,7.029953
86910,35.97774,128.4026,7.020778
86970,35.86313,128.4194,7.025635
87030,35.74838,128.4374,7.024939
87090,35.63347,128.4546,7.026285
87150,35.51843,128.4718,7.026011
87210,35.4033,128.4889,7.025462
87270,35.28808,128.5058,7.026219
87330,35.17298,128.5235,7.026514
87390,35.07026,128.5801,7.02409
87450,34.98728,128.6734,7.025787
87510,34.97127,128.8021,7.027372
87570,34.98292,128.9363,7.027286
87630,34.99389,129.0711,7.027057
87690,35.00476,129.2062,7.026168
87750,35.0171,129.3411,7.024857
87810,35.05385,129.4663,7.025061
87870,35.09965,129.5877,7.026315
87930,35.14468,129.71,7.025777
87990,35.19001,129.8327,7.02567
88050,35.25072,129.9419,7.02344
88110,35.32408,130.0392,7.025863
88170,35.39676,130.1381,7.026757
88230,35.4695,130.2375,7.025873
88290,35.54237,130.3371,7.026016
88350,35.61518,130.4365,7.025518
88410,35.68766,130.5362,7.025721
88470,35.75885,130.6342,7.024151
88530,35.83649,130.7089,6.925808
88590,35.92856,130.7433,6.520119
88650,36.01294,130.7245,6.07222
88710,36.02979,130.6262,5.621035
88770,35.96085,130.5658,5.158943
88830,35.88829,130.615,4.670405
88890,35.89491,130.7112,4.167393
88950,35.96763,130.7383,3.659972
89010,36.01322,130.6639,3.156534
89070,35.97336,130.5839,2.661803
89130,35.89973,130.6,2.165218
89190,35.88478,130.689,1.664035
89250,35.94665,130.7375,1.15573
89310,36.00426,130.6825,0.656671
89370,35.98048,130.6006,0.348127
89430,35.92021,130.6103,0.214752
89490,35.87284,130.654,0.113121
89550,35.81883,130.6301,0.113355
89610,35.76466,130.5909,0.118415
89670,35.70573,130.5493,0.119675
89730,35.65837,130.495,0.116881
89790,35.61798,130.4384,0.129301
89850,35.57492,130.3804,0.192827
89910,35.5275,130.3189,0.193639
89970,35.4796,130.2531,0.200609
90030,35.43275,130.188,0.206192
90090,35.38672,130.1251,0.204307
90150,35.34166,130.064,0.20449
90210,35.2976,130.0044,0.204429
90270,35.2538,129.9453,0.159329
90330,35.21082,129.884,0.118638
90390,35.18191,129.8124,0.116393
90450,35.15593,129.7404,0.117104
90510,35.12979,129.6702,0.116779
90570,35.10438,129.6012,0.115743
90630,35.07911,129.5335,0.115377
90690,35.05407,129.4669,0.115565
90750,35.02877,129.3997,0.11685
90810,35.01387,129.328,0.122839
90870,35.00833,129.2528,0.133111
90930,35.00256,129.176,0.130632
90990,34.99622,129.0978,0.137698
91050,34.98927,129.0184,0.138394
91110,34.98243,128.9375,0.138064
91170,34.97594,128.857,0.228148
91230,34.97021,128.7826,0.369362
91290,34.9648,128.7137,0.48801
91350,34.98863,128.6563,0.50832
91410,35.04369,128.6065,0.385267
91470,35.09785,128.5563,0.456895
91530,35.14948,128.5263,0.700623
91590,35.21149,128.5149,0.701091
91650,35.27538,128.502,0.573517
91710,35.33883,128.4937,0.543921
91770,35.4066,128.4793,0.448539
91830,35.47205,128.4666,0.428046
91890,35.53071,128.4585,0.395194
91950,35.58489,128.4563,0.39944
92010,35.64286,128.4497,0.405282
92070,35.71023,128.4395,0.426446
92130,35.77757,128.4312,0.435508
92190,35.84613,128.4219,0.413979
92250,35.91296,128.4118,0.373959
92310,35.97687,128.4016,0.354848
92370,36.03669,128.393,0.35562
92430,36.09063,128.3693,0.356601
92490,36.13545,128.3168,0.379054
92550,36.18429,128.256,0.438236
92610,36.23009,128.1993,0.557525
92670,36.26836,128.155,0.627192
92730,36.26271,128.1003,0.691271
92790,36.20318,128.1159,0.476763
92850,36.1657,128.1811,0.379319
92910,36.14916,128.2535,0.386654
92970,36.12064,128.3232,0.389992
93030,36.08023,128.3715,0.452359
93090,36.02938,128.391,0.443123
93150,35.97344,128.3996,0.446466
93210,35.91702,128.4104,0.445679
93270,35.86016,128.4201,0.445084
93330,35.80297,128.4286,0.446187
93390,35.745,128.4346,0.446151
93450,35.68613,128.4411,0.445648
93510,35.62636,128.4474,0.446176
93570,35.56549,128.4533,0.446496
93630,35.50363,128.4606,0.446308
93690,35.44091,128.4719,0.444607
93750,35.3773,128.4833,0.444901
93810,35.3133,128.4952,0.444617
93870,35.25011,128.503,0.510901
93930,35.19315,128.5231,0.547223
93990,35.13526,128.541,0.489494
94050,35.07155,128.5312,0.468625
94110,35.00928,128.5243,0.590276
94170,34.98278,128.569,1.052672
94230,35.02078,128.5998,1.420134
94290,35.08181,128.5639,1.4748
94350,35.14993,128.5226,1.475196
94410,35.22423,128.5109,1.468826
94470,35.29073,128.4998,1.469735
94530,35.34983,128.4902,1.470284
94590,35.40735,128.48,1.472824
94650,35.4697,128.4671,1.475395
94710,35.53889,128.4554,1.474221
94770,35.61238,128.4475,1.475146
94830,35.68535,128.4405,1.47225
94890,35.75702,128.4336,1.472006
94950,35.82531,128.4264,1.471666
95010,35.88824,128.4164,1.471168
95070,35.94832,128.4067,1.471823
95130,36.00695,128.398,1.473815
95190,36.06605,128.3863,1.474267
95250,36.11598,128.3424,1.474018
95310,36.16252,128.2851,1.474897
95370,36.21087,128.2251,1.484726
95430,36.26151,128.163,1.621856
95490,36.31415,128.0986,1.63196
95550,36.36882,128.0333,1.631782
95610,36.42263,127.9686,1.630228
95670,36.47422,127.9067,1.630517
95730,36.52314,127.8475,1.630553
95790,36.56918,127.7908,1.629755
95850,36.61393,127.7371,1.629202
95910,36.658,127.6825,1.631462
95970,36.71417,127.6373,1.632036
96030,36.77872,127.5948,1.633809
96090,36.81394,127.5187,1.631117
96150,36.82593,127.4298,1.631884
96210,36.84605,127.3437,1.633042
96270,36.89878,127.2819,1.633723
96330,36.96694,127.2836,1.629273
96390,37.03317,127.2988,1.630746
96450,37.09235,127.3116,1.628318
96510,37.13034,127.287,1.630065
96570,37.14422,127.2218,1.641968
96630,37.19021,127.2518,1.779971
96690,37.24532,127.2776,2.000067
96750,37.31561,127.2851,2.075525
96810,37.378,127.3233,2.069607
96870,37.43733,127.336,2.053768
96930,37.49599,127.3336,1.807957
96990,37.55733,127.3333,1.755323
97050,37.61607,127.3273,1.600576
97110,37.66231,127.293,1.410904
97170,37.67654,127.2281,1.220683
97230,37.67725,127.1649,1.099845
97290,37.63155,127.1434,0.933425
97350,37.58266,127.1382,0.720186
97410,37.53725,127.1289,0.455712
97470,37.49316,127.1213,0.195743
97530,37.44881,127.1135,0.079294
97590,37.40507,127.1286,0.606283
97650,37.37126,127.1876,0.922086
97710,37.33696,127.2619,1.103635
97770,37.30546,127.3429,0.797148
97830,37.28833,127.4334,0.465531
97890,37.28179,127.5153,0.522976
97950,37.28151,127.5954,0.934537
98010,37.30359,127.6603,1.401105
98070,37.36436,127.6677,1.861429
98130,37.40255,127.621,2.30949
98190,37.40265,127.537,2.778303
98250,37.37455,127.4676,3.246836
98310,37.3068,127.4701,3.720526
98370,37.28002,127.5422,4.194424
98430,37.28526,127.6298,4.658741
98490,37.33732,127.6688,5.113259
98550,37.39401,127.6393,5.56517
98610,37.40222,127.5525,6.024666
98670,37.38084,127.4738,6.432159
98730,37.3059,127.4591,6.821033
98790,37.22306,127.4476,7.01615
98850,37.14086,127.3878,7.00753
98910,37.05493,127.3176,7.00822
98970,36.96214,127.2583,7.009912
99030,36.86909,127.3066,7.008383
99090,36.82349,127.427,7.003171
99150,36.79691,127.5586,7.008581
99210,36.71201,127.6426,6.997197
99270,36.62078,127.7251,7.003496
99330,36.54041,127.8263,7.004258
99390,36.45825,127.9264,7.004964
99450,36.37513,128.0264,7.003491
99510,36.2917,128.1267,7.004314
99570,36.20825,128.2267,7.004268
99630,36.12506,128.326,7.003801
99690,36.02852,128.3939,7.002531
99750,35.91513,128.411,7.001449
99810,35.8017,128.4285,7.002602
99870,35.68783,128.4406,7.003293
99930,35.57369,128.4526,7.003516
99990,35.45947,128.4675,7.003044
100050,35.34601,128.4893,7.003968
100110,35.23298,128.5101,7.003516
100170,35.12308,128.5404,7.002155
100230,35.03,128.6175,7.003963
100290,34.96983,128.7233,7.001921
100350,34.97476,128.8538,7.003781
100410,34.98675,128.9845,7.003349
100470,34.99769,129.1158,7.003527
100530,35.00821,129.2472,7.003186
100590,35.01779,129.3777,6.986392
100650,34.98578,129.4823,6.700271
100710,34.92172,129.4601,6.4459
100770,34.96034,129.4149,6.101537
100830,35.02731,129.4445,5.633252
100890,35.04895,129.5167,5.153319
100950,34.98335,129.5264,4.684024
101010,34.99163,129.4546,4.197441
101070,35.03552,129.4945,3.717839
101130,34.98328,129.5256,3.247801
101190,34.97965,129.4552,2.785232
101250,35.02764,129.482,2.323516
101310,34.98254,129.515,1.856953
101370,34.98016,129.4475,1.387988
101430,35.0447,129.4653,0.932022
101490,35.07705,129.5332,0.598968
101550,35.0315,129.5404,0.31621
101610,35.01822,129.4654,0.157018
101670,35.02015,129.3903,0.121625
101730,35.01597,129.3119,0.12068
101790,35.00733,129.2286,0.121625
101850,34.99924,129.1419,0.12192
101910,34.99149,129.0527,0.121793
101970,34.98886,128.9616,0.121239
102030,34.97884,128.8701,0.140889
102090,34.96728,128.7854,0.539115
102150,34.9573,128.7078,0.96078
102210,34.98588,128.6418,1.260912
102270,35.04911,128.5913,1.534566
102330,35.1172,128.54,1.763431
102390,35.19656,128.5156,1.776644
102450,35.27867,128.5022,1.774937
102510,35.35859,128.4871,1.774972
102570,35.4346,128.4734,1.774439
102630,35.50656,128.4704,1.773651
102690,35.57614,128.4626,1.773357
102750,35.64409,128.4529,1.775851
102810,35.71271,128.4427,1.775348
102870,35.78148,128.4329,1.77549
102930,35.85042,128.4225,1.776146
102990,35.91932,128.4106,1.775292
103050,35.98904,128.4001,1.775572
103110,36.05855,128.3865,1.776288
103170,36.11654,128.339,1.775963
103230,36.16937,128.2735,1.775429
103290,36.22437,128.2071,1.775628
103350,36.28049,128.14,1.775978
103410,36.33735,128.072,1.775308
103470,36.39449,128.0032,1.775648
103530,36.45177,127.9341,1.77579
103590,36.50846,127.8645,1.775302
103650,36.5643,127.797,1.774698
103710,36.61827,127.7309,1.77453
103770,36.672,127.6699,1.775485
103830,36.73322,127.6266,1.77448
103890,36.79145,127.5826,1.852463
103950,36.81522,127.5083,1.936455
104010,36.82809,127.4185,1.93391
104070,36.84532,127.3282,1.90281
104130,36.88895,127.3151,1.65672
104190,36.87408,127.3798,1.322385
104250,36.85517,127.4552,0.974954
104310,36.83534,127.5272,0.894999
104370,36.79625,127.5831,0.897047
104430,36.74382,127.6194,0.897047
104490,36.69059,127.6543,0.896122
104550,36.64329,127.6988,0.896315
104610,36.60177,127.7508,0.895553
104670,36.56125,127.8012,0.897169
104730,36.51992,127.8507,0.89725
104790,36.47901,127.9006,0.895457
104850,36.43885,127.9495,0.897468
104910,36.39786,127.9981,0.897306
104970,36.35554,128.0502,0.896148
105030,36.31087,128.1037,0.89914
105090,36.26487,128.1592,0.897626
105150,36.21757,128.2159,0.897245
105210,36.17018,128.2721,0.896254
105270,36.1228,128.3287,0.898347
105330,36.07184,128.3812,0.895309
105390,36.00658,128.3969,0.8957
105450,35.94004,128.4069,0.898042
105510,35.87362,128.4181,0.895386
105570,35.80624,128.4283,0.895827
105630,35.73828,128.435,0.896335
105690,35.67109,128.4427,0.897072
105750,35.60403,128.4494,0.896168
105810,35.53658,128.4565,0.897773
105870,35.46877,128.4665,0.895624
105930,35.40295,128.4788,0.89662
105990,35.33905,128.4902,0.895502
106050,35.27738,128.5015,0.895467
106110,35.21481,128.5097,0.897285
106170,35.14648,128.5059,0.897717
106230,35.08264,128.4918,0.754827
106290,35.07527,128.5304,0.663052
106350,35.12745,128.5076,0.652318
106410,35.1853,128.4676,0.687243
106470,35.25295,128.4592,0.660522
106530,35.31904,128.4709,0.540075
106590,35.37807,128.4777,0.444454
106650,35.43555,128.4732,0.425938
106710,35.49682,128.4613,0.408356
106770,35.55925,128.4545,0.351643
106830,35.62062,128.4483,0.353731
106890,35.68038,128.4421,0.403205
106950,35.74089,128.4384,0.513634
107010,35.80812,128.4303,0.419339
107070,35.87148,128.4198,0.390042
107130,35.92927,128.4103,0.356357
107190,35.99459,128.3992,0.384688
107250,36.064,128.3849,0.382656
107310,36.11664,128.3404,0.381493
107370,36.16057,128.2862,0.410581
107430,36.20461,128.2324,0.46671
107490,36.24939,128.1873,0.57627
107550,36.29288,128.1349,0.627558
107610,36.33371,128.0686,0.671302
107670,36.38529,128.0093,0.596499
107730,36.43471,127.955,0.70419
107790,36.48332,127.8983,0.853877
107850,36.53283,127.8347,0.81757
107910,36.58113,127.7768,0.79563
107970,36.62835,127.72,0.736087
108030,36.67625,127.6654,0.693547
108090,36.72911,127.63,0.635081
108150,36.78506,127.6029,0.460492
108210,36.81811,127.5525,0.726796
108270,36.81968,127.4744,0.575676
108330,36.82958,127.4057,0.607405
108390,36.84946,127.3413,0.72548
108450,36.89179,127.2837,0.749325
108510,36.93525,127.2322,0.90711
108570,36.98982,127.2019,1.054583
108630,37.05746,127.2183,1.400444
108690,37.12427,127.2469,1.838518
108750,37.19168,127.2761,2.117694
108810,37.26193,127.3047,2.122439
108870,37.3282,127.3147,2.121408
108930,37.38723,127.3364,2.12442
108990,37.43554,127.3794,2.123521
109050,37.46203,127.446,2.122988
109110,37.49118,127.5037,2.123313
109170,37.52976,127.483,2.135038
109230,37.55017,127.4182,2.123821
109290,37.57181,127.3505,2.114936
109350,37.59765,127.2811,1.883278
109410,37.64157,127.2817,1.826646
109470,37.67802,127.2634,1.817431
109530,37.68782,127.1946,1.558051
109590,37.65201,127.152,1.304183
109650,37.60025,127.1398,0.9087
109710,37.55299,127.1321,0.584195
109770,37.50965,127.1244,0.313055
109830,37.46889,127.1171,0.086721
109890,37.42437,127.1168,0.434762
109950,37.38886,127.161,0.836854
110010,37.35818,127.2218,0.803661
110070,37.32602,127.2814,0.74802
110130,37.29779,127.3491,0.653527
110190,37.28806,127.4303,0.459389
110250,37.2816,127.5087,0.545622
110310,37.28293,127.5957,0.974156
110370,37.31534,127.6619,1.394831
110430,37.38058,127.6567,1.804086
110490,37.40099,127.5807,2.223094
110550,37.39003,127.4931,2.674168
110610,37.32575,127.4664,3.120517
110670,37.28195,127.5268,3.54487
110730,37.28585,127.6213,3.961501
110790,37.34393,127.6657,4.380149
110850,37.39896,127.6133,4.795276
110910,37.39861,127.5088,5.199177
110970,37.34253,127.4553,5.616422
111030,37.29008,127.5182,6.021364
111090,37.28636,127.6166,6.422745
111150,37.34221,127.6656,6.809542
111210,37.39743,127.617,7.012808
111270,37.36762,127.5177,6.738767
111330,37.2833,127.4953,6.175294
111390,37.21686,127.5675,5.597184
111450,37.24483,127.6592,5.009413
111510,37.32718,127.6733,4.420601
111570,37.41396,127.6528,3.832748
111630,37.46156,127.5754,3.341431
111690,37.44683,127.469,3.00768
111750,37.40543,127.3876,2.81462
111810,37.34301,127.3472,2.625877
111870,37.27285,127.344,2.428275
111930,37.21229,127.299,2.201687
111990,37.18478,127.2094,1.894352
112050,37.1749,127.114,1.581719
112110,37.16062,127.0314,1.347678
112170,37.13803,126.9668,0.875777
112230,37.09832,126.9589,0.395417
112290,37.09035,127.0035,0.058466
112350,37.09305,127.0355,-0.00757
