src/Components/missions/KORUS-AQ/Tracks/KORUSAQ-B200TRK_MODEL_20160518_RA.ICT
35,1001
GeoTASO Team
NASA GSFC
B-200 (N817NA) GeoTASO
KORUS-AQ 2016
1,1
2016,05,18,2016,05,23
1
UTC_mid,seconds, mid time UTC from midnight of the starting data collecting day 
3
1,1,1
-9999,-9999,-9999
Lat, degN, 60 second average of latitude
Lon, degE, 60 second average of longitude
AltGPS, km, 60 second average of GPS altitude
1
Data from GeoTASO instrument
17
PI_CONTACT_INFO: Scott Janz
Platform: B-200 King Air
LOCATION: Included in data records
ASSOCIATED_DATA: N/A
INSTRUMENT_INFO:http://www.nserc.und.edu/PDFs/ExperimenterHandbook.pdf
DATA_INFO: data averaged into 60s intervals
UNCERTAINTY: Reference DC-8 Experimenter Handbook located at https://airbornescience.nasa.gov/sites/default/files/DC8_Experimenter_Handbook_Jan2011v2.pdf
ULOD_FLAG: -7777
ULOD_VALUE: N/A
LLOD_FLAG: -8888
LLOD_VALUE: N/A;
DM_CONTACT_INFO: Gao Chen 
PROJECT_INFO: N/A
STIPULATIONS_ON_USE: N/A
OTHER_COMMENTS: N/A
REVISION: RA
UTC_mid,Lat,Lon,AltGPS
12960,37.09124037,127.045183,0.032874356
13020,37.09136348,127.0450587,0.033020219
13080,37.09178607,127.0433958,0.033154149
13140,37.08843562,127.0128018,0.195417844
13200,37.07668541,126.9608498,0.682682699
13260,37.04554168,126.9705566,1.219739489
13320,37.06822423,127.0142068,1.703933917
13380,37.10306617,127.0603301,2.071341129
13440,37.14285961,127.111482,2.238245586
13500,37.18130894,127.1667372,2.219727973
13560,37.21689611,127.2223233,2.308669436
13620,37.25338631,127.2754624,2.526073057
13680,37.2905259,127.3287455,2.842200831
13740,37.32677657,127.3802502,3.239216923
13800,37.3631872,127.4313655,3.626452278
13860,37.39943116,127.4830394,4.002269912
13920,37.43392854,127.5365221,4.362318659
13980,37.46816818,127.5891467,4.744583956
14040,37.51355052,127.6167737,5.078120679
14100,37.55435459,127.583323,5.368404148
14160,37.55492567,127.5200563,5.628218995
14220,37.53883264,127.4555672,5.88796856
14280,37.52180887,127.3903572,6.1425845
14340,37.50531859,127.3272734,6.426655879
14400,37.48961708,127.266645,6.674504397
14460,37.4732987,127.2068297,6.898301024
14520,37.46658855,127.1468709,7.060590497
14580,37.50600111,127.1225902,7.170554319
14640,37.51384736,127.1737516,7.318511246
14700,37.47297803,127.226398,7.549991223
14760,37.43943529,127.2855904,7.704748863
14820,37.40919276,127.3495104,7.83466099
14880,37.37698473,127.4145592,7.944640287
14940,37.34467077,127.4821207,8.031726216
15000,37.32003378,127.5552804,8.160152261
15060,37.29778064,127.6292633,8.253936759
15120,37.2746572,127.7024048,8.407378966
15180,37.24515297,127.7689713,8.474968064
15240,37.19275618,127.784288,8.599137439
15300,37.14489081,127.7540082,8.711339853
15360,37.0951997,127.7246662,8.795809386
15420,37.04401773,127.6939735,8.857471118
15480,36.99056997,127.6627082,8.858043247
15540,36.9354353,127.6303027,8.864643998
15600,36.8793979,127.597591,8.867190284
15660,36.82273119,127.5640129,8.869504053
15720,36.76525973,127.5307402,8.872552443
15780,36.70416176,127.516223,8.868346679
15840,36.65347741,127.5740619,8.876417143
15900,36.6018453,127.6384845,8.871273407
15960,36.54954849,127.7023857,8.87331965
16020,36.49728048,127.7662478,8.877508009
16080,36.44476045,127.8302688,8.880492288
16140,36.39181893,127.8937938,8.882451051
16200,36.33903417,127.9575257,8.889615642
16260,36.28632018,128.0210754,8.88237331
16320,36.23346198,128.0848549,8.878573403
16380,36.18052761,128.1482694,8.879852199
16440,36.1274759,128.211848,8.885742189
16500,36.07442125,128.2752968,8.888762004
16560,36.02061735,128.3383419,8.876021703
16620,35.96725928,128.4019046,8.879061388
16680,35.91542345,128.4676784,8.879544913
16740,35.8609033,128.530308,8.86724547
16800,35.80584528,128.5915979,8.884762119
16860,35.7419484,128.6337188,8.874580877
16920,35.67534603,128.6711889,8.871708896
16980,35.60949912,128.7106284,8.881130474
17040,35.544035,128.7496317,8.897706737
17100,35.48234132,128.7979968,8.886356773
17160,35.42820191,128.8612719,8.886154851
17220,35.37384244,128.9241536,8.886626414
17280,35.3195981,128.9870171,8.890425291
17340,35.26514543,129.0499493,8.891474149
17400,35.22422341,129.1170412,8.888745408
17460,35.25226445,129.1333517,8.895043627
17520,35.27192511,129.0770555,8.89136706
17580,35.30124032,129.0266095,8.886393123
17640,35.34433648,128.9900188,8.889922314
17700,35.38757602,128.9529744,8.890049004
17760,35.43128961,128.916025,8.888941932
17820,35.47491598,128.87864,8.885595095
17880,35.51861216,128.8411116,8.889875504
17940,35.56283528,128.8035562,8.888926996
18000,35.60717507,128.7653569,8.885752154
18060,35.6516752,128.7272447,8.883605262
18120,35.69599332,128.6892831,8.883381194
18180,35.74120281,128.6534329,8.885878255
18240,35.79510051,128.651027,8.887323187
18300,35.83085425,128.7122713,8.88304317
18360,35.84866404,128.7965436,8.878832899
18420,35.86546101,128.881531,8.881025916
18480,35.88179452,128.9669898,8.877409843
18540,35.89880461,129.0527074,8.879117033
18600,35.91524488,129.1389804,8.878162392
18660,35.9313183,129.2256869,8.877828995
18720,35.95054418,129.3100872,8.877844522
18780,35.9956938,129.3646361,8.879640749
18840,36.04611841,129.3492348,8.876786145
18900,36.08062794,129.295466,8.877989059
18960,36.11325067,129.2396124,8.889245282
19020,36.1459389,129.1831038,8.881000208
19080,36.17898569,129.1264524,8.87964422
19140,36.21169021,129.0698215,8.876309231
19200,36.24447129,129.0134379,8.876999242
19260,36.27681557,128.9570371,8.88009373
19320,36.30903102,128.8997981,8.867062446
19380,36.34076042,128.8419744,8.873731454
19440,36.37147366,128.7846993,8.90088801
19500,36.40406036,128.7285302,8.885457635
19560,36.43671833,128.6717115,8.879134607
19620,36.46941022,128.6144936,8.878408876
19680,36.502053,128.5572222,8.874927323
19740,36.53431348,128.5000365,8.869918483
19800,36.56628279,128.4430895,8.868801069
19860,36.597727,128.3866897,8.880024983
19920,36.62926693,128.3307253,8.873241876
19980,36.66038236,128.2750247,8.887186438
20040,36.69158938,128.2200959,8.891642346
20100,36.72320774,128.1650929,8.873475217
20160,36.75507536,128.110207,8.878510078
20220,36.78622277,128.0549435,8.880195438
20280,36.81756492,127.999544,8.877920355
20340,36.84892173,127.9434626,8.86706163
20400,36.87997459,127.8873719,8.868703894
20460,36.91106316,127.8313179,8.867434568
20520,36.94282134,127.7757419,8.872521344
20580,36.97418568,127.7196397,8.871718119
20640,36.98694975,127.6574824,8.889066543
20700,36.94161061,127.6140654,8.886585925
20760,36.88217868,127.5816518,8.874421957
20820,36.82203216,127.5502383,8.873585616
20880,36.7604817,127.5224712,8.873043454
20940,36.69471389,127.5327062,8.873227635
21000,36.63921534,127.5935579,8.878435531
21060,36.58584435,127.6592189,8.880504861
21120,36.53202123,127.7247666,8.876799818
21180,36.47772913,127.7896617,8.880582865
21240,36.42416864,127.8558528,8.881059891
21300,36.36998893,127.9214488,8.879561194
21360,36.31564776,127.9867883,8.880690118
21420,36.2609539,128.0513702,8.877610066
21480,36.20761702,128.1172471,8.884992653
21540,36.15356985,128.182519,8.883976357
21600,36.09884579,128.2472427,8.88286846
21660,36.04423722,128.3124538,8.883633502
21720,35.98933206,128.3775969,8.882602479
21780,35.93435128,128.442477,8.886082462
21840,35.87974733,128.5078187,8.887056627
21900,35.82466022,128.5722568,8.887635476
21960,35.76111647,128.619599,8.888844435
22020,35.69393016,128.6603213,8.890570401
22080,35.62651646,128.700845,8.89134171
22140,35.55888471,128.7410752,8.89229568
22200,35.49412198,128.7867441,8.894293517
22260,35.4382063,128.8493637,8.894867158
22320,35.38283039,128.9131978,8.897040455
22380,35.32762991,128.9772522,8.90001359
22440,35.27181635,129.0410796,8.894561602
22500,35.21383228,129.0933329,8.901761349
22560,35.19691014,129.0649521,8.907927547
22620,35.24998408,129.0516496,8.900576277
22680,35.30142783,129.0293549,8.899603204
22740,35.3461689,128.9902571,8.891950501
22800,35.39113723,128.9512833,8.896050809
22860,35.43607797,128.9124586,8.896956873
22920,35.48144036,128.8740355,8.90226306
22980,35.52611767,128.8344674,8.901990552
23040,35.57125074,128.7958142,8.896692291
23100,35.61658102,128.7574358,8.902494156
23160,35.66204234,128.7189519,8.90182583
23220,35.70748193,128.6800421,8.905139322
23280,35.75786721,128.6561759,8.907621919
23340,35.80959588,128.695749,8.900740759
23400,35.83941002,128.7750709,8.896937938
23460,35.86002945,128.861108,8.892366214
23520,35.87796864,128.9481121,8.883328964
23580,35.89432683,129.0354103,8.885039745
23640,35.91045636,129.1225674,8.885559964
23700,35.92805564,129.2085374,8.889100343
23760,35.94401951,129.2952879,8.890891162
23820,35.97476781,129.3658124,8.891407804
23880,36.02760433,129.363593,8.890677143
23940,36.06628231,129.3167087,8.883838475
24000,36.0991402,129.2626008,8.883211214
24060,36.13139293,129.2073569,8.875508385
24120,36.16352662,129.151998,8.87752478
24180,36.1952861,129.0969622,8.890712058
24240,36.2269988,129.0416941,8.885458416
24300,36.25865166,128.9859807,8.885915522
24360,36.29024803,128.9301012,8.88521251
24420,36.32216154,128.8745953,8.882089785
24480,36.35339568,128.8189549,8.883897336
24540,36.38464155,128.7634486,8.882821318
24600,36.41615666,128.7078582,8.8802643
24660,36.44781704,128.6524161,8.880952627
24720,36.4791238,128.5967144,8.880310279
24780,36.51066348,128.5406786,8.880529236
24840,36.54230572,128.4844421,8.880948817
24900,36.57464027,128.4282568,8.880385294
24960,36.60654659,128.3714027,8.878332036
25020,36.63866893,128.3145805,8.881922842
25080,36.67119009,128.2578547,8.880644479
25140,36.70303388,128.2006349,8.880747489
25200,36.73548704,128.1441436,8.87499628
25260,36.76798029,128.0875297,8.876607429
25320,36.79996414,128.0303481,8.875296329
25380,36.83223365,127.9736684,8.874616859
25440,36.8643315,127.9169854,8.873108964
25500,36.89596659,127.8600879,8.874267453
25560,36.92772967,127.8029572,8.873273508
25620,36.95987687,127.7461457,8.875361603
25680,36.99193718,127.6892464,8.874032462
25740,37.038484,127.6619393,8.878534934
25800,37.09555418,127.6985831,8.874747382
25860,37.15246621,127.7426317,8.870127707
25920,37.21095842,127.7771139,8.868813357
25980,37.25792134,127.7499809,8.865342162
26040,37.28006143,127.6860169,8.867310443
26100,37.30081277,127.6205324,8.871944251
26160,37.32081317,127.5548353,8.878776907
26220,37.34086061,127.4885265,8.871247119
26280,37.36023464,127.4219251,8.881300644
26340,37.37929085,127.3551583,8.881008508
26400,37.39860763,127.2880465,8.872697897
26460,37.41790197,127.2208338,8.870870257
26520,37.43827163,127.1545131,8.867983416
26580,37.48207241,127.1150404,8.861251191
26640,37.53681472,127.1392602,8.860142749
26700,37.50602753,127.1867117,8.867643344
26760,37.43864131,127.2028405,8.883341641
26820,37.37645878,127.24929,8.877508222
26880,37.31597122,127.3041222,8.873321422
26940,37.25530447,127.3596829,8.870165274
27000,37.18956432,127.3969268,8.722359055
27060,37.11899355,127.4057032,8.309499685
27120,37.05709664,127.4343835,7.773320691
27180,37.05089497,127.5101273,7.525837028
27240,37.07694429,127.5651574,7.159951127
27300,37.12856811,127.5670896,6.82530808
27360,37.18263903,127.5586051,6.234918459
27420,37.23450958,127.5206731,5.563683542
27480,37.28502521,127.4766648,4.882535065
27540,37.33405896,127.4338958,4.232664848
27600,37.38244483,127.3920731,3.593044069
27660,37.41106918,127.407116,3.104441881
27720,37.3711106,127.4359897,2.680015187
27780,37.31740838,127.4357899,2.360146463
27840,37.26482361,127.4268734,2.0428464
27900,37.22071391,127.3961562,1.818275571
27960,37.18022771,127.3666837,1.702434496
28020,37.13960456,127.3301853,1.517309281
28080,37.11306477,127.2770499,1.227916772
28140,37.10595565,127.2170725,0.910132472
28200,37.10130986,127.1635095,0.634672824
28260,37.09771931,127.1183116,0.411475828
28320,37.09425423,127.074088,0.193430211
28380,37.09128882,127.0377419,0.043134081
28440,37.08922265,127.0297866,0.034667239
28500,37.08788642,127.029451,0.034618776
