src/Components/missions/KORUS-AQ/Tracks/KORUSAQ-B200TRK_MODEL_20160501_RA.ICT
35,1001
GeoTASO Team
NASA GSFC
B-200 (N817NA) GeoTASO
KORUS-AQ 2016
1,1
2016,05,01,2016,05,03
1
UTC_mid,seconds, mid time UTC from midnight of the starting data collecting day 
3
1,1,1
-9999,-9999,-9999
Lat_60s, degN, 60 second average of latitude
Lon_60s, degE, 60 second average of longitude
AltGPS_60s, km, 60 second average of GPS altitude
1
Data from GeoTASO instrument
17
PI_CONTACT_INFO: Scott Janz
Platform: B-200 King Air
LOCATION: Included in data records
ASSOCIATED_DATA: N/A
INSTRUMENT_INFO:http://www.nserc.und.edu/PDFs/ExperimenterHandbook.pdf
DATA_INFO: data averaged into 60s intervals
UNCERTAINTY: Reference DC-8 Experimenter Handbook located at https://airbornescience.nasa.gov/sites/default/files/DC8_Experimenter_Handbook_Jan2011v2.pdf
ULOD_FLAG: -7777
ULOD_VALUE: N/A
LLOD_FLAG: -8888
LLOD_VALUE: N/A;
DM_CONTACT_INFO: Gao Chen 
PROJECT_INFO: N/A
STIPULATIONS_ON_USE: N/A
OTHER_COMMENTS: N/A
REVISION: RA
UTC_mid,Lat_60s,Lon_60s,AltGPS_60s
80340,37.08789,127.0292,0.033953
80400,37.0879,127.0292,0.035199
80460,37.08786,127.0292,0.035785
80520,37.08805,127.0295,0.035964
80580,37.08888,127.0319,0.034988
80640,37.08933,127.0372,0.035034
80700,37.08997,127.0425,0.035675
80760,37.09094,127.0449,0.035808
80820,37.09096,127.0449,0.035861
80880,37.09096,127.0449,0.035888
80940,37.09096,127.0449,0.035912
81000,37.09096,127.0449,0.035932
81060,37.09096,127.0449,0.036073
81120,37.09096,127.0449,0.03637
81180,37.09096,127.0449,0.036555
81240,37.09096,127.0449,0.036479
81300,37.09096,127.0449,0.036643
81360,37.09096,127.0449,0.036868
81420,37.09109,127.0448,0.036916
81480,37.09111,127.0351,0.05493
81540,37.08041,126.998,0.435618
81600,37.04227,127.0047,0.897275
81660,37.01107,127.039,1.360632
81720,37.02736,127.0962,1.819134
81780,37.05759,127.1604,1.960023
81840,37.08803,127.2236,2.279177
81900,37.11586,127.2822,2.75921
81960,37.1431,127.3389,3.261429
82020,37.16907,127.3931,3.73957
82080,37.19445,127.449,4.171249
82140,37.22056,127.5058,4.544123
82200,37.24704,127.566,4.883643
82260,37.27548,127.6277,5.200079
82320,37.30538,127.6897,5.5171
82380,37.33515,127.7525,5.808139
82440,37.36574,127.8153,6.080598
82500,37.40655,127.8624,6.341233
82560,37.44459,127.8362,6.575559
82620,37.45265,127.7786,6.82321
82680,37.45843,127.7209,7.037301
82740,37.46433,127.6627,7.253165
82800,37.47128,127.6042,7.475485
82860,37.47755,127.5466,7.684759
82920,37.48481,127.4888,7.868904
82980,37.48988,127.4311,8.052835
83040,37.49425,127.3734,8.202189
83100,37.50025,127.3155,8.352159
83160,37.50731,127.2583,8.536005
83220,37.51287,127.2044,8.687645
83280,37.50761,127.1568,8.785532
83340,37.46703,127.1722,8.832068
83400,37.41949,127.2152,8.850872
83460,37.36818,127.258,8.840887
83520,37.31467,127.2962,8.842198
83580,37.26051,127.2896,8.83621
83640,37.21585,127.2505,8.847839
83700,37.16981,127.2113,8.839938
83760,37.12533,127.1702,8.705477
83820,37.07653,127.1259,8.409236
83880,37.02365,127.0826,8.156766
83940,36.96956,127.0382,7.925788
84000,36.91699,126.9897,7.735218
84060,36.86337,126.9446,7.601899
84120,36.81173,126.9008,7.579085
84180,36.76124,126.858,7.580249
84240,36.70529,126.8269,7.453227
84300,36.63721,126.8287,7.22889
84360,36.56817,126.832,6.992906
84420,36.49962,126.8341,6.708785
84480,36.43174,126.8363,6.435676
84540,36.36533,126.8343,6.158621
84600,36.30153,126.8273,5.886799
84660,36.23804,126.8217,5.703921
84720,36.175,126.8149,5.684922
84780,36.11237,126.8082,5.684977
84840,36.05144,126.8023,5.691109
84900,35.99108,126.7952,5.686583
84960,35.93034,126.7884,5.687198
85020,35.8695,126.7814,5.702465
85080,35.80845,126.7747,5.7126
85140,35.74691,126.7678,5.703861
85200,35.68521,126.7613,5.702537
85260,35.6235,126.7548,5.699737
85320,35.56149,126.7483,5.692599
85380,35.49935,126.7416,5.692123
85440,35.43733,126.7342,5.695329
85500,35.37512,126.7278,5.697187
85560,35.31287,126.7208,5.702364
85620,35.25021,126.7149,5.702847
85680,35.18739,126.7082,5.695882
85740,35.12681,126.6921,5.703285
85800,35.07417,126.6547,5.710345
85860,35.02797,126.6062,5.708758
85920,34.98147,126.5581,5.707523
85980,34.92572,126.5282,5.700036
86040,34.86464,126.5149,5.702637
86100,34.80243,126.5064,5.708198
86160,34.73982,126.4996,5.698774
86220,34.67745,126.4932,5.699814
86280,34.6158,126.4858,5.705269
86340,34.55379,126.4793,5.707578
86400,34.49173,126.4726,5.714073
86460,34.43009,126.4667,5.72692
86520,34.36801,126.4638,5.723659
86580,34.30565,126.4748,5.726073
86640,34.24348,126.4881,5.729389
86700,34.18096,126.5006,5.711869
86760,34.11839,126.5135,5.713529
86820,34.05608,126.5254,5.713512
86880,33.99363,126.536,5.711273
86940,33.93143,126.548,5.720762
87000,33.86964,126.5611,5.717525
87060,33.81,126.5536,5.720595
87120,33.75288,126.5282,5.734238
87180,33.69514,126.504,5.735006
87240,33.63836,126.4782,5.71653
87300,33.58179,126.4531,5.712372
87360,33.52525,126.4288,5.717057
87420,33.46926,126.4038,5.744972
87480,33.41259,126.3795,5.747842
87540,33.35588,126.3552,5.734172
87600,33.29855,126.3309,5.728129
87660,33.24097,126.3066,5.727037
87720,33.18316,126.2832,5.732639
87780,33.12623,126.2586,5.728153
87840,33.06805,126.2426,5.731047
87900,33.01683,126.2793,5.722739
87960,33.0029,126.3577,5.719013
88020,33.01461,126.4395,5.731728
88080,33.06899,126.4881,5.727247
88140,33.13678,126.517,5.733833
88200,33.20462,126.5465,5.736895
88260,33.27257,126.5762,5.729391
88320,33.34096,126.605,5.71054
88380,33.40946,126.6338,5.706451
88440,33.47762,126.6634,5.727193
88500,33.5454,126.6926,5.719867
88560,33.61549,126.7026,5.723174
88620,33.6864,126.7113,5.724957
88680,33.75739,126.7198,5.71584
88740,33.82833,126.7274,5.710834
88800,33.89898,126.7351,5.713011
88860,33.96924,126.7417,5.71296
88920,34.03918,126.7477,5.71006
88980,34.10886,126.7551,5.704985
89040,34.17839,126.7625,5.712332
89100,34.2484,126.7698,5.716546
89160,34.31845,126.7781,5.712796
89220,34.38869,126.7847,5.709009
89280,34.459,126.7914,5.70434
89340,34.52949,126.7982,5.704408
89400,34.59962,126.8064,5.715329
89460,34.67018,126.8152,5.714881
89520,34.74116,126.8223,5.712921
89580,34.81219,126.8298,5.706034
89640,34.88312,126.8376,5.702779
89700,34.95391,126.8456,5.699746
89760,35.02456,126.8524,5.700297
89820,35.09526,126.8607,5.705167
89880,35.1658,126.8687,5.706111
89940,35.23655,126.8756,5.705732
90000,35.30735,126.8839,5.702601
90060,35.37808,126.8919,5.709307
90120,35.44884,126.8997,5.722851
90180,35.51958,126.9073,5.714625
90240,35.59039,126.9151,5.712188
90300,35.66129,126.9239,5.707821
90360,35.73203,126.9326,5.714763
90420,35.80269,126.9405,5.707054
90480,35.87367,126.9482,5.6948
90540,35.94462,126.9559,5.693082
90600,36.01515,126.9643,5.710307
90660,36.08541,126.972,5.719178
90720,36.15609,126.9794,5.707114
90780,36.22683,126.986,5.704422
90840,36.2975,126.9936,5.701765
90900,36.36828,127.0016,5.699764
90960,36.43843,127.0017,5.704682
91020,36.50842,126.9989,5.708071
91080,36.57832,126.995,5.700262
91140,36.64885,126.9923,5.652328
91200,36.72093,126.9912,5.519069
91260,36.79259,127.007,5.389463
91320,36.84993,127.0622,5.37345
91380,36.88441,127.139,5.369847
91440,36.91529,127.2177,5.38076
91500,36.96734,127.2776,5.376219
91560,37.03211,127.3049,5.372438
91620,37.10146,127.3127,5.383143
91680,37.16592,127.2958,5.388452
91740,37.22494,127.2568,5.366737
91800,37.28368,127.2178,5.369275
91860,37.34253,127.1795,5.364515
91920,37.40177,127.1415,5.359976
91980,37.46565,127.1175,5.375586
92040,37.52642,127.1334,5.372866
92100,37.49928,127.1763,5.3619
92160,37.44524,127.2092,5.370567
92220,37.3907,127.2439,5.370007
92280,37.33841,127.2861,5.365555
92340,37.29215,127.3357,5.155071
92400,37.29296,127.4212,4.30962
92460,37.30864,127.504,3.528822
92520,37.35569,127.5491,2.680195
92580,37.39197,127.5076,2.041881
92640,37.36921,127.4539,1.893731
92700,37.34079,127.4031,1.895867
92760,37.31469,127.3615,1.894464
92820,37.26381,127.3626,1.739023
92880,37.22397,127.3755,1.29006
92940,37.16294,127.386,1.011021
93000,37.13811,127.3594,0.999551
93060,37.12038,127.3159,0.979451
93120,37.10892,127.2701,0.990959
93180,37.1056,127.2224,0.978237
93240,37.1027,127.1732,0.717743
93300,37.0991,127.1276,0.454988
93360,37.09539,127.0841,0.29164
93420,37.09178,127.0429,0.091262
93480,37.09531,127.0048,0.399063
93540,37.11615,127.0277,0.501823
93600,37.1259,127.0788,0.537759
93660,37.10945,127.1021,0.392181
93720,37.09453,127.071,0.185005
93780,37.09122,127.0371,0.037615
93840,37.08913,127.0298,0.030799
93900,37.08787,127.0294,0.030637
