src/Components/missions/KORUS-AQ/Tracks/KORUSAQ-B200TRK_MODEL_20160510_RA.ICT
35,1001
GeoTASO Team
NASA GSFC
B-200 (N817NA) GeoTASO
KORUS-AQ 2016
1,1
2016,05,10,2016,05,12
1
UTC_mid,seconds, mid time UTC from midnight of the starting data collecting day 
3
1,1,1
-9999,-9999,-9999
Lat, degN, 60 second average of latitude
Lon, degE, 60 second average of longitude
AltGPS, km, 60 second average of GPS altitude
1
Data from GeoTASO instrument
17
PI_CONTACT_INFO: Scott Janz
Platform: B-200 King Air
LOCATION: Included in data records
ASSOCIATED_DATA: N/A
INSTRUMENT_INFO:http://www.nserc.und.edu/PDFs/ExperimenterHandbook.pdf
DATA_INFO: data averaged into 60s intervals
UNCERTAINTY: Reference DC-8 Experimenter Handbook located at https://airbornescience.nasa.gov/sites/default/files/DC8_Experimenter_Handbook_Jan2011v2.pdf
ULOD_FLAG: -7777
ULOD_VALUE: N/A
LLOD_FLAG: -8888
LLOD_VALUE: N/A;
DM_CONTACT_INFO: Gao Chen 
PROJECT_INFO: N/A
STIPULATIONS_ON_USE: N/A
OTHER_COMMENTS: N/A
REVISION: RA
UTC_mid,Lat,Lon,AltGPS
76760,37.08789842,127.0292449,0.034702579
76820,37.08790439,127.0292484,0.034592381
76880,37.08791261,127.0292481,0.03379054
76940,37.08791124,127.0292432,0.034187685
77000,37.08786453,127.0292171,0.042166174
77060,37.08787368,127.0292265,0.041996935
77120,37.08786899,127.0292195,0.043703347
77180,37.08791812,127.0292494,0.034231304
77240,37.08790924,127.0292459,0.034700839
77300,37.0879103,127.0292471,0.034368937
77360,37.08791323,127.0292522,0.034375074
77420,37.08791436,127.029253,0.034382253
77480,37.08791321,127.0292519,0.034474185
77540,37.0879118,127.0292504,0.03471107
77600,37.08791203,127.0292484,0.034890325
77660,37.08790867,127.0292523,0.034033767
77720,37.08791456,127.029244,0.043407118
77780,37.08790739,127.0292492,0.052926605
77840,37.08791002,127.0292492,0.034156063
77900,37.08791022,127.0292489,0.033800957
77960,37.08791123,127.0292499,0.033854266
78020,37.08791197,127.0292497,0.033810523
78080,37.0879124,127.0292494,0.033784573
78140,37.08791283,127.0292491,0.033758623
78200,37.08791327,127.0292487,0.033732673
78260,37.0879137,127.0292484,0.033706723
78320,37.08791413,127.0292481,0.033680773
78380,37.08791456,127.0292477,0.033654824
78440,37.08791499,127.0292474,0.033628874
78500,37.08791542,127.0292471,0.033602924
78560,37.08791585,127.0292467,0.033576974
78620,37.08791629,127.0292464,0.033551024
78680,37.08791671,127.0292461,0.033525074
78740,37.08791715,127.0292457,0.033499125
78800,37.08791758,127.0292454,0.033473175
78860,37.08791801,127.0292451,0.033447225
78920,37.08791844,127.0292448,0.033421275
78980,37.08791888,127.0292444,0.033395325
79040,37.08791931,127.0292441,0.033369375
79100,37.08791973,127.0292438,0.033343425
79160,37.08792017,127.0292434,0.033317476
79220,37.0879206,127.0292431,0.033291526
79280,37.08792103,127.0292428,0.033265576
79340,37.08792147,127.0292424,0.033239626
79400,37.08792189,127.0292421,0.033213676
79460,37.08792233,127.0292418,0.033187726
79520,37.08792276,127.0292415,0.033161777
79580,37.08792319,127.0292411,0.033135827
79640,37.08792362,127.0292408,0.033109877
79700,37.08792405,127.0292405,0.033083927
79760,37.08792449,127.0292401,0.033057977
79820,37.08792491,127.0292398,0.033032027
79880,37.08792535,127.0292395,0.033006078
79940,37.08792578,127.0292391,0.032980128
80000,37.08792621,127.0292388,0.032954178
80060,37.08792664,127.0292385,0.032928228
80120,37.08792707,127.0292381,0.032902278
80180,37.08792751,127.0292378,0.032876328
80240,37.08792793,127.0292375,0.032850379
80300,37.08792837,127.0292372,0.032824429
80360,37.0879288,127.0292368,0.032798479
80420,37.08792923,127.0292365,0.032772529
80480,37.08792967,127.0292362,0.032746579
80540,37.08793009,127.0292358,0.032720629
80600,37.08793052,127.0292355,0.03269468
80660,37.08793096,127.0292352,0.03266873
80720,37.08793863,127.029229,0.033056715
80780,37.08794976,127.0292037,0.033787154
80840,37.08791426,127.0292437,0.033219555
80900,37.08791197,127.0292459,0.033658376
80960,37.08790946,127.0292454,0.033265973
81020,37.08791094,127.0292468,0.032979889
81080,37.08791169,127.0292468,0.032788716
81140,37.08791235,127.029247,0.032713567
81200,37.08791064,127.0292451,0.032774976
81260,37.08791042,127.0292428,0.032751128
81320,37.08791598,127.0292404,0.032610171
81380,37.08793794,127.0292325,0.032559288
81440,37.08794693,127.0292082,0.03363759
81500,37.08792962,127.0292336,0.033109747
81560,37.08791192,127.0292458,0.033783005
81620,37.08813845,127.0295888,0.033370696
81680,37.08887917,127.0318826,0.033613201
81740,37.08927753,127.0366626,0.034086697
81800,37.08988134,127.0422083,0.034473415
81860,37.09114432,127.0453017,0.034206027
81920,37.09129405,127.0454182,0.033875554
81980,37.09133137,127.04536,0.033865249
82040,37.09159356,127.0414547,0.034717533
82100,37.08847492,127.0015393,0.265492089
82160,37.06629503,126.9622978,0.776699626
82220,37.04440898,127.0005159,1.293625852
82280,37.05426699,127.0525512,1.804775062
82340,37.08834237,127.0915191,2.123908673
82400,37.12513548,127.1346496,2.173246193
82460,37.15297803,127.1819587,2.16672126
82520,37.17738792,127.2303153,2.172635394
82580,37.20409794,127.281532,2.170409867
82640,37.23291102,127.3345864,2.261403874
82700,37.2608617,127.383606,2.726382117
82760,37.2891708,127.4330823,3.180538075
82820,37.31642254,127.48561,3.611422262
82880,37.34408337,127.5386385,4.065989213
82940,37.37701125,127.5759,4.547964088
83000,37.41692153,127.5991556,4.919413221
83060,37.45803579,127.6233602,5.280616859
83120,37.49965458,127.6455001,5.612889641
83180,37.53344142,127.6253866,5.927613201
83240,37.51740658,127.5706996,6.165380221
83300,37.47570052,127.5202168,6.381899073
83360,37.43457736,127.4670873,6.622305839
83420,37.39357499,127.4100429,6.805675313
83480,37.35004698,127.3508988,6.947642811
83540,37.30594291,127.2890032,7.083448921
83600,37.31255245,127.2394734,7.298262501
83660,37.34598393,127.2086333,7.481955702
83720,37.37913407,127.1780471,7.658744759
83780,37.41248316,127.1464984,7.82228879
83840,37.44749095,127.11843,7.958986998
83900,37.48835518,127.1167439,8.089270873
83960,37.52908581,127.1262164,8.221669675
84020,37.53104226,127.1854949,8.376876762
84080,37.51815971,127.2575718,8.503992296
84140,37.51856021,127.3278411,8.615780203
84200,37.51928373,127.3995215,8.643557312
84260,37.51951421,127.475426,8.636665895
84320,37.51898634,127.5542854,8.641529602
84380,37.51921153,127.6341801,8.632844399
84440,37.51878151,127.7150666,8.62770169
84500,37.51809529,127.7965924,8.622414746
84560,37.50817211,127.8742484,8.623570377
84620,37.47327659,127.8494998,8.62916112
84680,37.46148769,127.7713499,8.626225058
84740,37.46183707,127.6936171,8.620317701
84800,37.46200851,127.6149989,8.629124733
84860,37.46259071,127.5359245,8.628133687
84920,37.4625197,127.4562988,8.643162433
84980,37.46273823,127.3760441,8.646189333
85040,37.46300775,127.2953804,8.651759726
85100,37.46216767,127.2148544,8.662126462
85160,37.46231303,127.1347635,8.656542893
85220,37.46798489,127.0580224,8.654110271
85280,37.4956003,126.9961992,8.6518662
85340,37.52534708,126.9350525,8.646101218
85400,37.55486551,126.8735497,8.651750401
85460,37.58424368,126.8117915,8.657479917
85520,37.61127371,126.7481834,8.656120515
85580,37.60073683,126.6797054,8.651482588
85640,37.55219337,126.7051929,8.653904676
85700,37.53137482,126.7892343,8.663444373
85760,37.50778283,126.8727051,8.668362879
85820,37.46155472,126.8908963,8.65124939
85880,37.46008289,126.8197825,8.655889132
85940,37.46158016,126.7432351,8.674153998
86000,37.46192077,126.6662153,8.67932456
86060,37.46213869,126.5890031,8.679724164
86120,37.46253747,126.5117427,8.677855583
86180,37.46203092,126.4339326,8.669258391
86240,37.45054184,126.3609734,8.670759537
86300,37.40913243,126.3852248,8.668663536
86360,37.40664946,126.4678979,8.665586931
86420,37.40694515,126.5514358,8.657202128
86480,37.40737394,126.6356351,8.657492409
86540,37.40782653,126.7206602,8.651473748
86600,37.4086268,126.8065781,8.648970074
86660,37.40764778,126.8929707,8.656231513
86720,37.40787799,126.9785748,8.656577426
86780,37.40757882,127.0630931,8.653822411
86840,37.40746431,127.1467202,8.646801233
86900,37.40810066,127.2302398,8.642628253
86960,37.40744437,127.3133858,8.645741216
87020,37.40765209,127.3959758,8.633760482
87080,37.40672821,127.4786356,8.641358204
87140,37.40620862,127.5612916,8.641275022
87200,37.4050251,127.6446907,8.63881774
87260,37.40486697,127.7280155,8.636043119
87320,37.40479213,127.8108205,8.638252302
87380,37.39135401,127.8837373,8.637895306
87440,37.35633464,127.8462385,8.63360476
87500,37.35077947,127.7666714,8.629664259
87560,37.35119836,127.6877011,8.643259629
87620,37.35116575,127.607731,8.646123822
87680,37.35183613,127.5276763,8.644379848
87740,37.3516233,127.4473978,8.646212538
87800,37.35238591,127.3675875,8.648440736
87860,37.35199734,127.2874308,8.646050213
87920,37.35222645,127.2071419,8.647965038
87980,37.35239676,127.1272046,8.654970146
88040,37.35247655,127.0478401,8.658098665
88100,37.3523482,126.9689719,8.663148759
88160,37.35226777,126.8907156,8.661045946
88220,37.35178902,126.8125323,8.665983083
88280,37.35153689,126.7352648,8.67602176
88340,37.35146125,126.6582741,8.675098489
88400,37.35134345,126.5815973,8.687506987
88460,37.35074069,126.5044697,8.679829323
88520,37.35042747,126.4267341,8.676178722
88580,37.3404927,126.3526763,8.682147148
88640,37.2957322,126.3709514,8.666891304
88700,37.29129904,126.4535704,8.690958574
88760,37.29389718,126.5368699,8.683082304
88820,37.29377859,126.6219969,8.686557298
88880,37.29431135,126.7070895,8.689034508
88940,37.29533928,126.7926798,8.678684502
89000,37.29486131,126.8791251,8.687675425
89060,37.29521932,126.9652043,8.687007401
89120,37.29541919,127.0520472,8.680482466
89180,37.2953255,127.1399443,8.673613019
89240,37.29511034,127.2279284,8.680288904
89300,37.29531918,127.3153123,8.686277559
89360,37.29492741,127.401729,8.691219322
89420,37.29477392,127.4877334,8.674501255
89480,37.29471799,127.5734254,8.661821847
89540,37.2942271,127.6587454,8.660681474
89600,37.29395449,127.7431224,8.663797982
89660,37.29302961,127.8278785,8.646499954
89720,37.26253743,127.8812609,8.673544054
89780,37.24095926,127.821465,8.644320757
89840,37.24360559,127.7435985,8.659512764
89900,37.2410206,127.6632266,8.663093477
89960,37.23976927,127.5827345,8.656116637
90020,37.24033703,127.5027591,8.656466738
90080,37.2407819,127.4229863,8.651711254
90140,37.24110681,127.3439925,8.657906556
90200,37.24155604,127.2657588,8.661640589
90260,37.24136764,127.1881084,8.664676322
90320,37.24097273,127.1107138,8.66731639
90380,37.24173998,127.0339425,8.66577983
90440,37.24127394,126.9569956,8.669780638
90500,37.24132412,126.880123,8.675228322
90560,37.24065532,126.8026482,8.673309556
90620,37.24085845,126.7253708,8.678033195
90680,37.24024993,126.647924,8.67797693
90740,37.23985795,126.5703701,8.683239937
90800,37.23947702,126.4929178,8.69140567
90860,37.23906662,126.415629,8.684932609
90920,37.21629515,126.357752,8.688922055
90980,37.18517046,126.4172088,8.690353313
91040,37.18382696,126.503696,8.689567677
91100,37.18396317,126.590847,8.685156893
91160,37.18432859,126.6781496,8.68579881
91220,37.18474909,126.7652031,8.685246705
91280,37.18518637,126.8520666,8.68038887
91340,37.18524726,126.938967,8.679373098
91400,37.18573926,127.0257771,8.677802935
91460,37.18542567,127.1128677,8.673125138
91520,37.18543268,127.1997883,8.670769563
91580,37.18546569,127.2870825,8.670730344
91640,37.1850576,127.3752059,8.669239125
91700,37.18487821,127.4639862,8.665078426
91760,37.18442616,127.5530226,8.667396656
91820,37.18412119,127.6419002,8.668430751
91880,37.18354344,127.7296462,8.677619988
91940,37.18280869,127.8174204,8.662912043
92000,37.16511465,127.8954954,8.678755641
92060,37.12593092,127.8659274,8.637968413
92120,37.12880337,127.7889094,8.657230901
92180,37.12955415,127.7109686,8.667334153
92240,37.12959803,127.6332162,8.679447468
92300,37.12981498,127.555609,8.683928461
92360,37.13029524,127.4784634,8.699855461
92420,37.13011724,127.4019686,8.701730034
92480,37.13072846,127.3246699,8.691853848
92540,37.13056634,127.246707,8.687735792
92600,37.13086343,127.1686779,8.689101296
92660,37.13087963,127.090742,8.688964703
92720,37.13072092,127.0129669,8.687344312
92780,37.13046689,126.9350961,8.693012463
92840,37.13125357,126.857468,8.689741859
92900,37.13085018,126.7797407,8.693168871
92960,37.13003675,126.7024191,8.702814706
93020,37.1296208,126.625444,8.700824569
93080,37.13022918,126.548737,8.697913515
93140,37.1297431,126.472214,8.708529112
93200,37.12060607,126.3984461,8.715224534
93260,37.07218524,126.4080078,8.699710099
93320,37.07028241,126.4944333,8.70935628
93380,37.07180342,126.5836076,8.712408874
93440,37.07215745,126.6730768,8.700375803
93500,37.0719824,126.7628111,8.704796758
93560,37.0719826,126.8515821,8.712372925
93620,37.07154694,126.9400308,8.697002214
93680,37.07103641,127.0283446,8.681722599
93740,37.0710572,127.1160952,8.682761289
93800,37.0714893,127.2035234,8.682514262
93860,37.0717915,127.2912012,8.681995782
93920,37.05121817,127.3665672,8.692561411
93980,37.01701775,127.3319443,8.691877642
94040,37.01776695,127.2555199,8.679701266
94100,37.0181118,127.1784717,8.680901406
94160,37.01756709,127.1011768,8.682893116
94220,37.01741453,127.023548,8.690891847
94280,37.01749163,126.9455299,8.69206205
94340,37.01802461,126.8681687,8.691603852
94400,37.01786107,126.7916843,8.69209156
94460,37.01783376,126.7156684,8.696523984
94520,37.01748047,126.6400147,8.697907529
94580,37.01801062,126.5643067,8.696520929
94640,37.00489982,126.4953015,8.707370026
94700,36.96376225,126.5303581,8.708578773
94760,36.96200579,126.6212516,8.706494696
94820,36.96180756,126.7128406,8.695358706
94880,36.96130266,126.8041634,8.69845188
94940,36.96112281,126.8949663,8.698931288
95000,36.96073947,126.9853553,8.703738914
95060,36.9615672,127.0751192,8.70918073
95120,36.96060186,127.164459,8.690275039
95180,36.96093257,127.2529636,8.687246035
95240,36.97383471,127.3338469,8.690822625
95300,37.00722092,127.3998598,8.686468195
95360,37.04186134,127.4649652,8.683348487
95420,37.07666845,127.5298111,8.68253818
95480,37.11131314,127.5946009,8.685986723
95540,37.14561993,127.6593431,8.689947084
95600,37.17970892,127.7251435,8.690662711
95660,37.22222248,127.7721561,8.697073767
95720,37.26343834,127.7425294,8.704543225
95780,37.28468036,127.6756306,8.682005875
95840,37.30476384,127.6074945,8.674439996
95900,37.32552106,127.5400694,8.678317825
95960,37.34194305,127.4702417,8.68595419
96020,37.33098421,127.3922296,8.692010214
96080,37.31393021,127.312789,8.69526978
96140,37.27205916,127.2530109,8.427102359
96200,37.20783895,127.3020293,7.818825617
96260,37.18924941,127.4016796,7.286238031
96320,37.17547661,127.4997235,6.728535703
96380,37.16243541,127.5944649,6.14103001
96440,37.14824036,127.6875381,5.515637093
96500,37.1443137,127.7708232,5.158960574
96560,37.17351028,127.7727108,5.037115121
96620,37.20093028,127.73561,4.667487028
96680,37.23032201,127.6983938,4.12645181
96740,37.26306913,127.6567389,3.363128371
96800,37.26754062,127.5948738,2.684828931
96860,37.25572338,127.5314384,2.105068588
96920,37.2293309,127.4813505,1.882073589
96980,37.18389893,127.4479041,1.770629278
97040,37.1475022,127.4052018,1.344403193
97100,37.12062741,127.3594757,1.241256088
97160,37.11228,127.3053477,1.251431078
97220,37.10870499,127.2489278,1.056500685
97280,37.10394593,127.1964918,0.79323194
97340,37.09978643,127.1441432,0.540564705
97400,37.09629739,127.0998584,0.31627155
97460,37.09295301,127.0580367,0.103994615
97520,37.09064093,127.0321071,0.030394103
97580,37.0884933,127.0297638,0.029783349
97640,37.08780685,127.0293688,0.029826213