src/Components/missions/KORUS-AQ/Tracks/KORUSAQ-HANSEOTRK_MODEL_20160507_RA.ICT
35,1001
Hanseo King Air HL5200 Navigation System
NIER
Hanseo King Air HL5200
KORUS-AQ 2016
1,1
2016,05,07,2016,05,10
1
UTC_mid,seconds, mid time UTC from midnight of the starting data collecting day 
3
1,1,1
-9999,-9999,-9999
Lat, degN, 60 second average of latitude
Lon, degE, 60 second average of longitude
AltGPS, km, 60 second average of GPS altitude
1
Data from GeoTASO instrument
17
PI_CONTACT_INFO: Jinsoo Park
Platform: Hanseo King Air HL 5200
LOCATION: Included in data records
ASSOCIATED_DATA: N/A
INSTRUMENT_INFO:Garmin GPS
DATA_INFO: data averaged into 60s intervals
UNCERTAINTY: TBD
ULOD_FLAG: -7777
ULOD_VALUE: N/A
LLOD_FLAG: -8888
LLOD_VALUE: N/A;
DM_CONTACT_INFO: Gao Chen 
PROJECT_INFO: N/A
STIPULATIONS_ON_USE: N/A
OTHER_COMMENTS: N/A
REVISION: RA
UTC_mid,Lat,Lon,AltGPS
16075,37.08857,127.0306,0.021333
16135,37.08913,127.0351,0.022
16189,37.08957,127.0403,0.02175
16239,37.0901,127.0436,0.02
16316,37.09164,127.0441,0.021667
16373,37.0898,127.0237,0.085
16409,37.08711,126.9975,0.284375
16490,-9999,-9999,-9999
16550,-9999,-9999,-9999
16610,-9999,-9999,-9999
16687,36.94129,126.8597,1.768
16730,36.94104,126.9023,2.071267
16790,36.96023,126.9577,2.175767
16850,36.98214,127.0103,1.957433
16910,37.01443,127.0509,1.613867
16970,37.05092,127.0803,1.563233
17030,37.08507,127.1049,1.5626
17090,37.12091,127.1218,1.5689
17149,37.15665,127.1374,1.5759
17209,37.19306,127.1542,1.5687
17269,37.23116,127.1703,1.5632
17329,37.26856,127.1854,1.567067
17389,37.30715,127.2009,1.5666
17449,37.34689,127.2171,1.566133
17509,37.3878,127.2333,1.566233
17569,37.42925,127.2513,1.5627
17629,37.46899,127.2675,1.562167
17686,37.50557,127.2725,1.55925
17750,37.54815,127.2682,1.562148
17813,37.59064,127.2666,1.565
17870,37.62971,127.2651,1.49025
17929,37.65145,127.2313,1.258467
17989,37.65167,127.1835,0.9961
18049,37.62114,127.1493,0.9054
18109,37.58136,127.137,0.789833
18169,37.54287,127.1306,0.542533
18229,37.50942,127.1245,0.344567
18289,37.47511,127.1185,0.1519
18349,37.43664,127.1118,0.221276
18410,37.40088,127.1171,0.714323
18470,37.37987,127.1606,1.024633
18530,37.36053,127.2092,1.088567
18590,37.33999,127.2589,1.0905
18650,37.3234,127.3091,1.091333
18710,37.33933,127.3584,1.085483
18769,37.36306,127.4045,1.089357
18828,37.38729,127.4501,1.092893
18890,37.41185,127.4967,1.093433
18950,37.43578,127.542,1.101464
19019,37.43687,127.5923,1.090438
19070,37.40496,127.5989,1.089
19130,37.36459,127.5994,1.095033
19190,37.32261,127.5994,1.094267
19250,37.28054,127.5994,1.099633
19310,37.2392,127.6008,1.102433
19370,37.21686,127.6383,1.113667
19430,37.21713,127.6986,1.359
19490,37.21661,127.7592,1.547133
19550,37.21652,127.818,1.560367
19610,37.21639,127.8774,1.568033
19670,37.21635,127.9385,1.568533
19730,37.21639,127.9986,1.5667
19790,37.21984,128.0575,1.565367
19850,37.25437,128.0819,1.592467
19910,37.29937,128.0834,1.6878
19970,37.34231,128.0835,1.691033
20030,37.38386,128.0836,1.6921
20090,37.422,128.0833,1.7
20150,37.4614,128.0836,1.700033
20209,37.4998,128.0835,1.69831
20273,37.5323,128.1086,1.69952
20330,37.53335,128.1647,1.703967
20390,37.53315,128.2245,1.706067
20450,37.53315,128.285,1.704033
20510,37.53328,128.3464,1.695467
20572,37.52212,128.4023,1.702115
20631,37.47986,128.4151,1.690034
20690,37.43474,128.4161,1.6857
20750,37.39095,128.4162,1.684667
20810,37.34588,128.4162,1.6924
20870,37.30006,128.4162,1.686533
20930,37.25621,128.4161,1.693133
20990,37.21127,128.4163,1.696133
21050,37.1659,128.4162,1.6936
21110,37.1179,128.4161,1.805567
21170,37.07058,128.4161,1.843067
21231,37.02443,128.4162,1.839333
21290,36.98065,128.4162,1.8459
21350,36.93497,128.4162,1.842367
21410,36.88798,128.4162,1.8378
21470,36.84269,128.4163,1.844333
21530,36.80382,128.4402,1.849533
21592,36.77475,128.4889,1.779571
21650,36.74813,128.5355,1.466667
21710,36.72012,128.5846,1.261733
21770,36.69374,128.631,1.2553
21830,36.66717,128.677,1.247733
21890,36.64049,128.7236,1.2411
21950,36.61283,128.7714,1.240367
22010,36.58484,128.8203,1.241633
22070,36.55901,128.8651,1.252
22130,36.53172,128.9124,1.252
22190,36.50395,128.9605,1.252
22250,36.47641,129.008,1.252133
22310,36.46021,129.0583,1.2546
22371,36.49273,129.0822,1.253464
22430,36.53296,129.0835,1.2549
22490,36.5735,129.0836,1.251067
22552,36.61634,129.0835,1.245038
22610,36.65373,129.0835,1.240967
22670,36.69269,129.0836,1.2395
22730,36.73322,129.0836,1.259167
22790,36.77678,129.0835,1.5107
22851,36.81941,129.0836,1.546483
22910,36.85937,129.0836,1.548107
22970,36.89999,129.0835,1.558552
23029,36.94031,129.0836,1.55588
23090,36.98125,129.0835,1.561222
23149,37.02138,129.0836,1.562091
23210,37.06211,129.0835,1.5682
23271,37.10156,129.0835,1.565962
23333,37.14323,129.0838,1.57219
23391,37.18248,129.0836,1.565586
23445,37.21788,129.0835,1.568375
23510,37.26299,129.0836,1.5602
23571,37.30764,129.0836,1.554607
23630,37.35084,129.0836,1.5585
23689,37.39241,129.0836,1.559733
23749,37.43423,129.0835,1.555467
23809,37.47493,129.0835,1.556633
23869,37.51472,129.0835,1.5566
23929,37.55456,129.0836,1.5562
23989,37.59459,129.0836,1.556567
24049,37.63561,129.0836,1.557167
24109,37.67706,129.0836,1.559633
24169,37.71849,129.0836,1.558067
24229,37.75995,129.0836,1.557933
24289,37.8007,129.0836,1.562367
24349,37.84061,129.0837,1.5616
24409,37.88042,129.0837,1.558133
24469,37.92036,129.0836,1.556767
24529,37.9611,129.0829,1.555667
24589,37.98301,129.0569,1.5619
24649,37.97008,129.0139,1.565567
24709,37.95213,128.9713,1.563933
24769,37.93406,128.9292,1.5654
24829,37.91596,128.8872,1.564267
24889,37.89793,128.8454,1.5636
24949,37.87982,128.8034,1.562133
25009,37.85962,128.7573,1.736067
25069,37.83895,128.7091,1.873867
25129,37.81922,128.6639,1.877167
25189,37.80011,128.6201,1.8805
25249,37.78033,128.5748,1.872233
25309,37.76087,128.5302,1.8779
25369,37.74126,128.4851,1.874167
25430,37.72139,128.4396,1.880839
25489,37.70101,128.3929,1.881
25549,37.68076,128.3464,1.885167
25609,37.66057,128.3007,1.882833
25669,37.64067,128.2554,1.8807
25729,37.62065,128.2097,1.8779
25789,37.60014,128.1632,1.868467
25849,37.58027,128.1181,1.869733
25909,37.56014,128.0727,1.8671
25969,37.53985,128.027,1.869433
26029,37.52,127.9823,1.870933
26089,37.5003,127.9377,1.8679
26149,37.48059,127.8935,1.866133
26209,37.4608,127.849,1.865833
26269,37.43946,127.8013,1.860967
26330,37.41718,127.7516,1.857323
26390,37.39698,127.7065,1.871133
26450,37.37645,127.6603,1.8663
26510,37.35478,127.6115,1.801633
26570,37.33371,127.5639,1.456067
26630,37.31387,127.52,1.0593
26690,37.29524,127.4787,0.803633
26750,37.27062,127.4467,0.782633
26810,37.23295,127.4303,0.772067
26870,37.19534,127.4156,0.770367
26930,37.15887,127.3997,0.772
26990,37.1224,127.3806,0.768167
27050,37.11202,127.3429,0.779767
27110,37.1123,127.2974,0.787067
27170,37.10865,127.2492,0.786467
27230,37.10482,127.201,0.773333
27290,37.10118,127.1575,0.5848
27347,37.09836,127.1225,0.40148
27411,37.09581,127.0922,0.24015
27471,37.0936,127.0643,0.1021
27523,37.09168,127.0409,0.020714
27580,37.09037,127.0305,0.01125
27635,37.08814,127.0296,0.0155
