src/Components/missions/KORUS-AQ/Tracks/KORUSAQ-B200TRK_MODEL_20160428_RA.ICT
35,1001
GeoTASO Team
NASA GSFC
B-200 (N817NA) GeoTASO
KORUS-AQ 2016
1,1
2016,04,28,2016,05,1
1
UTC_mid,seconds, mid time UTC from midnight of the starting data collecting day 
3
1,1,1
-9999,-9999,-9999
Lat_60s, degN, 60 second average of latitude
Lon_60s, degE, 60 second average of longitude
AltGPS_60s, km, 60 second average of GPS altitude
1
Data from GeoTASO instrument
17
PI_CONTACT_INFO: Scott Janz
Platform: B-200 King Air
LOCATION: Included in data records
ASSOCIATED_DATA: N/A
INSTRUMENT_INFO:http://www.nserc.und.edu/PDFs/ExperimenterHandbook.pdf
DATA_INFO: data averaged into 60s intervals
UNCERTAINTY: Reference DC-8 Experimenter Handbook located at https://airbornescience.nasa.gov/sites/default/files/DC8_Experimenter_Handbook_Jan2011v2.pdf
ULOD_FLAG: -7777
ULOD_VALUE: N/A
LLOD_FLAG: -8888
LLOD_VALUE: N/A;
DM_CONTACT_INFO: Gao Chen 
PROJECT_INFO: N/A
STIPULATIONS_ON_USE: N/A
OTHER_COMMENTS: N/A
REVISION: RA
UTC_mid,Lat_60s,Lon_60s,AltGPS_60s
80920,37.08793,127.0292,0.036171
80980,37.08794,127.0292,0.03655
81040,37.0879,127.0293,0.036612
81100,37.08864,127.0305,0.038765
81160,37.08913,127.0348,0.036825
81220,37.08957,127.0401,0.036992
81280,37.09049,127.0443,0.037004
81340,37.09128,127.0454,0.036901
81400,37.09129,127.0454,0.036836
81460,37.09158,127.045,0.037088
81520,37.09031,127.028,0.090089
81580,37.07487,126.9916,0.508633
81640,37.07236,127.028,1.003448
81700,37.10394,127.0737,1.530969
81760,37.13862,127.1171,2.037477
81820,37.17316,127.1611,2.517557
81880,37.20823,127.2061,2.953574
81940,37.24809,127.2571,3.09086
82000,37.28845,127.3102,3.479236
82060,37.32389,127.3316,3.984753
82120,37.3424,127.2785,4.324404
82180,37.35546,127.2153,4.706256
82240,37.36849,127.1531,5.100182
82300,37.38023,127.093,5.452444
82360,37.39121,127.0311,5.741047
82420,37.40535,126.9684,6.023622
82480,37.41266,126.9041,6.331467
82540,37.41295,126.8394,6.633393
82600,37.41272,126.7764,6.913481
82660,37.41188,126.7143,7.166322
82720,37.41181,126.6518,7.390886
82780,37.41138,126.5894,7.608013
82840,37.41115,126.5262,7.783718
82900,37.41051,126.4624,7.975389
82960,37.40982,126.3996,8.162146
83020,37.40859,126.3375,8.340563
83080,37.40795,126.2756,8.476401
83140,37.40749,126.2117,8.550187
83200,37.40661,126.1428,8.57778
83260,37.40574,126.0699,8.556084
83320,37.40569,125.9937,8.559197
83380,37.40609,125.9161,8.565358
83440,37.40539,125.8364,8.552021
83500,37.40455,125.7561,8.545988
83560,37.40426,125.6766,8.559795
83620,37.40245,125.5973,8.564274
83680,37.40169,125.5189,8.568803
83740,37.40157,125.4409,8.566946
83800,37.39998,125.363,8.565567
83860,37.39843,125.2855,8.573961
83920,37.39609,125.2082,8.575203
83980,37.39513,125.1314,8.575567
84040,37.39423,125.055,8.581798
84100,37.39273,124.9781,8.569451
84160,37.39191,124.9017,8.585842
84220,37.3837,124.8263,8.586572
84280,37.35066,124.7539,8.582298
84340,37.31424,124.6813,8.585231
84400,37.27818,124.6078,8.595046
84460,37.24194,124.5342,8.602138
84520,37.20233,124.4619,8.600224
84580,37.13929,124.4181,8.590858
84640,37.05697,124.4151,8.597702
84700,36.97415,124.4163,8.61753
84760,36.89121,124.4161,8.614297
84820,36.8082,124.4164,8.614315
84880,36.72493,124.4154,8.611298
84940,36.64145,124.4139,8.610151
85000,36.55771,124.4136,8.617473
85060,36.47397,124.4142,8.611917
85120,36.39025,124.4145,8.605909
85180,36.30647,124.4154,8.603285
85240,36.22317,124.415,8.603288
85300,36.14034,124.4142,8.609692
85360,36.05764,124.4148,8.608496
85420,35.97491,124.4152,8.609992
85480,35.89267,124.4154,8.61708
85540,35.81068,124.4158,8.621875
85600,35.72884,124.4156,8.620884
85660,35.64697,124.415,8.62259
85720,35.56515,124.4146,8.624473
85780,35.4834,124.4143,8.631489
85840,35.40181,124.4132,8.633475
85900,35.3199,124.413,8.62794
85960,35.23795,124.4133,8.632249
86020,35.15635,124.4141,8.642419
86080,35.07496,124.4134,8.642405
86140,34.99415,124.4133,8.648036
86200,34.91395,124.4131,8.652008
86260,34.83401,124.414,8.646244
86320,34.75459,124.4137,8.650163
86380,34.67535,124.413,8.650728
86440,34.59657,124.4132,8.654829
86500,34.51845,124.4138,8.651948
86560,34.4407,124.4143,8.652792
86620,34.36308,124.414,8.652209
86680,34.2853,124.414,8.656652
86740,34.20734,124.4139,8.656267
86800,34.12932,124.4141,8.666706
86860,34.05121,124.4164,8.67011
86920,33.97367,124.4156,8.672877
86980,33.89646,124.4151,8.67226
87040,33.81964,124.4142,8.675122
87100,33.74321,124.4141,8.674273
87160,33.66716,124.4135,8.676632
87220,33.59142,124.4126,8.674438
87280,33.51576,124.4126,8.680118
87340,33.44063,124.4122,8.681196
87400,33.36602,124.4112,8.687832
87460,33.29226,124.4107,8.689494
87520,33.21866,124.41,8.680119
87580,33.14564,124.4095,8.68341
87640,33.07289,124.4098,8.677118
87700,33.0155,124.4544,8.694141
87760,32.99788,124.5391,8.672591
87820,32.99828,124.6268,8.680225
87880,33.00113,124.7146,8.686918
87940,33.00306,124.8028,8.687961
88000,33.00384,124.8915,8.688912
88060,33.00525,124.9807,8.68553
88120,33.00527,125.0706,8.681745
88180,33.00553,125.1609,8.682458
88240,33.00668,125.2514,8.685265
88300,33.00672,125.3423,8.682953
88360,33.00477,125.4338,8.684244
88420,33.00451,125.5255,8.672748
88480,33.00452,125.6172,8.677493
88540,33.00559,125.7087,8.674028
88600,33.00552,125.8007,8.673408
88660,33.00501,125.8929,8.676643
88720,33.00493,125.9856,8.676201
88780,33.00463,126.079,8.669008
88840,33.00385,126.1729,8.662743
88900,33.00309,126.267,8.680133
88960,33.00247,126.3609,8.673328
89020,33.01684,126.4469,8.662302
89080,33.0704,126.489,8.672173
89140,33.1305,126.5147,8.652405
89200,33.1909,126.5408,8.649504
89260,33.25097,126.5682,8.65259
89320,33.31055,126.5936,8.648707
89380,33.37061,126.6182,8.646939
89440,33.4313,126.6439,8.647707
89500,33.49185,126.6708,8.645995
89560,33.55282,126.6951,8.638775
89620,33.61418,126.704,8.63987
89680,33.67591,126.7106,8.641102
89740,33.73796,126.7169,8.633779
89800,33.80001,126.7237,8.633091
89860,33.86159,126.7304,8.630998
89920,33.92244,126.737,8.636277
89980,33.9825,126.7428,8.632598
90040,34.04252,126.7492,8.623391
90100,34.10235,126.7558,8.620066
90160,34.16208,126.7629,8.618529
90220,34.22135,126.7684,8.620195
90280,34.28061,126.7746,8.616968
90340,34.33986,126.7816,8.615423
90400,34.39883,126.7884,8.613014
90460,34.45721,126.7939,8.611588
90520,34.51534,126.7999,8.605706
90580,34.57276,126.8059,8.60535
90640,34.62956,126.8118,8.601726
90700,34.68594,126.8173,8.601932
90760,34.74125,126.8231,8.604522
90820,34.79579,126.8297,8.592381
90880,34.85014,126.8343,8.5902
90940,34.90473,126.839,8.584942
91000,34.95994,126.8445,8.590058
91060,35.01573,126.8501,8.591142
91120,35.07168,126.8578,8.593215
91180,35.12767,126.8652,8.586039
91240,35.18377,126.8718,8.58852
91300,35.23973,126.8787,8.583902
91360,35.29604,126.8853,8.584067
91420,35.35198,126.8917,8.588498
91480,35.40839,126.8986,8.580056
91540,35.46509,126.9054,8.580291
91600,35.52195,126.9094,8.590323
91660,35.57936,126.9144,8.589748
91720,35.63738,126.9209,8.584722
91780,35.69507,126.9275,8.592136
91840,35.75184,126.933,8.591167
91900,35.80868,126.9399,8.572107
91960,35.86532,126.9466,8.564741
92020,35.92137,126.9525,8.568917
92080,35.97671,126.9586,8.573658
92140,36.03177,126.9654,8.57577
92200,36.08683,126.9715,8.57918
92260,36.14179,126.977,8.582305
92320,36.19686,126.9834,8.582266
92380,36.25214,126.9888,8.571673
92440,36.30804,126.9953,8.575319
92500,36.36394,127.0018,8.564648
92560,36.42018,127.0026,8.57055
92620,36.4761,127.0002,8.564921
92680,36.53259,126.9985,8.560755
92740,36.58921,126.9969,8.561341
92800,36.64563,126.9953,8.565447
92860,36.70164,126.9929,8.573783
92920,36.75793,126.9947,8.574347
92980,36.81452,127.0006,8.571928
93040,36.87124,127.0064,8.576272
93100,36.92806,127.0131,8.579354
93160,36.98526,127.0194,8.569109
93220,37.0428,127.0256,8.568627
93280,37.10049,127.0334,8.560694
93340,37.15784,127.0462,8.566612
93400,37.21499,127.0597,8.568728
93460,37.27248,127.0723,8.567062
93520,37.33003,127.0854,8.563799
93580,37.38752,127.0986,8.567602
93640,37.44501,127.1127,8.562013
93700,37.50154,127.135,8.548168
93760,37.52972,127.1861,8.567649
93820,37.46968,127.2349,8.569324
93880,37.39492,127.2711,8.562943
93940,37.32005,127.307,8.566812
94000,37.2663,127.3679,8.292385
94060,37.2569,127.4626,7.637901
94120,37.28258,127.5386,7.116546
94180,37.32435,127.5885,6.468397
94240,37.37728,127.5844,6.118245
94300,37.42658,127.5765,5.701347
94360,37.47721,127.5691,5.338426
94420,37.52339,127.5617,5.110792
94480,37.57142,127.5539,4.393617
94540,37.60342,127.5235,3.594734
94600,37.57061,127.4765,2.924529
94660,37.52047,127.4451,2.431354
94720,37.47303,127.4136,2.069869
94780,37.42626,127.3822,1.878337
94840,37.38057,127.3523,1.841052
94900,37.32988,127.343,1.649225
94960,37.27657,127.3442,1.449373
95020,37.22513,127.3455,1.305895
95080,37.17563,127.348,1.266657
95140,37.13235,127.3359,1.232678
95200,37.1151,127.2831,1.053404
95260,37.10748,127.2317,0.874797
95320,37.10365,127.1852,0.747568
95380,37.09956,127.1378,0.512911
95440,37.09563,127.0916,0.285216
95500,37.0923,127.0502,0.076015
95560,37.09068,127.0317,0.03203
95620,37.08912,127.0298,0.031353
95680,37.08889,127.03,0.031693
95740,37.08893,127.0326,0.032302
95800,37.08917,127.036,0.03262
95860,37.08906,127.0372,0.032554

