src/Components/missions/KORUS-AQ/Tracks/KORUSAQ-B200TRK_MODEL_20160601_RA_20160602KST.ICT
35,1001
GeoTASO Team
NASA GSFC
B-200 (N817NA) GeoTASO
KORUS-AQ 2016
1,1
2016,06,01,2016,06,07
1
UTC_mid,seconds, mid time UTC from midnight of the starting data collecting day 
3
1,1,1
-9999,-9999,-9999
Lat, degN, 60 second average of latitude
Lon, degE, 60 second average of longitude
AltGPS, km, 60 second average of GPS altitude
1
Data from GeoTASO instrument
17
PI_CONTACT_INFO: Scott Janz
Platform: B-200 King Air
LOCATION: Included in data records
ASSOCIATED_DATA: N/A
INSTRUMENT_INFO:http://www.nserc.und.edu/PDFs/ExperimenterHandbook.pdf
DATA_INFO: data averaged into 60s intervals
UNCERTAINTY: Reference DC-8 Experimenter Handbook located at https://airbornescience.nasa.gov/sites/default/files/DC8_Experimenter_Handbook_Jan2011v2.pdf
ULOD_FLAG: -7777
ULOD_VALUE: N/A
LLOD_FLAG: -8888
LLOD_VALUE: N/A;
DM_CONTACT_INFO: Gao Chen 
PROJECT_INFO: N/A
STIPULATIONS_ON_USE: N/A
OTHER_COMMENTS: N/A
REVISION: RA
UTC_mid,Lat,Lon,AltGPS
77460,37.08793219,127.0292315,0.036072569
77520,37.08794345,127.0292088,0.036674782
77580,37.08790609,127.0292508,0.036100919
77640,37.08790402,127.0292515,0.036456949
77700,37.08790536,127.0292536,0.03590813
77760,37.08790636,127.0292524,0.035972248
77820,37.08791344,127.0292687,0.039467861
77880,37.0879102,127.0292612,0.038729168
77940,37.08791067,127.0292685,0.040038886
78000,37.08792717,127.0292781,0.042847731
78060,37.08790045,127.0292535,0.037383023
78120,37.08790638,127.0292515,0.037914553
78180,37.08791117,127.0292481,0.039692243
78240,37.08790461,127.0292518,0.037198677
78300,37.08790059,127.0292544,0.036113942
78360,37.08792669,127.0292622,0.042912744
78420,37.0879434,127.0292673,0.046323629
78480,37.08794335,127.0292667,0.046098109
78540,37.0879433,127.029266,0.045872588
78600,37.08794328,127.0292654,0.045647068
78660,37.0879432,127.0292648,0.045421547
78720,37.0879432,127.0292642,0.045196027
78780,37.08794312,127.0292635,0.044970507
78840,37.0879431,127.0292629,0.044744986
78900,37.08794305,127.0292623,0.044519466
78960,37.087943,127.0292616,0.044293945
79020,37.08794298,127.029261,0.044068425
79080,37.0879429,127.0292604,0.043842905
79140,37.0879429,127.0292598,0.043617384
79200,37.08794281,127.0292591,0.043391864
79260,37.0879428,127.0292585,0.043166343
79320,37.08794275,127.0292579,0.042940823
79380,37.0879427,127.0292572,0.042715302
79440,37.08794268,127.0292566,0.042489782
79500,37.0879426,127.029256,0.042264262
79560,37.0879426,127.0292554,0.042038741
79620,37.08794251,127.0292547,0.041813221
79680,37.0879425,127.0292541,0.0415877
79740,37.08794244,127.0292535,0.04136218
79800,37.0879424,127.0292529,0.04113666
79860,37.08794238,127.0292522,0.040911139
79920,37.0879423,127.0292516,0.040685619
79980,37.0879423,127.029251,0.040460098
80040,37.08794221,127.0292503,0.040234578
80100,37.0879422,127.0292497,0.040009058
80160,37.08794214,127.0292491,0.039783537
80220,37.0879421,127.0292485,0.039558017
80280,37.08794208,127.0292478,0.039332496
80340,37.087942,127.0292472,0.039106976
80400,37.087942,127.0292466,0.038881456
80460,37.08794191,127.0292459,0.038655935
80520,37.0879419,127.0292453,0.038430415
80580,37.08794184,127.0292447,0.038204894
80640,37.0879418,127.0292441,0.037979374
80700,37.08794177,127.0292434,0.037753853
80760,37.0879417,127.0292428,0.037528333
80820,37.0879417,127.0292422,0.037302813
80880,37.08794161,127.0292415,0.037077292
80940,37.08794652,127.0292393,0.037146905
81000,37.08795426,127.0292134,0.038124372
81060,37.08793513,127.0292438,0.037874811
81120,37.08793173,127.0292514,0.038850049
81180,37.08793566,127.0292506,0.038304988
81240,37.0879691,127.0292507,0.038876551
81300,37.08793341,127.0292519,0.0377009
81360,37.08791875,127.0292604,0.037537492
81420,37.08791205,127.0292605,0.037655908
81480,37.08789533,127.0293154,0.037250624
81540,37.08844721,127.0293185,0.03788901
81600,37.08843006,127.0265279,0.036973371
81660,37.08810546,127.0226325,0.036461346
81720,37.08777469,127.0186412,0.036281855
81780,37.08777255,127.0152841,0.036310061
81840,37.08841465,127.0146246,0.036643933
81900,37.08946573,127.0158778,0.036790885
81960,37.09263586,127.0460946,0.21715059
82020,37.09213564,127.0948097,0.625576816
82080,37.05683673,127.0865262,1.1152544
82140,37.01529356,127.0510734,1.503378161
82200,36.96785571,127.0184863,1.841558186
82260,36.91783703,126.9828527,1.995686236
82320,36.870529,126.9446006,2.500835463
82380,36.8252165,126.9080887,2.950362383
82440,36.78019044,126.8706458,3.418700622
82500,36.7344672,126.8342504,3.734576362
82560,36.67854743,126.812757,3.811113236
82620,36.65306655,126.7592994,4.286722599
82680,36.64306085,126.6971755,4.616474494
82740,36.64717512,126.6456838,4.906096908
82800,36.6760005,126.6812183,5.188601259
82860,36.64980357,126.733085,5.387952692
82920,36.588185,126.7519809,5.696103397
82980,36.52619661,126.7610391,5.969263735
83040,36.46294875,126.7676884,6.203642765
83100,36.39898803,126.7766887,6.426253554
83160,36.33394785,126.7847359,6.640049856
83220,36.26771263,126.7946981,6.804059739
83280,36.20081813,126.8057753,7.006839364
83340,36.13456658,126.8097925,7.165504905
83400,36.06913638,126.8029196,7.324210262
83460,36.00439289,126.7952634,7.487364163
83520,35.93870116,126.7890176,7.614942886
83580,35.87364946,126.7809159,7.777356905
83640,35.80923117,126.7732105,7.897317894
83700,35.74381308,126.7667515,8.006821027
83760,35.67876003,126.7598781,8.123615596
83820,35.61358398,126.7523689,8.213150533
83880,35.54748287,126.7455391,8.304385418
83940,35.48156296,126.738123,8.413038708
84000,35.41655318,126.7316503,8.514888743
84060,35.3515063,126.725496,8.594005897
84120,35.28689292,126.7190463,8.674298318
84180,35.22302218,126.7121706,8.760684274
84240,35.15972047,126.7063773,8.83325976
84300,35.09635351,126.6991367,8.86293361
84360,35.03115386,126.6907539,8.863755521
84420,34.96456295,126.6824062,8.867193981
84480,34.89772474,126.675915,8.87361365
84540,34.83141308,126.6695828,8.875332133
84600,34.76533263,126.6638857,8.879790663
84660,34.69977195,126.6580535,8.878797001
84720,34.6348478,126.6511571,8.886739824
84780,34.57059211,126.6440489,8.883166322
84840,34.50567391,126.637457,8.886828291
84900,34.44071081,126.6299278,8.889085009
84960,34.37583234,126.6228315,8.896634953
85020,34.3112259,126.6165527,8.902438133
85080,34.25617018,126.6439692,8.883778478
85140,34.26213668,126.7209394,8.905019775
85200,34.30545728,126.770231,8.900310874
85260,34.35616912,126.7806222,8.890426988
85320,34.40790782,126.7850535,8.889329501
85380,34.45972004,126.7890176,8.88445559
85440,34.51169524,126.7948093,8.881615392
85500,34.56311232,126.800709,8.882995331
85560,34.61462794,126.8062464,8.877851196
85620,34.66643903,126.8141393,8.882634627
85680,34.71776794,126.8200395,8.884080851
85740,34.76941806,126.8248354,8.874030428
85800,34.82173122,126.83198,8.872831652
85860,34.87429026,126.8391448,8.862149868
85920,34.92629032,126.8435483,8.869365101
85980,34.97826434,126.8484234,8.869584976
86040,35.0304332,126.8560597,8.865931379
86100,35.08196209,126.8592229,8.862554786
86160,35.1336354,126.8654483,8.865394939
86220,35.1850158,126.8713875,8.86674241
86280,35.23629318,126.8773529,8.869214054
86340,35.28771723,126.8850889,8.868909463
86400,35.33886672,126.8905151,8.866017363
86460,35.39062163,126.8960401,8.859228349
86520,35.44308279,126.9018821,8.860256329
86580,35.49542091,126.9076004,8.859237146
86640,35.54781288,126.9135731,8.849950459
86700,35.59983564,126.9183385,8.845920713
86760,35.65115864,126.9232745,8.847100735
86820,35.7016175,126.9284074,8.850768112
86880,35.75200857,126.9328148,8.857857143
86940,35.80273646,126.9390792,8.846831413
87000,35.85356751,126.9450095,8.845427197
87060,35.90373866,126.9501731,8.846018687
87120,35.95374813,126.9566907,8.8368085
87180,36.00357633,126.9632185,8.823512841
87240,36.05360071,126.9699359,8.820469059
87300,36.10404061,126.9757632,8.825728592
87360,36.15460749,126.9824493,8.824129198
87420,36.20534724,126.9885287,8.813940434
87480,36.25622883,126.9939481,8.810040489
87540,36.30700039,126.9994708,8.818783102
87600,36.3578985,127.0038494,8.812715926
87660,36.40820753,127.0060337,8.824969928
87720,36.45774536,127.0044187,8.830713333
87780,36.50758914,127.0032316,8.822582094
87840,36.55767562,127.0022315,8.812318957
87900,36.60769969,126.9997507,8.802233898
87960,36.65739181,126.9975501,8.797451533
88020,36.70656612,126.9949015,8.796662673
88080,36.75564946,126.9938561,8.802460066
88140,36.80569414,126.9986299,8.806826371
88200,36.85582842,127.0038897,8.800420361
88260,36.90629691,127.0089058,8.793024428
88320,36.95681078,127.0145661,8.790598976
88380,37.00726124,127.0194024,8.786984328
88440,37.05787771,127.0249553,8.783030952
88500,37.10817732,127.0344404,8.793833854
88560,37.15218726,127.0830605,8.764700816
88620,37.18955903,127.151625,8.771535444
88680,37.22768878,127.2175379,8.770368662
88740,37.27115034,127.2718423,8.766465877
88800,37.31818074,127.3150718,8.772811687
88860,37.35130361,127.3065965,8.770510852
88920,37.36189982,127.2529646,8.766199178
88980,37.37891271,127.2044585,8.770795288
89040,37.40595948,127.1636194,8.763429392
89100,37.43636568,127.1265175,8.770791872
89160,37.48002965,127.1163426,8.756993218
89220,37.52926185,127.1224495,8.753609031
89280,37.55543829,127.1797493,8.764696669
89340,37.52481795,127.2721554,8.749974501
89400,37.47117588,127.297175,8.799203749
89460,37.46147812,127.2447256,8.794463319
89520,37.461551,127.1884062,8.793294108
89580,37.4613021,127.1307815,8.781237255
89640,37.46224034,127.0726208,8.780478585
89700,37.476082,127.0208503,8.78772463
89760,37.49847959,126.9744374,8.790438353
89820,37.52073555,126.9274439,8.776256436
89880,37.54391968,126.8802053,8.761976069
89940,37.56653525,126.8319076,8.757481709
90000,37.5878638,126.783814,8.78161396
90060,37.61031314,126.7371261,8.786518676
90120,37.60060809,126.6966984,8.766735905
90180,37.55153677,126.7519609,8.763624605
90240,37.5087695,126.8370473,8.789130542
90300,37.46644464,126.9236032,8.789849963
90360,37.42700979,127.0116567,8.80030993
90420,37.43637611,127.0844353,8.796325716
90480,37.45857795,127.0592042,8.780789271
90540,37.46069777,127.0026008,8.780161621
90600,37.46123089,126.944475,8.780519488
90660,37.46104384,126.8852228,8.777833008
90720,37.46210936,126.8259459,8.772120979
90780,37.46226947,126.7663792,8.77309779
90840,37.46148644,126.706787,8.78148142
90900,37.46152984,126.6471027,8.787146807
90960,37.46198388,126.5874569,8.793308798
91020,37.46490921,126.528206,8.783643705
91080,37.4681547,126.4686995,8.785738309
91140,37.4419635,126.4297853,8.785932416
91200,37.41005413,126.4956949,8.802655527
91260,37.4102956,126.589139,8.785748125
91320,37.41084431,126.6836824,8.7864375
91380,37.41022772,126.7788319,8.781529174
91440,37.40891874,126.8744568,8.780708332
91500,37.40874378,126.9698037,8.780878461
91560,37.40816117,127.0658527,8.77165112
91620,37.4079239,127.1614924,8.771935841
91680,37.40702175,127.2573403,8.776179743
91740,37.40564706,127.3532881,8.772378537
91800,37.40387764,127.4500938,8.733992563
91860,37.40464485,127.5462149,8.737754796
91920,37.38914027,127.633786,8.766411384
91980,37.34622004,127.6279292,8.770977318
92040,37.34711347,127.5728047,8.764040667
92100,37.34900275,127.5158678,8.7696143
92160,37.34986012,127.4587541,8.790233018
92220,37.35002415,127.4016585,8.791681261
92280,37.35037934,127.3437086,8.781083735
92340,37.35184569,127.2852528,8.759439044
92400,37.35135028,127.2261744,8.767290066
92460,37.35108915,127.1682041,8.783175404
92520,37.3517181,127.110151,8.78457074
92580,37.35208055,127.051602,8.779187119
92640,37.35203401,126.9925975,8.77910961
92700,37.35239068,126.9338201,8.781909193
92760,37.35259966,126.8748315,8.776606124
92820,37.3531643,126.8153556,8.772571775
92880,37.35338676,126.7561053,8.781229119
92940,37.35343732,126.696858,8.775323203
93000,37.35274541,126.6374541,8.777177266
93060,37.35152943,126.5782179,8.780728168
93120,37.35064549,126.5192611,8.786967812
93180,37.35048994,126.4607185,8.792810415
93240,37.35042234,126.4019936,8.785387474
93300,37.34894637,126.3435419,8.791713676
93360,37.30973157,126.3295535,8.770732104
93420,37.29673369,126.4137436,8.809666247
93480,37.29555161,126.5074455,8.803341126
93540,37.29669,126.6020877,8.812373358
93600,37.29707413,126.6980311,8.793012087
93660,37.29558116,126.7956399,8.777156504
93720,37.29613193,126.892602,8.781611855
93780,37.2975499,126.9887598,8.783070809
93840,37.29747584,127.0850681,8.7781847
93900,37.2954565,127.1819171,8.764599816
93960,37.29558585,127.2781393,8.778762234
94020,37.29595616,127.3737673,8.771547431
94080,37.29523364,127.469414,8.782000769
94140,37.27287671,127.5517989,8.79888266
94200,37.23541553,127.5349031,8.79014433
94260,37.23910392,127.4795714,8.785241997
94320,37.23855026,127.4210763,8.778422909
94380,37.23805486,127.3620793,8.777205886
94440,37.23897143,127.3031098,8.770237622
94500,37.24032985,127.2446256,8.793982234
94560,37.24079288,127.1863526,8.785840653
94620,37.24115315,127.1268683,8.78231873
94680,37.24106489,127.067318,8.783320991
94740,37.24219366,127.0083121,8.778911565
94800,37.24213667,126.9494731,8.787130961
94860,37.24138411,126.891204,8.789888141
94920,37.24182523,126.8333742,8.788868581
94980,37.24143914,126.775588,8.788094972
95040,37.24176343,126.7179056,8.782247125
95100,37.24147699,126.6596617,8.783840148
95160,37.24089075,126.6013638,8.777434326
95220,37.24054996,126.5430765,8.772825688
95280,37.24043607,126.4852635,8.79701289
95340,37.23927053,126.4277448,8.802177604
95400,37.23710725,126.3699563,8.793868927
95460,37.23508545,126.3122889,8.794793865
95520,37.19160992,126.2973506,8.788525906
95580,37.17380488,126.381068,8.795182873
95640,37.17681106,126.4753822,8.804616424
95700,37.15085629,126.5602212,8.813249598
95760,37.08085676,126.6111214,8.816601789
95820,37.04247476,126.5937494,8.80044446
95880,37.04578647,126.5373134,8.808773624
95940,37.04773456,126.4807217,8.811609565
96000,37.05248876,126.4255492,8.821831579
96060,37.08736833,126.4301589,8.807798353
96120,37.13397085,126.4697316,8.810876028
96180,37.16542043,126.5349006,8.80756135
96240,37.18035822,126.6250425,8.808975002
96300,37.18298949,126.7201879,8.822390877
96360,37.18281707,126.8173595,8.796180803
96420,37.18260057,126.9157378,8.782288696
96480,37.18194236,127.0140082,8.776632947
96540,37.18228549,127.1117863,8.783757973
96600,37.18174355,127.2089378,8.791762457
96660,37.1798487,127.3071007,8.561029709
96720,37.17479776,127.4108076,7.941424891
96780,37.17383592,127.5126341,7.146234941
96840,37.22499578,127.5605164,6.314406497
96900,37.29036789,127.5802609,5.366055907
96960,37.35639251,127.5828101,4.443615559
97020,37.41863102,127.5671512,3.581177114
97080,37.43778558,127.5055726,3.026034027
97140,37.40783487,127.4586733,2.59895949
97200,37.35883129,127.4601893,2.178068254
97260,37.31119927,127.4739185,1.823716153
97320,37.25772597,127.4551306,1.576704422
97380,37.20198435,127.4147034,1.316639276
97440,37.14664753,127.3738245,1.289591542
97500,37.09247582,127.3331522,1.287086116
97560,37.03864652,127.292912,1.275617148
97620,37.00635786,127.2313345,1.267143559
97680,36.99664319,127.1546295,1.272979721
97740,36.99143168,127.0775428,1.298998873
97800,36.98524156,127.0020564,1.289597607
97860,37.00739229,126.9497547,1.010929168
97920,37.05490392,126.9497229,0.651797953
97980,37.08395984,126.97822,0.268406388
98040,37.08952192,127.0163802,0.0542106
98100,37.09003851,127.0295429,0.034227326
98160,37.08825524,127.0296703,0.034241793
98220,37.08774608,127.0293478,0.034308886
98280,37.08774723,127.0293471,0.034304212
98340,37.08774807,127.0293467,0.034300498
