src/Components/missions/KORUS-AQ/Tracks/KORUSAQ-B200TRK_MODEL_20160530_RA.ICT
35,1001
GeoTASO Team
NASA GSFC
B-200 (N817NA) GeoTASO
KORUS-AQ 2016
1,1
2016,05,30,2016,06,06
1
UTC_mid,seconds, mid time UTC from midnight of the starting data collecting day 
3
1,1,1
-9999,-9999,-9999
Lat, degN, 60 second average of latitude
Lon, degE, 60 second average of longitude
AltGPS, km, 60 second average of GPS altitude
1
Data from GeoTASO instrument
17
PI_CONTACT_INFO: Scott Janz
Platform: B-200 King Air
LOCATION: Included in data records
ASSOCIATED_DATA: N/A
INSTRUMENT_INFO:http://www.nserc.und.edu/PDFs/ExperimenterHandbook.pdf
DATA_INFO: data averaged into 60s intervals
UNCERTAINTY: Reference DC-8 Experimenter Handbook located at https://airbornescience.nasa.gov/sites/default/files/DC8_Experimenter_Handbook_Jan2011v2.pdf
ULOD_FLAG: -7777
ULOD_VALUE: N/A
LLOD_FLAG: -8888
LLOD_VALUE: N/A;
DM_CONTACT_INFO: Gao Chen 
PROJECT_INFO: N/A
STIPULATIONS_ON_USE: N/A
OTHER_COMMENTS: N/A
REVISION: RA
UTC_mid,Lat,Lon,AltGPS
12990,37.08780571,127.0293343,0.034104142
13050,37.08780857,127.0293319,0.034065806
13110,37.08781144,127.0293294,0.03402747
13170,37.0878143,127.029327,0.033989134
13230,37.08781716,127.0293246,0.033950798
13290,37.08782002,127.0293221,0.033912461
13350,37.08782288,127.0293197,0.033874125
13410,37.08782575,127.0293172,0.033835789
13470,37.0878286,127.0293148,0.033797453
13530,37.08783147,127.0293124,0.033759116
13590,37.08783433,127.0293099,0.03372078
13650,37.08783719,127.0293075,0.033682444
13710,37.08784005,127.029305,0.033644108
13770,37.08784291,127.0293026,0.033605771
13830,37.08784578,127.0293002,0.033567435
13890,37.08784864,127.0292977,0.033529099
13950,37.0878515,127.0292953,0.033490763
14010,37.08785436,127.0292928,0.033452426
14070,37.08785722,127.0292904,0.03341409
14130,37.08786009,127.029288,0.033375754
14190,37.08786295,127.0292855,0.033337418
14250,37.08786581,127.0292831,0.033299081
14310,37.08786867,127.0292806,0.033260745
14370,37.08787153,127.0292782,0.033222409
14430,37.08787439,127.0292758,0.033184073
14490,37.08787725,127.0292733,0.033145736
14550,37.08788012,127.0292709,0.0331074
14610,37.08788298,127.0292684,0.033069064
14670,37.08788584,127.029266,0.033030728
14730,37.0878887,127.0292636,0.032992391
14790,37.08789156,127.0292611,0.032954055
14850,37.08789442,127.0292587,0.032915719
14910,37.08789729,127.0292562,0.032877383
14970,37.08790015,127.0292538,0.032839046
15030,37.08790301,127.0292514,0.03280071
15090,37.08790587,127.0292489,0.032762374
15150,37.08790873,127.0292465,0.032724038
15210,37.0879116,127.029244,0.032685701
15270,37.08791961,127.0292412,0.032896064
15330,37.08792596,127.0292169,0.033969495
15390,37.08790562,127.0292458,0.033004667
15450,37.08789065,127.0292559,0.033408181
15510,37.08788935,127.0292575,0.033041711
15570,37.08788941,127.0292585,0.032991174
15630,37.08789009,127.0292589,0.032868307
15690,37.08788963,127.029259,0.032890208
15750,37.0883109,127.0298509,0.033436164
15810,37.08899981,127.0333081,0.033930342
15870,37.08945158,127.038692,0.03439609
15930,37.09015477,127.043458,0.03473323
15990,37.09253172,127.0446276,0.034684011
16050,37.09337815,127.0395431,0.037145249
16110,37.08962314,126.9996658,0.339588417
16170,37.08243856,126.9500195,0.922977659
16230,37.06272242,126.9566248,1.363060638
16290,37.08702237,127.0038347,1.89398559
16350,37.11773502,127.0521738,2.228925142
16410,37.14630075,127.1130508,2.230347614
16470,37.15133236,127.1845053,2.225224487
16530,37.15535141,127.2543001,2.262212101
16590,37.158954,127.3241746,2.693900767
16650,37.16306253,127.3912772,3.189767863
16710,37.16838232,127.4594841,3.610221964
16770,37.18532665,127.5201971,3.988559951
16830,37.23163292,127.5480052,4.346560814
16890,37.27875483,127.5718795,4.706230846
16950,37.3246902,127.5912056,5.032506385
17010,37.33853452,127.5551127,5.301603676
17070,37.32572883,127.5040191,5.653156129
17130,37.31401759,127.4536972,5.910178076
17190,37.29206012,127.4100693,6.193588879
17250,37.2380068,127.40952,6.429093594
17310,37.17966112,127.4160739,6.686294099
17370,37.12204802,127.4265712,6.928068839
17430,37.06367776,127.4521201,7.127282168
17490,37.00276583,127.4808124,7.30313337
17550,36.94155813,127.5054509,7.544694848
17610,36.8790372,127.5368224,7.661536446
17670,36.8159864,127.5727952,7.835484165
17730,36.75319445,127.6100918,8.013411853
17790,36.69159033,127.6492747,8.16648127
17850,36.63546234,127.7064783,8.331235342
17910,36.58264282,127.7710915,8.455029008
17970,36.52970201,127.83667,8.590569976
18030,36.47723367,127.9015512,8.723618032
18090,36.42452163,127.9657996,8.826914644
18150,36.3711616,128.0306359,8.883463522
18210,36.31639474,128.0960642,8.890934145
18270,36.26142405,128.1618175,8.8951995
18330,36.20608486,128.228334,8.895028037
18390,36.15021747,128.2949813,8.898242437
18450,36.09425695,128.3617461,8.895354158
18510,36.03617666,128.4219926,8.911097095
18570,35.97325812,128.4712667,8.902067405
18630,35.91094117,128.5233943,8.906983269
18690,35.84767769,128.5750451,8.908061297
18750,35.78498888,128.6280765,8.907242089
18810,35.72275627,128.6798826,8.911117441
18870,35.66041481,128.7316257,8.91037118
18930,35.59803753,128.7836525,8.912216919
18990,35.53612116,128.8352527,8.913180189
19050,35.47453185,128.8870647,8.909483791
19110,35.41341346,128.9367142,8.920299302
19170,35.35213238,128.9872805,8.924171174
19230,35.28955069,129.038406,8.917536379
19290,35.22757039,129.0841979,8.921338302
19350,35.18406007,129.0660875,8.919737159
19410,35.15211761,129.0242007,8.917032042
19470,35.11625276,128.9858668,8.927582572
19530,35.09213776,128.9392024,8.927774554
19590,35.06803064,128.8924579,8.931145996
19650,35.04421534,128.8456068,8.931551457
19710,35.02041094,128.7985911,8.933179835
19770,34.99605996,128.7511227,8.935434246
19830,34.9718313,128.7037161,8.934627752
19890,34.94779132,128.6571862,8.934221055
19950,34.92405487,128.6107804,8.934484551
20010,34.89972415,128.5644424,8.937102498
20070,34.87573195,128.5175947,8.942097443
20130,34.84826006,128.4723302,8.948638766
20190,34.8178825,128.4284717,8.948933835
20250,34.78667709,128.3847533,8.958216937
20310,34.75537346,128.3407391,8.96507615
20370,34.72361268,128.2953737,8.948260699
20430,34.69146122,128.2499566,8.957839487
20490,34.65923138,128.2046469,8.953650798
20550,34.62742503,128.1589987,8.956704651
20610,34.59529295,128.1133001,8.953554095
20670,34.56272923,128.0684789,8.964161061
20730,34.53025964,128.0239189,8.964640445
20790,34.49745271,127.979821,8.953408282
20850,34.46399603,127.9359935,8.958623355
20910,34.43247345,127.8925669,8.97240992
20970,34.40049296,127.8488179,8.967833694
21030,34.36822624,127.8051405,8.978505155
21090,34.3360481,127.7613239,8.968009521
21150,34.30290215,127.7179519,8.973088332
21210,34.26899011,127.6744008,8.958562561
21270,34.23555929,127.6305028,8.970596385
21330,34.2030942,127.5859417,8.978347381
21390,34.17004472,127.5412868,8.979884023
21450,34.13688854,127.4955439,8.947885857
21510,34.10351272,127.4489972,8.969211833
21570,34.07014251,127.404546,8.981639806
21630,34.03564042,127.3590332,8.961341511
21690,34.00082923,127.3136212,8.969873903
21750,33.96682136,127.2679891,8.976114494
21810,33.93293919,127.2222891,8.977429024
21870,33.89882719,127.1767562,8.980672853
21930,33.86490753,127.1307625,8.981288011
21990,33.82873374,127.0871323,8.976779332
22050,33.7830946,127.1001452,8.986684375
22110,33.80840793,127.1671608,8.979812997
22170,33.85878986,127.2271423,8.978933901
22230,33.90701679,127.2918543,8.977332849
22290,33.95548341,127.3568912,8.981435786
22350,34.00407222,127.4221342,8.980795657
22410,34.0526733,127.4883816,8.97606408
22470,34.10163106,127.5545261,8.976121873
22530,34.1507521,127.6212802,8.973816681
22590,34.19989845,127.6880916,8.973881311
22650,34.24918503,127.7548663,8.971940638
22710,34.29807243,127.822581,8.971941269
22770,34.34756563,127.8897759,8.968022846
22830,34.39698934,127.9578845,8.965182679
22890,34.44692293,128.0254133,8.961576923
22950,34.4962466,128.0940548,8.956254793
23010,34.54573354,128.1623348,8.956875702
23070,34.59495322,128.2304983,8.956073685
23130,34.64397447,128.298584,8.949017814
23190,34.69240905,128.3676476,8.948333154
23250,34.74166541,128.435017,8.945013339
23310,34.78547667,128.508438,8.946290844
23370,34.81231309,128.5994439,8.945686957
23430,34.83638496,128.6930481,8.950810416
23490,34.85760667,128.7884605,8.946293446
23550,34.87868372,128.8838447,8.946571839
23610,34.90370401,128.9770148,8.941504095
23670,34.929341,129.0694641,8.938978636
23730,34.95531102,129.1616885,8.936260847
23790,34.9828199,129.2534267,8.936168614
23850,35.01036996,129.3461213,8.933918326
23910,35.03964481,129.4374978,8.93406999
23970,35.07260069,129.5265205,8.935767696
24030,35.10615601,129.6152627,8.934327763
24090,35.14333022,129.6970085,8.936783266
24150,35.18692907,129.7001196,8.911812497
24210,35.19728737,129.6517181,8.926431591
24270,35.20502602,129.6016056,8.930668604
24330,35.21122776,129.5510643,8.92514274
24390,35.21751945,129.4996155,8.92974185
24450,35.22042383,129.4468517,8.92536873
24510,35.22255142,129.3930746,8.919510789
24570,35.22467415,129.3393107,8.930734561
24630,35.22727356,129.2856821,8.931542531
24690,35.22831357,129.2315458,8.912535256
24750,35.22823735,129.178406,8.93394852
24810,35.23110889,129.126692,8.924279372
24870,35.24003224,129.0757404,8.915875692
24930,35.26932518,129.0378567,8.936206476
24990,35.31112835,129.007954,8.932209681
25050,35.352304,128.9769169,8.932172592
25110,35.39274265,128.9441304,8.948422146
25170,35.43324034,128.9102207,8.930673823
25230,35.4748913,128.8764895,8.917084988
25290,35.51691535,128.8427937,8.914390185
25350,35.55773211,128.8080937,8.917436321
25410,35.59810498,128.7734311,8.922281306
25470,35.63881904,128.7387041,8.917754558
25530,35.67996255,128.7033433,8.916036612
25590,35.72092855,128.6676479,8.911939963
25650,35.76211934,128.6323898,8.91089689
25710,35.8033292,128.597109,8.914597893
25770,35.84501543,128.562838,8.909735227
25830,35.88814393,128.5301797,8.907529705
25890,35.93161407,128.4974075,8.911353499
25950,35.97550015,128.4639057,8.911781659
26010,36.01880746,128.4297488,8.913125793
26070,36.06182113,128.3957636,8.906301035
26130,36.10163837,128.3602458,8.901979841
26190,36.13293285,128.3172272,8.895032757
26250,36.16612288,128.276178,8.895621855
26310,36.20001727,128.2359766,8.899002949
26370,36.23384951,128.195754,8.895652343
26430,36.26720976,128.155128,8.896623715
26490,36.30050676,128.1148942,8.893056663
26550,36.33381201,128.075159,8.893253794
26610,36.36685801,128.035641,8.893087339
26670,36.39967105,127.9962465,8.889693644
26730,36.43234232,127.9567304,8.889035451
26790,36.46519256,127.9176767,8.889910821
26850,36.49769235,127.8791919,8.887663798
26910,36.52967066,127.8403056,8.886684843
26970,36.56088925,127.8009941,8.886136304
27030,36.59231725,127.761541,8.882131545
27090,36.6238984,127.7222662,8.883450155
27150,36.65591863,127.683539,8.881274675
27210,36.69123516,127.648119,8.893842255
27270,36.73515138,127.6225192,8.879678531
27330,36.77900904,127.5956542,8.871971375
27390,36.82193755,127.5667643,8.853449527
27450,36.85938905,127.5326873,8.876525701
27510,36.89666732,127.499105,8.883907389
27570,36.93409063,127.4651271,8.8757269
27630,36.97114923,127.4307074,8.871614587
27690,37.00781442,127.3964927,8.875345594
27750,37.0438527,127.3618694,8.873597336
27810,37.08069262,127.3274132,8.868020165
27870,37.1179956,127.2930707,8.86875946
27930,37.15464172,127.2581262,8.87180331
27990,37.19117978,127.2238043,8.867983193
28050,37.22844532,127.1895259,8.861140278
28110,37.26517069,127.1554014,8.864071236
28170,37.3037965,127.1237306,8.868100044
28230,37.35421008,127.1139631,8.86006973
28290,37.40936513,127.1121533,8.849068439
28350,37.46549543,127.1129684,8.840811514
28410,37.52310937,127.1215722,8.846482068
28470,37.56949759,127.1698834,8.851060549
28530,37.56998384,127.2780867,8.844538515
28590,37.5596693,127.3894612,8.850620194
28650,37.54915036,127.501075,8.841134215
28710,37.51324608,127.5942422,8.861600783
28770,37.45123124,127.6079477,8.859604623
28830,37.41068794,127.5674187,8.847585236
28890,37.37152614,127.5254536,8.84872708
28950,37.33541849,127.4824463,8.856647599
29010,37.32445271,127.4317617,8.856424844
29070,37.3190029,127.3784266,8.851125924
29130,37.31359615,127.3250493,8.856749462
29190,37.2977227,127.2763331,8.855839745
29250,37.25298851,127.2806089,8.745304164
29310,37.25688923,127.3760926,7.756878062
29370,37.29414091,127.4714507,6.843606143
29430,37.33860909,127.5440158,6.007196041
29490,37.39868425,127.5697036,5.008648293
29550,37.44337115,127.5564406,3.994890091
29610,37.43812107,127.5028097,3.426877104
29670,37.42754327,127.4562348,2.941023332
29730,37.40995854,127.4183862,2.41425405
29790,37.36964257,127.4215758,1.995569644
29850,37.33080827,127.4186319,1.603693108
29910,37.29340959,127.4016229,1.346031844
29970,37.255549,127.3858504,1.293771023
30030,37.21478919,127.3707017,1.255210155
30090,37.18046087,127.34355,1.055818273
30150,37.15405631,127.3050558,1.030821681
30210,37.1286831,127.2663145,1.007072236
30270,37.1083375,127.2300627,1.001366064
30330,37.10272242,127.1881631,0.790312235
30390,37.09969832,127.1446859,0.552604253
30450,37.09825972,127.1010368,0.32382612
30510,37.09518753,127.060149,0.117364558
30570,37.09289427,127.0334328,0.038282294
30630,37.09110762,127.0295414,0.036802335
30690,37.088364,127.0296507,0.036060362
30750,37.08777433,127.0293387,0.034540507
30810,37.08776973,127.0293338,0.035094386
