src/Components/missions/KORUS-AQ/Tracks/KORUSAQ-DC8TRK_MODEL_20160503_RA.ICT
35,1001
Project Office
NSERC - National Suborbital Education and Research Center
DC-8 (N817NA) Data Acquisition and Distribution
KORUS-AQ 2016
1,1
2016,05,03,2016,05,04
1
UTC_mid,seconds, mid time UTC from midnight of the starting data collecting day 
3
1,1,1
-9999,-9999,-9999
Lat_60s, degN, 60 second average of IWG1 latitude
Lon_60s, degE, 60 second average of IWG1 longitude
AltP_60s, km, 60 second average of IWG1 pressure altitude
1
Data from IWG1 file posted on: http://asp-archive.arc.nasa.gov
17
PI_CONTACT_INFO: Melissa Yang melissa.yang@nasa.gov
Platform: DC-8 N817NA
LOCATION: Included in data records
ASSOCIATED_DATA: N/A
INSTRUMENT_INFO:http://www.nserc.und.edu/PDFs/ExperimenterHandbook.pdf
DATA_INFO: data averaged into 60s intervals
UNCERTAINTY: Reference DC-8 Experimenter Handbook located at https://airbornescience.nasa.gov/sites/default/files/DC8_Experimenter_Handbook_Jan2011v2.pdf
ULOD_FLAG: -7777
ULOD_VALUE: N/A
LLOD_FLAG: -8888
LLOD_VALUE: N/A;
DM_CONTACT_INFO: Gao Chen 
PROJECT_INFO: N/A
STIPULATIONS_ON_USE: N/A
OTHER_COMMENTS: N/A
REVISION: RA
UTC_mid,Lat_60s,Lon_60s,AltP_60s
82830,37.09236,127.0447,0.113741
82890,37.09379,127.0439,0.112786
82950,37.09361,127.0418,0.114356
83010,37.09112,127.0062,0.298541
83070,37.08125,126.9566,0.855822
83130,37.03891,126.9751,1.358107
83190,37.04864,127.053,1.905315
83250,37.08701,127.1145,2.206914
83310,37.13442,127.1607,2.219924
83370,37.18416,127.2082,2.220209
83430,37.2363,127.2591,2.222348
83490,37.28691,127.3065,2.218136
83550,37.33894,127.3352,2.016582
83610,37.39005,127.3589,1.945675
83670,37.44254,127.3788,1.937923
83730,37.49284,127.381,1.693692
83790,37.54036,127.3755,1.616126
83850,37.58171,127.3532,1.614287
83910,37.62199,127.3264,1.617269
83970,37.63931,127.28,1.519972
84030,37.64727,127.231,1.339017
84090,37.64958,127.1794,1.123533
84150,37.6134,127.1485,0.935375
84210,37.57016,127.1365,0.825967
84270,37.52295,127.1272,0.528681
84330,37.47626,127.1185,0.262397
84390,37.4277,127.1169,0.410896
84450,37.38502,127.1717,0.759165
84510,37.34116,127.2479,0.838053
84570,37.30643,127.3303,0.785393
84630,37.29292,127.4239,0.598358
84690,37.28655,127.5171,0.923082
84750,37.28422,127.614,1.325616
84810,37.32812,127.6699,1.735424
84870,37.38471,127.6591,2.097308
84930,37.39598,127.5989,2.47302
84990,37.39496,127.5342,2.903931
85050,37.37005,127.481,3.236996
85110,37.30744,127.4702,3.572759
85170,37.26411,127.5514,3.945524
85230,37.29206,127.6501,4.280738
85290,37.35606,127.6793,4.743602
85350,37.39161,127.636,5.120244
85410,37.39164,127.5593,5.501462
85470,37.38325,127.4826,5.878291
85530,37.31569,127.4812,6.259647
85590,37.27835,127.5808,6.762115
85650,37.30314,127.683,7.067326
85710,37.37183,127.6872,7.245482
85770,37.39396,127.5953,7.307844
85830,37.39736,127.4813,7.316119
85890,37.39951,127.3552,7.315342
85950,37.4022,127.2201,7.317018
86010,37.40497,127.0792,7.317699
86070,37.40732,126.937,7.314123
86130,37.40955,126.7968,7.312507
86190,37.41156,126.6584,7.311085
86250,37.41325,126.5214,7.311517
86310,37.41203,126.385,7.311156
86370,37.41002,126.2486,7.310247
86430,37.40834,126.1112,7.312787
86490,37.40705,125.9722,7.312172
86550,37.40563,125.8324,7.31238
86610,37.40412,125.6924,7.311552
86670,37.40206,125.553,7.311806
86730,37.39993,125.4149,7.31204
86790,37.39782,125.278,7.311786
86850,37.39556,125.1431,7.309972
86910,37.39303,125.0104,7.308789
86970,37.3894,124.879,7.307686
87030,37.35211,124.7554,7.311151
87090,37.29672,124.637,7.311258
87150,37.25547,124.5125,7.309978
87210,37.21367,124.3883,7.310491
87270,37.1413,124.2908,7.307504
87330,37.016,124.2817,7.312954
87390,36.88611,124.2845,7.311298
87450,36.75597,124.2856,7.310257
87510,36.62559,124.2859,7.309424
87570,36.49468,124.2861,7.309419
87630,36.36323,124.2864,7.311303
87690,36.23136,124.2866,7.310044
87750,36.09915,124.2868,7.309993
87810,35.9668,124.287,7.310369
87870,35.83412,124.2871,7.310145
87930,35.70128,124.2872,7.310531
87990,35.56827,124.2872,7.308835
88050,35.43514,124.2872,7.311796
88110,35.3018,124.2872,7.308189
88170,35.16825,124.2873,7.309358
88230,35.03545,124.2876,7.311938
88290,34.90728,124.2876,7.308743
88350,34.78463,124.2876,7.307981
88410,34.66776,124.2882,7.30757
88470,34.55798,124.2883,7.307448
88530,34.45463,124.2883,7.306889
88590,34.36318,124.2747,7.053006
88650,34.3277,124.2022,6.452169
88710,34.37871,124.1772,5.947913
88770,34.39259,124.2783,5.426984
88830,34.32156,124.2852,4.929175
88890,34.31188,124.2049,4.397283
88950,34.37534,124.1841,3.919306
89010,34.41673,124.2458,3.503209
89070,34.3619,124.2753,3.064896
89130,34.3669,124.2109,2.617069
89190,34.41681,124.2323,2.10791
89250,34.37758,124.2779,1.687007
89310,34.38507,124.2362,1.245123
89370,34.45309,124.2632,0.837661
89430,34.52252,124.295,0.515427
89490,34.58797,124.3107,0.283911
89550,34.65037,124.3078,0.227752
89610,34.71689,124.3011,0.204267
89670,34.78764,124.2952,0.206314
89730,34.86005,124.2956,0.212217
89790,34.93161,124.2945,0.215189
89850,35.002,124.2933,0.214869
89910,35.07207,124.295,0.204673
89970,35.14154,124.2972,0.215229
90030,35.20957,124.2964,0.220589
90090,35.27676,124.2935,0.216784
90150,35.34357,124.2913,0.216581
90210,35.40977,124.2882,0.216652
90270,35.47615,124.2889,0.217698
90330,35.54214,124.2886,0.217998
90390,35.60785,124.2883,0.21814
90450,35.67353,124.2885,0.218247
90510,35.73939,124.2882,0.218557
90570,35.80569,124.2885,0.219166
90630,35.87208,124.2886,0.218338
90690,35.93806,124.2883,0.218049
90750,36.00382,124.2907,0.218333
90810,36.06947,124.2948,0.219934
90870,36.13448,124.2918,0.225323
90930,36.19949,124.29,0.223576
90990,36.26456,124.2886,0.223124
91050,36.32998,124.2882,0.22417
91110,36.39655,124.2884,0.224617
91170,36.4643,124.2883,0.224221
91230,36.53285,124.2862,0.224394
91290,36.60261,124.288,0.224241
91350,36.6733,124.289,0.224302
91410,36.74468,124.2885,0.223881
91470,36.81664,124.2883,0.223967
91530,36.88828,124.2884,0.231272
91590,36.95935,124.2884,0.228539
91650,37.03013,124.2883,0.229088
91710,37.10072,124.2884,0.229428
91770,37.17093,124.2883,0.255915
91830,37.21558,124.2612,0.539709
91890,37.16929,124.2445,0.838754
91950,37.09892,124.2765,0.966445
92010,37.01869,124.2922,0.96645
92070,36.93564,124.2868,0.967395
92130,36.85374,124.2874,0.964855
92190,36.77415,124.2881,0.964199
92250,36.69702,124.2885,0.963788
92310,36.62178,124.2882,0.964093
92370,36.54687,124.2882,0.964433
92430,36.47032,124.2882,0.965352
92490,36.39223,124.2883,0.964499
92550,36.3132,124.2882,0.964133
92610,36.23347,124.2883,0.964372
92670,36.15318,124.2884,0.964524
92730,36.07243,124.2886,0.964245
92790,35.9914,124.2885,0.96394
92850,35.90965,124.2886,0.963981
92910,35.82677,124.2885,0.964184
92970,35.74313,124.2882,0.964037
93030,35.65897,124.2883,0.963427
93090,35.57457,124.2884,0.963635
93150,35.49002,124.2884,0.964001
93210,35.40522,124.2883,0.963204
93270,35.32009,124.2883,0.963615
93330,35.23461,124.2885,0.964001
93390,35.14892,124.2881,0.963752
93450,35.06342,124.2881,0.964214
93510,34.9789,124.2882,0.964052
93570,34.90348,124.2713,1.023498
93630,34.91662,124.2131,1.288461
93690,34.99041,124.2426,1.712432
93750,35.06251,124.2912,2.227072
93810,35.13685,124.2929,2.747447
93870,35.21384,124.2895,3.06164
93930,35.29836,124.2876,2.711374
93990,35.38421,124.2879,2.236907
94050,35.46762,124.2883,1.754779
94110,35.54972,124.2884,1.586301
94170,35.63018,124.2881,1.76946
94230,35.71199,124.2885,1.878879
94290,35.79409,124.2886,1.91165
94350,35.87452,124.2881,2.183856
94410,35.9537,124.288,2.472238
94470,36.03716,124.2884,2.48987
94530,36.12003,124.289,2.490241
94590,36.19919,124.2881,2.487325
94650,36.277,124.288,2.487813
94710,36.35464,124.2878,2.488153
94770,36.43278,124.2883,2.488453
94830,36.51147,124.2886,2.48824
94890,36.59212,124.2884,2.488331
94950,36.67514,124.2882,2.488768
95010,36.75977,124.2884,2.488286
95070,36.84531,124.2884,2.489129
95130,36.92995,124.2886,2.488468
95190,37.01271,124.2887,2.487778
95250,37.09443,124.2886,2.488179
95310,37.17321,124.3033,2.492162
95370,37.21789,124.397,2.484765
95430,37.25206,124.5068,2.488026
95490,37.28837,124.6169,2.487798
95550,37.33344,124.7229,2.48824
95610,37.3813,124.8268,2.491415
95670,37.39229,124.9425,2.486152
95730,37.39421,125.0609,2.487391
95790,37.3961,125.1819,2.488255
95850,37.39814,125.3038,2.489093
95910,37.39998,125.4262,2.488758
95970,37.40167,125.5488,2.4886
96030,37.40348,125.6713,2.488113
96090,37.4053,125.7936,2.488367
96150,37.40646,125.9158,2.505954
96210,37.40779,126.0376,2.518801
96270,37.40948,126.16,2.516368
96330,37.40989,126.2831,2.517663
96390,37.41091,126.4063,2.515641
96450,37.40309,126.5254,2.518105
96510,37.37673,126.6393,2.554407
96570,37.36878,126.757,2.806903
96630,37.37136,126.872,3.076047
96690,37.37699,126.9891,3.080375
96750,37.39948,127.098,2.879806
96810,37.42664,127.1917,2.535936
96870,37.46003,127.268,2.042429
96930,37.51262,127.2959,1.537411
96990,37.56573,127.3031,1.358026
97050,37.61769,127.2939,1.335568
97110,37.64129,127.2524,1.308689
97170,37.64459,127.1912,1.021766
97230,37.6155,127.1522,0.959587
97290,37.57318,127.1385,0.845231
97350,37.5306,127.129,0.574538
97410,37.48388,127.1198,0.294244
97470,37.43293,127.1155,0.412085
97530,37.38637,127.1682,0.853709
97590,37.34135,127.2509,0.864271
97650,37.30551,127.3405,0.974842
97710,37.2798,127.4341,1.210711
97770,37.2748,127.5307,1.563665
97830,37.27571,127.628,1.890771
97890,37.31747,127.6795,2.344323
97950,37.37566,127.6812,2.742352
98010,37.43074,127.6758,3.209331
98070,37.48806,127.6718,3.446754
98130,37.55057,127.6578,3.719947
98190,37.60349,127.6183,4.142008
98250,37.62782,127.5484,4.583948
98310,37.61759,127.4634,5.029215
98370,37.55502,127.4048,5.480024
98430,37.46622,127.3717,5.940201
98490,37.37703,127.3373,6.389944
98550,37.29821,127.2892,6.843359
98610,37.2392,127.2162,7.23297
98670,37.1787,127.1396,7.329104
98730,37.11253,127.0569,7.326107
98790,37.02313,126.9907,7.326355
98850,36.91912,126.9346,7.319751
98910,36.81286,126.8753,7.318365
98970,36.70163,126.828,7.315235
99030,36.57599,126.83,7.320869
99090,36.44996,126.8357,7.31837
99150,36.32645,126.8318,7.316531
99210,36.20513,126.8175,7.318207
99270,36.08357,126.8044,7.316485
99330,35.96186,126.7916,7.315789
99390,35.83995,126.7785,7.315784
99450,35.71727,126.7652,7.317669
99510,35.59307,126.7519,7.316922
99570,35.46788,126.7384,7.316429
99630,35.34181,126.725,7.315261
99690,35.21577,126.7114,7.317526
99750,35.08989,126.6981,7.318156
99810,34.96484,126.6847,7.316673
99870,34.8401,126.6715,7.315281
99930,34.7161,126.6586,7.314189
99990,34.59404,126.6455,7.316048
100050,34.47366,126.6332,7.315901
100110,34.35419,126.6205,7.315372
100170,34.23292,126.608,7.316739
100230,34.10964,126.5949,7.317039
100290,33.98491,126.5816,7.318639
100350,33.88459,126.5315,7.316968
100410,33.85722,126.4263,7.310882
100470,33.86094,126.3174,7.315098
100530,33.86644,126.2089,7.317156
100590,33.87313,126.1012,7.316038
100650,33.88046,125.9942,7.317206
100710,33.88743,125.8894,7.2187
100770,33.91724,125.7963,6.358839
100830,34.00264,125.8123,5.835076
100890,34.00934,125.9327,5.266974
100950,33.93434,125.9426,4.731598
101010,33.95783,125.8937,4.191985
101070,34.00844,125.9703,3.819179
101130,34.04277,126.0758,3.334918
101190,34.07708,126.1795,2.865465
101250,34.11099,126.2825,2.395332
101310,34.14496,126.385,1.933448
101370,34.17093,126.4877,1.574637
101430,34.17394,126.5923,1.224493
101490,34.20235,126.6789,0.865607
101550,34.26613,126.7164,0.626989
101610,34.33214,126.7247,0.705708
101670,34.39991,126.7305,0.618114
101730,34.47311,126.7384,0.493842
101790,34.54164,126.7454,0.612521
101850,34.60768,126.7508,0.778906
101910,34.67631,126.7563,0.590916
101970,34.74359,126.7639,0.745505
102030,34.81081,126.7708,1.053252
102090,34.87866,126.7767,0.863834
102150,34.9468,126.7838,0.668945
102210,35.01859,126.7906,0.616844
102270,35.08841,126.7977,0.600039
102330,35.15633,126.8051,0.618515
102390,35.22396,126.815,0.567797
102450,35.28944,126.8238,0.926628
102510,35.35636,126.8319,0.940054
102570,35.42428,126.8418,1.035873
102630,35.49512,126.852,1.088654
102690,35.56506,126.8605,0.747522
102750,35.63437,126.8682,0.455193
102810,35.69956,126.8752,0.392572
102870,35.76807,126.8822,0.430992
102930,35.83619,126.8898,0.482539
102990,35.90555,126.898,0.403306
103050,35.97468,126.9057,0.459745
103110,36.04026,126.9129,0.517383
103170,36.10602,126.9194,0.542366
103230,36.17364,126.9272,0.510804
103290,36.24117,126.9349,0.546278
103350,36.30764,126.943,0.529687
103410,36.37179,126.9494,0.587268
103470,36.43481,126.9568,0.662193
103530,36.50191,126.964,0.762396
103590,36.56465,126.9715,0.710824
103650,36.6279,126.979,0.750225
103710,36.69385,126.986,0.732749
103770,36.76132,126.9937,0.698215
103830,36.82843,127.0019,0.521193
103890,36.89269,127.0085,0.720771
103950,36.95524,127.0162,0.745018
104010,37.01328,127.0224,0.739501
104070,37.06765,127.0235,0.737565
104130,37.09214,126.9988,0.935568
104190,37.03955,127.0066,1.246165
104250,36.97248,127.0285,1.294734
104310,36.90497,127.0208,1.294277
104370,36.8393,127.0077,1.291824
104430,36.77582,126.9951,1.293302
104490,36.71114,126.9872,1.293429
104550,36.64354,126.9802,1.292824
104610,36.57317,126.9724,1.293282
104670,36.50267,126.9644,1.293099
104730,36.43371,126.9561,1.29349
104790,36.3659,126.9484,1.292474
104850,36.29271,126.9413,1.293393
104910,36.21899,126.9319,1.293383
104970,36.14614,126.9235,1.293652
105030,36.07434,126.9162,1.291864
105090,36.0032,126.9087,1.294216
105150,35.93017,126.9003,1.293967
105210,35.85716,126.8923,1.293754
105270,35.78508,126.8843,1.293454
105330,35.71327,126.8763,1.292804
105390,35.64184,126.8685,1.294232
105450,35.57144,126.8607,1.293688
105510,35.50139,126.8525,1.293226
105570,35.43153,126.843,1.280836
105630,35.36146,126.8336,1.262675
105690,35.29021,126.8241,1.263117
105750,35.21703,126.8137,1.264021
105810,35.14232,126.8034,1.263813
105870,35.06628,126.795,1.263995
105930,34.9896,126.7877,1.263503
105990,34.91332,126.7804,1.263711
106050,34.83793,126.773,1.262751
106110,34.7639,126.7658,1.263472
106170,34.69108,126.7588,1.262659
106230,34.61887,126.752,1.262634
106290,34.54688,126.7451,1.262918
106350,34.47617,126.7383,1.263818
106410,34.40196,126.7316,1.263645
106470,34.32583,126.7235,1.266083
106530,34.25209,126.7183,1.263868
106590,34.19737,126.7585,1.323289
106650,34.23119,126.8169,1.694718
106710,34.29379,126.7911,2.129983
106770,34.35276,126.7548,2.451395
106830,34.41573,126.7322,2.462972
106890,34.4859,126.7404,2.460808
106950,34.55328,126.746,2.461133
107010,34.62181,126.7525,2.462855
107070,34.69289,126.759,2.462535
107130,34.76481,126.7668,2.463815
107190,34.83606,126.7734,2.462748
107250,34.90673,126.7799,2.462987
107310,34.97771,126.7867,2.46383
107370,35.04988,126.7937,2.462393
107430,35.12294,126.8009,2.462743
107490,35.19527,126.8111,2.462642
107550,35.26451,126.82,2.462169
107610,35.33363,126.8296,2.462073
107670,35.4043,126.8392,2.462413
107730,35.4756,126.8488,2.462357
107790,35.54638,126.8581,2.469845
107850,35.61586,126.8656,2.463404
107910,35.68413,126.8728,2.338542
107970,35.7501,126.8806,2.19708
108030,35.8196,126.8887,2.180717
108090,35.89377,126.8968,2.183287
108150,35.96667,126.9042,2.182094
108210,36.03747,126.9125,2.181286
108270,36.10977,126.9206,2.181921
108330,36.18392,126.9288,2.1812
108390,36.25835,126.9373,2.182424
108450,36.33066,126.9454,2.191329
108510,36.39944,126.9522,2.195251
108570,36.46759,126.9605,2.197659
108630,36.5386,126.969,2.196861
108690,36.61284,126.977,2.197821
108750,36.68776,126.9855,2.197654
108810,36.75725,126.9936,2.196333
108870,36.82428,127.0005,2.195683
108930,36.89522,127.0086,2.197994
108990,36.96872,127.017,2.198309
109050,37.04279,127.0262,2.198731
109110,37.10732,127.0605,2.197572
109170,37.15,127.1345,2.194316
109230,37.19191,127.2115,2.199686
109290,37.24894,127.2733,2.194336
109350,37.31452,127.3073,2.19234
109410,37.3737,127.3336,2.198289
109470,37.43004,127.3523,2.165695
109530,37.48044,127.3489,1.925325
109590,37.5277,127.3371,1.853143
109650,37.5659,127.3097,1.618381
109710,37.60468,127.2815,1.37763
109770,37.64144,127.2545,1.330035
109830,37.65917,127.2038,1.328522
109890,37.64917,127.1589,1.115426
109950,37.60755,127.1432,0.934517
110010,37.5632,127.1342,0.857301
110070,37.5209,127.1271,0.513151
110130,37.48066,127.1192,0.264251
110190,37.435,127.1131,0.389844
110250,37.39485,127.1546,0.806577
110310,37.35612,127.2259,0.793333
110370,37.31964,127.2951,0.889559
110430,37.28751,127.3702,0.777479
110490,37.27383,127.4507,0.694639
110550,37.28208,127.5323,1.038062
110610,37.28461,127.6147,1.489766
110670,37.31847,127.6675,1.949938
110730,37.37559,127.6632,2.4457
110790,37.39265,127.6118,3.00006
110850,37.39712,127.5471,3.417722
110910,37.38291,127.4837,3.84556
110970,37.31522,127.4746,4.218605
111030,37.274,127.5484,4.574667
111090,37.2901,127.6421,5.092761
111150,37.3432,127.6663,5.489803
111210,37.38978,127.6489,5.855975
111270,37.39572,127.5843,6.286378
111330,37.39866,127.5158,6.716664
111390,37.35618,127.4714,7.057684
111450,37.27304,127.4864,7.27869
111510,37.23064,127.5923,6.61039
111570,37.24459,127.7274,5.6407
111630,37.3283,127.7757,4.702942
111690,37.4146,127.7659,3.929588
111750,37.42859,127.6836,3.345317
111810,37.41228,127.5988,3.038074
111870,37.39841,127.5181,2.617373
111930,37.36393,127.4586,2.203709
111990,37.28837,127.464,1.902363
112050,37.22343,127.4628,1.776303
112110,37.17216,127.4498,1.477675
112170,37.13524,127.4183,1.138479
112230,37.11621,127.3732,1.045896
112290,37.11502,127.3228,1.021883
112350,37.11254,127.2721,1.018362
112410,37.10574,127.2196,0.964895
112470,37.1012,127.1711,0.769127
112530,37.09957,127.1252,0.507096
112590,37.09708,127.0815,0.281193
112650,37.09339,127.039,0.091176
112710,37.09143,127.0167,0.078364
112770,37.0888,127.0146,0.080112
