src/Components/missions/KORUS-AQ/Tracks/KORUSAQ-B200TRK_MODEL_20160602_RA_20160602KST.ICT
35,1001
GeoTASO Team
NASA GSFC
B-200 (N817NA) GeoTASO
KORUS-AQ 2016
1,1
2016,06,02,2016,06,07
1
UTC_mid,seconds, mid time UTC from midnight of the starting data collecting day 
3
1,1,1
-9999,-9999,-9999
Lat, degN, 60 second average of latitude
Lon, degE, 60 second average of longitude
AltGPS, km, 60 second average of GPS altitude
1
Data from GeoTASO instrument
17
PI_CONTACT_INFO: Scott Janz
Platform: B-200 King Air
LOCATION: Included in data records
ASSOCIATED_DATA: N/A
INSTRUMENT_INFO:http://www.nserc.und.edu/PDFs/ExperimenterHandbook.pdf
DATA_INFO: data averaged into 60s intervals
UNCERTAINTY: Reference DC-8 Experimenter Handbook located at https://airbornescience.nasa.gov/sites/default/files/DC8_Experimenter_Handbook_Jan2011v2.pdf
ULOD_FLAG: -7777
ULOD_VALUE: N/A
LLOD_FLAG: -8888
LLOD_VALUE: N/A;
DM_CONTACT_INFO: Gao Chen 
PROJECT_INFO: N/A
STIPULATIONS_ON_USE: N/A
OTHER_COMMENTS: N/A
REVISION: RA
UTC_mid,Lat,Lon,AltGPS
18030,37.08786494,127.0292828,0.033785049
18090,37.08786608,127.0292822,0.033779984
18150,37.08786723,127.0292816,0.033774919
18210,37.08786838,127.029281,0.033769854
18270,37.08786953,127.0292803,0.033764789
18330,37.08787068,127.0292797,0.033759724
18390,37.08787183,127.0292791,0.033754659
18450,37.08787297,127.0292785,0.033749594
18510,37.08787413,127.0292778,0.033744529
18570,37.08787527,127.0292772,0.033739464
18630,37.08787642,127.0292766,0.033734399
18690,37.08787757,127.0292759,0.033729334
18750,37.08787872,127.0292753,0.033724269
18810,37.08787987,127.0292747,0.033719204
18870,37.08788101,127.0292741,0.033714139
18930,37.08788216,127.0292734,0.033709074
18990,37.08788331,127.0292728,0.033704009
19050,37.08788446,127.0292722,0.033698944
19110,37.08788561,127.0292716,0.033693879
19170,37.08788676,127.0292709,0.033688814
19230,37.08788791,127.0292703,0.033683749
19290,37.08788905,127.0292697,0.033678684
19350,37.0878902,127.029269,0.033673619
19410,37.08789135,127.0292684,0.033668554
19470,37.0878925,127.0292678,0.033663489
19530,37.08789365,127.0292672,0.033658424
19590,37.08789479,127.0292665,0.033653359
19650,37.08789595,127.0292659,0.033648294
19710,37.08789709,127.0292653,0.033643229
19770,37.08789824,127.0292647,0.033638164
19830,37.08789939,127.029264,0.033633099
19890,37.08790054,127.0292634,0.033628034
19950,37.08790168,127.0292628,0.033622969
20010,37.08790283,127.0292621,0.033617904
20070,37.08790398,127.0292615,0.033612839
20130,37.08790513,127.0292609,0.033607774
20190,37.08790628,127.0292603,0.033602709
20250,37.08790743,127.0292596,0.033597644
20310,37.08790857,127.029259,0.033592579
20370,37.08790973,127.0292584,0.033587514
20430,37.08791087,127.0292578,0.033582449
20490,37.08791202,127.0292571,0.033577384
20550,37.08791317,127.0292565,0.033572319
20610,37.08791432,127.0292559,0.033567254
20670,37.08791547,127.0292552,0.033562189
20730,37.08791661,127.0292546,0.033557124
20790,37.08791776,127.029254,0.033552059
20850,37.08791891,127.0292534,0.033546994
20910,37.08792516,127.0292522,0.033453534
20970,37.08794264,127.0292319,0.033933913
21030,37.08810886,127.0294622,0.034170512
21090,37.08849619,127.0271663,0.035067307
21150,37.08802848,127.0214588,0.034183554
21210,37.08772915,127.0162624,0.033975148
21270,37.08990943,127.0143227,0.033910718
21330,37.09054942,127.0142139,0.034098624
21390,37.09179278,127.0209115,0.038223667
21450,37.09430494,127.0659803,0.360002989
21510,37.07678982,127.0989383,0.841651858
21570,37.03592565,127.0761098,1.287215945
21630,36.98865418,127.0678137,1.762058876
21690,36.95410289,127.1016368,2.23930409
21750,36.92818395,127.1473884,2.664209448
21810,36.90134051,127.1922265,3.069070096
21870,36.87257419,127.2406845,3.431115129
21930,36.83604809,127.2984074,3.489148491
21990,36.79327734,127.3610595,3.486530965
22050,36.75449637,127.4246163,3.739320059
22110,36.72043103,127.4871181,3.991212846
22170,36.68541539,127.5476467,4.339528869
22230,36.64590296,127.6065309,4.625410855
22290,36.60507788,127.6659232,4.930535582
22350,36.56490292,127.7270173,5.196789041
22410,36.52456788,127.7897114,5.46174826
22470,36.48640092,127.8559691,5.681669224
22530,36.44903416,127.9227756,5.965967843
22590,36.407409,127.983161,6.240583801
22650,36.36027859,128.040937,6.419563434
22710,36.31064828,128.1003296,6.607403185
22770,36.26134714,128.1607928,6.81474997
22830,36.21159793,128.2220679,7.004753231
22890,36.16065702,128.2833788,7.177619617
22950,36.10916177,128.3451,7.348559114
23010,36.05315303,128.4029945,7.475588526
23070,35.99265431,128.4545017,7.606191231
23130,35.93184162,128.5062027,7.77628733
23190,35.87249088,128.5573746,7.929784594
23250,35.811452,128.6074802,8.055625142
23310,35.74904028,128.6579138,8.135306635
23370,35.68563525,128.7108545,8.211423235
23430,35.62112477,128.7644666,8.284719909
23490,35.55491134,128.8177747,8.341680205
23550,35.48883994,128.874209,8.411876442
23610,35.42118716,128.9300311,8.512116907
23670,35.35375498,128.9866111,8.585373945
23730,35.28568319,129.0428858,8.635390765
23790,35.22039306,129.1036496,8.725172124
23850,35.16254933,129.176578,8.788301451
23910,35.10065268,129.2368465,8.839938643
23970,35.04021996,129.2236272,8.841419993
24030,35.02007871,129.1727828,8.838685459
24090,35.01936281,129.1198823,8.833770915
24150,35.01884185,129.0672821,8.842458219
24210,35.01805749,129.0156085,8.846442934
24270,35.01784667,128.9642817,8.84165077
24330,35.01741126,128.9140383,8.854099957
24390,35.01720613,128.8638058,8.855111722
24450,35.01686357,128.8121128,8.86120013
24510,35.01704129,128.7600037,8.867728629
24570,35.01767714,128.7075548,8.856097496
24630,35.03114426,128.6620649,8.838909853
24690,35.05660683,128.6256332,8.851362238
24750,35.08067174,128.5918615,8.855187694
24810,35.10493164,128.5588966,8.861500007
24870,35.13484119,128.5316462,8.865579505
24930,35.17605887,128.5213555,8.854175954
24990,35.21798772,128.5122558,8.859652578
25050,35.26070742,128.5043228,8.857061833
25110,35.30498854,128.495526,8.850883329
25170,35.35073543,128.487398,8.857482598
25230,35.3969452,128.479722,8.840734131
25290,35.44261245,128.4713429,8.848562488
25350,35.48834576,128.464878,8.829645886
25410,35.53446917,128.4589205,8.837109932
25470,35.58028374,128.4539179,8.847358963
25530,35.62491528,128.4488724,8.843724585
25590,35.66937063,128.4442569,8.841965666
25650,35.71294134,128.4390882,8.828121833
25710,35.75635651,128.4337704,8.825334556
25770,35.7998619,128.4294424,8.835677909
25830,35.84304374,128.4225917,8.820449497
25890,35.88623512,128.4153719,8.840426798
25950,35.93048631,128.4084483,8.824262239
26010,35.97424054,128.4012349,8.826387328
26070,36.01655323,128.3943176,8.820777982
26130,36.05831297,128.3866162,8.824538584
26190,36.09255201,128.3661126,8.831861626
26250,36.11946306,128.3340015,8.820929584
26310,36.14580594,128.3022948,8.830970725
26370,36.17229379,128.2703259,8.825548441
26430,36.19932783,128.2376585,8.825059016
26490,36.22681556,128.2046733,8.823529814
26550,36.25401025,128.1717391,8.824813194
26610,36.2813773,128.1393409,8.819636042
26670,36.30869309,128.1065931,8.823766505
26730,36.33586344,128.0736918,8.825655908
26790,36.36278168,128.0409081,8.823433103
26850,36.38955672,128.0084047,8.819536399
26910,36.41592577,127.9754521,8.820230702
26970,36.44319314,127.9428552,8.823308
27030,36.47017846,127.9093117,8.827189809
27090,36.49694542,127.8757952,8.828066477
27150,36.52428146,127.8424555,8.827301713
27210,36.55156238,127.8081263,8.825159476
27270,36.57947799,127.7738106,8.828687279
27330,36.60768265,127.7401837,8.826284853
27390,36.63593696,127.7066736,8.814813396
27450,36.66372037,127.6736247,8.812590379
27510,36.69617412,127.6485971,8.814625975
27570,36.73077051,127.6260375,8.810991303
27630,36.76572818,127.6031837,8.815290436
27690,36.79795152,127.5775995,8.82305887
27750,36.81115041,127.5340962,8.811757042
27810,36.81832623,127.4855093,8.802438442
27870,36.82591013,127.4364544,8.798071431
27930,36.83292544,127.387291,8.803286405
27990,36.84584193,127.341499,8.805608117
28050,36.87177385,127.3053963,8.812337349
28110,36.89900966,127.269828,8.813673219
28170,36.92808663,127.2364108,8.812795956
28230,36.96995611,127.2304881,8.820263554
28290,37.01787404,127.2432016,8.817538924
28350,37.06589166,127.2567496,8.817600974
28410,37.11369065,127.2688795,8.819433031
28470,37.16126417,127.2810762,8.817937017
28530,37.20918501,127.2941632,8.813766319
28590,37.25694886,127.307049,8.806629812
28650,37.30253499,127.3139715,8.817210127
28710,37.3353439,127.2904457,8.811323681
28770,37.35380168,127.2474621,8.807875723
28830,37.37730591,127.2086429,8.799974783
28890,37.40336065,127.1721266,8.815745954
28950,37.42922691,127.1366342,8.821300849
29010,37.46403289,127.1163044,8.788409971
29070,37.51022889,127.1193136,8.802140535
29130,37.55019117,127.1488637,8.781886882
29190,37.53647096,127.2436389,8.786388689
29250,37.50017601,127.338525,8.788371258
29310,37.44797108,127.3449521,8.806010874
29370,37.45379015,127.2998036,8.789897741
29430,37.46037993,127.2510476,8.80253071
29490,37.46157973,127.1991967,8.800595741
29550,37.46254482,127.1469363,8.811011192
29610,37.46405993,127.094798,8.807863887
29670,37.47001154,127.0439822,8.810669351
29730,37.48724841,126.9999075,8.821472273
29790,37.50737038,126.95696,8.80917819
29850,37.52839275,126.9143609,8.807972439
29910,37.54922635,126.872246,8.802683621
29970,37.56993997,126.8306646,8.805181962
30030,37.59093502,126.7885392,8.787934509
30090,37.61203716,126.7457564,8.803400176
30150,37.63261604,126.7033361,8.821847424
30210,37.6168778,126.661609,8.840509334
30270,37.55863741,126.7071695,8.79998002
30330,37.51785573,126.8024737,8.794007689
30390,37.47613463,126.8990149,8.777703843
30450,37.43625057,126.9964011,8.781167665
30510,37.40534348,127.0954956,8.784279089
30570,37.4016877,127.1960882,8.799246792
30630,37.40284237,127.2956989,8.812364816
30690,37.40391306,127.3972349,8.793866182
30750,37.40394653,127.4993742,8.793244942
30810,37.40204824,127.6018983,8.771722918
30870,37.35891262,127.6586545,8.770325697
30930,37.34446233,127.615509,8.778168567
30990,37.34703488,127.5643483,8.785934676
31050,37.3482512,127.5122398,8.800447842
31110,37.34967568,127.4599688,8.804506641
31170,37.3518795,127.4078187,8.796688183
31230,37.35190873,127.3551307,8.79929697
31290,37.35248628,127.3028927,8.803607097
31350,37.3536807,127.2504802,8.797595144
31410,37.35363221,127.1977628,8.800923959
31470,37.35333315,127.1448666,8.810308504
31530,37.35257471,127.0915097,8.81455334
31590,37.35395032,127.0381643,8.797805239
31650,37.35381939,126.9834147,8.794976112
31710,37.3541477,126.9286575,8.809477175
31770,37.35442355,126.8739287,8.811263592
31830,37.35405062,126.8184439,8.803021911
31890,37.35300646,126.7628034,8.811936624
31950,37.35308303,126.7074023,8.808156944
32010,37.35347,126.6516592,8.810110618
32070,37.35268766,126.5961821,8.83135909
32130,37.35145799,126.5408926,8.845406845
32190,37.35024901,126.4852651,8.848450788
32250,37.33765465,126.4344948,8.840434928
32310,37.29268601,126.4699816,8.802897975
32370,37.29477763,126.5656137,8.825809374
32430,37.29446354,126.6650031,8.835150125
32490,37.29254932,126.767056,8.609104158
32550,37.28916262,126.8718144,8.288941782
32610,37.28696465,126.972665,7.851026545
32670,37.28677778,127.0720856,7.379138342
32730,37.28794958,127.1702689,6.831144295
32790,37.28933517,127.2693789,6.31669881
32850,37.29032849,127.3593387,5.778204688
32910,37.29650966,127.4389639,5.027480474
32970,37.32390594,127.4960368,4.353649284
33030,37.36435318,127.5091383,3.685051202
33090,37.40543343,127.5012859,2.967537567
33150,37.42090913,127.4644231,2.271936259
33210,37.3895678,127.4240854,2.068621547
33270,37.342916,127.4126744,1.968544617
33330,37.29316236,127.423488,1.921000801
33390,37.24104301,127.4373154,1.90927198
33450,37.18164636,127.4446455,1.589790856
33510,37.13518065,127.4045922,1.320687002
33570,37.11584892,127.3462271,1.291856125
33630,37.11285967,127.2873047,1.100620277
33690,37.10781306,127.229973,0.808924711
33750,37.10205989,127.1805409,0.724510379
33810,37.09858177,127.1356357,0.488934027
33870,37.09551016,127.0927299,0.271587894
33930,37.09269841,127.0547288,0.107952113
33990,37.09102751,127.0342103,0.039163931
