src/Components/missions/KORUS-AQ/Tracks/KORUSAQ-B200TRK_MODEL_20160506_RA.ICT
35,1001
GeoTASO Team
NASA GSFC
B-200 (N817NA) GeoTASO
KORUS-AQ 2016
1,1
2016,05,06,2016,05,12
1
UTC_mid,seconds, mid time UTC from midnight of the starting data collecting day 
3
1,1,1
-9999,-9999,-9999
Lat_60s, degN, 60 second average of latitude
Lon_60s, degE, 60 second average of longitude
AltGPS_60s, km, 60 second average of GPS altitude
1
Data from GeoTASO instrument
17
PI_CONTACT_INFO: Scott Janz
Platform: B-200 King Air
LOCATION: Included in data records
ASSOCIATED_DATA: N/A
INSTRUMENT_INFO:http://www.nserc.und.edu/PDFs/ExperimenterHandbook.pdf
DATA_INFO: data averaged into 60s intervals
UNCERTAINTY: Reference DC-8 Experimenter Handbook located at https://airbornescience.nasa.gov/sites/default/files/DC8_Experimenter_Handbook_Jan2011v2.pdf
ULOD_FLAG: -7777
ULOD_VALUE: N/A
LLOD_FLAG: -8888
LLOD_VALUE: N/A;
DM_CONTACT_INFO: Gao Chen 
PROJECT_INFO: N/A
STIPULATIONS_ON_USE: N/A
OTHER_COMMENTS: N/A
REVISION: RA
UTC_mid,Lat_60s,Lon_60s,AltGPS_60s
80370,37.08784202,127.0294126,0.036533637
80430,37.08784924,127.0294104,0.037399542
80490,37.08799293,127.02955,0.036635834
80550,37.0888092,127.0311221,0.037122592
80610,37.0891563,127.0352561,0.037456701
80670,37.08963037,127.0408758,0.037765526
80730,37.09082532,127.0448722,0.03773615
80790,37.09125159,127.0454499,0.037901846
80850,37.0912903,127.0453846,0.038099931
80910,37.09183526,127.0444894,0.038552176
80970,37.09171931,127.0428327,0.038441872
81030,37.08860017,127.0091088,0.235754926
81090,37.06698551,126.9720316,0.730297258
81150,37.04911762,127.00964,1.204121185
81210,37.07836846,127.052912,1.750577466
81270,37.1115948,127.0936495,2.119136479
81330,37.14915021,127.1400765,2.175958485
81390,37.18741857,127.1865438,2.165192048
81450,37.22722939,127.2358127,2.168704866
81510,37.26710857,127.2860813,2.162902988
81570,37.3107477,127.3247348,2.265358494
81630,37.35842146,127.3349014,2.693989609
81690,37.3883779,127.3071642,3.114247254
81750,37.40311537,127.2607742,3.57622505
81810,37.41671567,127.2170714,3.985085713
81870,37.4303216,127.1729025,4.329925377
81930,37.44517051,127.1301318,4.696335684
81990,37.47976239,127.1148561,5.079679209
82050,37.52869306,127.1209425,5.249730829
82110,37.55668141,127.1688453,5.519245386
82170,37.51229904,127.2037144,5.857930256
82230,37.45940421,127.2160216,6.121551287
82290,37.40621307,127.2339129,6.369848942
82350,37.35292443,127.2705887,6.594991982
82410,37.29782432,127.3153801,6.726016821
82470,37.26020527,127.3059882,6.94257893
82530,37.24672212,127.2674581,7.243343586
82590,37.22979604,127.2330428,7.414386746
82650,37.2093374,127.1990287,7.566320126
82710,37.18689511,127.1653952,7.719646131
82770,37.16390622,127.1317323,7.857287869
82830,37.14075779,127.0986351,8.016850395
82890,37.11039273,127.0719731,8.147536168
82950,37.05801357,127.0867782,8.273108708
83010,37.00547168,127.1446854,8.399244206
83070,36.95399459,127.2065013,8.516983597
83130,36.90342697,127.2693463,8.621895613
83190,36.85236765,127.331355,8.7157728
83250,36.80162892,127.3946886,8.817821455
83310,36.74951842,127.4575656,8.861843516
83370,36.6965787,127.5240843,8.867525983
83430,36.64221869,127.5910363,8.870025981
83490,36.58689629,127.6587203,8.874604642
83550,36.53106924,127.7266561,8.877047664
83610,36.47554874,127.7948038,8.873296826
83670,36.41926725,127.8610669,8.868034984
83730,36.36352059,127.9282909,8.880491395
83790,36.3071873,127.9961644,8.890143776
83850,36.25060076,128.0638855,8.877423994
83910,36.19445255,128.1308301,8.882872687
83970,36.13862818,128.1986467,8.882079426
84030,36.0823305,128.2660123,8.891009414
84090,36.02481696,128.3337806,8.879600309
84150,35.96766608,128.4017151,8.895493376
84210,35.91017965,128.4694189,8.884129131
84270,35.8525371,128.5366425,8.879623609
84330,35.79497809,128.5980431,8.892017189
84390,35.73227136,128.6373876,8.904353168
84450,35.66852722,128.6748226,8.903266349
84510,35.60540871,128.7124036,8.915599732
84570,35.54219026,128.749756,8.910483531
84630,35.47858673,128.787662,8.912732451
84690,35.41396037,128.8254497,8.91469917
84750,35.34897092,128.8648246,8.913773141
84810,35.28340135,128.9032202,8.906956241
84870,35.21914357,128.9419816,8.913301048
84930,35.15823379,128.98662,8.918516434
84990,35.13281525,129.0729661,8.928684493
85050,35.13989641,129.1720111,8.925667919
85110,35.14914397,129.2725395,8.919716582
85170,35.15952042,129.3736211,8.9155642
85230,35.16947433,129.4745421,8.916129605
85290,35.17889959,129.5755887,8.916375187
85350,35.18899537,129.6763644,8.91491044
85410,35.19838626,129.7773384,8.916576401
85470,35.21387852,129.8751845,8.915847492
85530,35.25972336,129.9502505,8.919218793
85590,35.31078937,130.019966,8.917848025
85650,35.36140723,130.0893726,8.910954257
85710,35.41194663,130.1586378,8.906515693
85770,35.46293956,130.2283382,8.907130396
85830,35.51500607,130.2986659,8.899996701
85890,35.567323,130.3704648,8.905303443
85950,35.62010939,130.4434438,8.90274986
86010,35.67264776,130.5163219,8.902847586
86070,35.72667449,130.5830114,8.901437027
86130,35.77357143,130.5776676,8.900888746
86190,35.80564106,130.5362854,8.894063486
86250,35.83649439,130.4933326,8.891115709
86310,35.85707698,130.4456375,8.892319806
86370,35.86471623,130.3939121,8.88478544
86430,35.87170875,130.3435761,8.882385352
86490,35.87777538,130.2938521,8.892628718
86550,35.88426545,130.2434335,8.899523653
86610,35.89095324,130.1927439,8.894780067
86670,35.8975057,130.1419438,8.881539121
86730,35.90377084,130.0920312,8.868863476
86790,35.90972422,130.0435743,8.866495568
86850,35.91492791,129.996649,8.872619375
86910,35.9200826,129.9505731,8.88331785
86970,35.92559365,129.9039173,8.894516249
87030,35.93117536,129.8567099,8.877731752
87090,35.93740431,129.8093997,8.868770455
87150,35.94309803,129.7623526,8.872381733
87210,35.94871751,129.715034,8.863675004
87270,35.9543094,129.6684709,8.867887242
87330,35.96015749,129.6229139,8.871659507
87390,35.96528768,129.5777312,8.871919575
87450,35.97051887,129.5322263,8.866002172
87510,35.97628193,129.4865403,8.87708209
87570,35.99383779,129.4448043,8.89472028
87630,36.01702697,129.4034518,8.901051676
87690,36.04212535,129.360577,8.863512728
87750,36.0668598,129.3182586,8.856106448
87810,36.09109728,129.2775635,8.859487838
87870,36.11464571,129.236476,8.877308595
87930,36.13910104,129.1939867,8.901337886
87990,36.16375285,129.150767,8.888717448
88050,36.18851382,129.1073646,8.871094204
88110,36.21355808,129.0640648,8.881356036
88170,36.23908586,129.0203251,8.879726846
88230,36.26455233,128.9761996,8.878756849
88290,36.29009061,128.9310233,8.869904771
88350,36.31547955,128.8855344,8.870232102
88410,36.34087006,128.841001,8.867722027
88470,36.36541036,128.7967162,8.865181963
88530,36.39042601,128.7528733,8.864758458
88590,36.41553766,128.7091297,8.863864688
88650,36.44068469,128.6658443,8.865576784
88710,36.46583797,128.6230474,8.866402896
88770,36.49011874,128.5800951,8.866923348
88830,36.51422233,128.5369036,8.866007478
88890,36.53844933,128.493507,8.866176242
88950,36.56252004,128.4500512,8.865645175
89010,36.58696331,128.4067113,8.865086989
89070,36.61105878,128.3632198,8.863603202
89130,36.63549294,128.3199008,8.859696123
89190,36.65964831,128.277153,8.859100405
89250,36.68384237,128.2347013,8.855523099
89310,36.70812877,128.191908,8.854099252
89370,36.73258307,128.1492148,8.852859363
89430,36.75683629,128.1066396,8.855769629
89490,36.78138859,128.0636736,8.856296603
89550,36.80565604,128.0207303,8.856578234
89610,36.82959844,127.9783436,8.854445825
89670,36.85299439,127.9363377,8.84917137
89730,36.87614161,127.8951146,8.846023119
89790,36.89925193,127.8537831,8.843370229
89850,36.92313396,127.8116109,8.84818994
89910,36.94721653,127.769351,8.846533722
89970,36.97096039,127.7273594,8.840565931
90030,36.99441396,127.6857641,8.837752427
90090,37.01763132,127.644128,8.832898638
90150,37.04116753,127.6025282,8.832512378
90210,37.06493512,127.5612148,8.847008652
90270,37.08830082,127.519872,8.843742308
90330,37.11114826,127.4780083,8.836477342
90390,37.13349123,127.4362338,8.839649328
90450,37.15666577,127.3951513,8.836684207
90510,37.17975874,127.353949,8.820451244
90570,37.20256876,127.3128025,8.816448795
90630,37.23051819,127.2785788,8.854157284
90690,37.27815126,127.31347,8.851798155
90750,37.2622326,127.4120615,8.848337248
90810,37.24424033,127.5225962,8.839417559
90870,37.23761387,127.6386379,8.823507525
90930,37.24612121,127.7494231,8.832598026
90990,37.29971099,127.8214812,8.822721315
91050,37.35948314,127.8853407,8.81727282
91110,37.41832768,127.9507738,8.809395886
91170,37.4626426,128.0407158,8.806894512
91230,37.50058459,128.1402495,8.809591152
91290,37.53890371,128.2386441,8.797677239
91350,37.57804747,128.3355203,8.804826479
91410,37.61653276,128.4338316,8.81062811
91470,37.65409498,128.5320309,8.814457451
91530,37.6836952,128.6356489,8.80822104
91590,37.69886506,128.7500978,8.793807665
91650,37.7024329,128.867041,8.788632202
91710,37.70190758,128.9840506,8.811162471
91770,37.6928632,129.0993944,8.797099149
91830,37.65277428,129.1250192,8.786203914
91890,37.64269391,129.0840781,8.782304485
91950,37.63336155,129.0415463,8.797892123
92010,37.62563163,128.9967091,8.820159038
92070,37.61782998,128.950386,8.810216215
92130,37.61013693,128.9048174,8.77904826
92190,37.60325124,128.8623825,8.778350048
92250,37.59581092,128.8225128,8.782587917
92310,37.58792449,128.7818669,8.793658078
92370,37.58006898,128.7385607,8.815858417
92430,37.57163381,128.6929814,8.828887023
92490,37.56288833,128.6458403,8.815665477
92550,37.55429385,128.5990244,8.798807327
92610,37.54546012,128.5536849,8.798668621
92670,37.53742423,128.5097454,8.805454142
92730,37.52930214,128.4668477,8.811335517
92790,37.52124175,128.4237581,8.809919737
92850,37.51336466,128.3801245,8.816539144
92910,37.50586961,128.3351644,8.815661261
92970,37.49830666,128.2896107,8.810580471
93030,37.48946671,128.2445216,8.809858769
93090,37.48108166,128.1997155,8.811405192
93150,37.47291383,128.1547249,8.811522377
93210,37.46451454,128.1090196,8.813759205
93270,37.45564351,128.0624227,8.817386363
93330,37.44648564,128.0155166,8.820271886
93390,37.43789889,127.9688064,8.820688543
93450,37.42986559,127.9223524,8.819506071
93510,37.42050017,127.876559,8.815903579
93570,37.41202245,127.8313027,8.81474807
93630,37.40332258,127.7866494,8.815873903
93690,37.39496229,127.742476,8.816198835
93750,37.38699777,127.6984284,8.817500504
93810,37.37842927,127.6540562,8.816737824
93870,37.36986855,127.6092536,8.820034632
93930,37.36105876,127.5641741,8.822794287
93990,37.35103756,127.5188309,8.818567126
94050,37.34223759,127.4731763,8.82418225
94110,37.33329689,127.4273212,8.824484381
94170,37.3242077,127.3808507,8.827556124
94230,37.31496478,127.3342714,8.830613598
94290,37.3017676,127.2922855,8.788298309
94350,37.24702208,127.3042329,8.044893466
94410,37.17236626,127.3498379,7.475572204
94470,37.09979054,127.3905032,6.9185885
94530,37.0612986,127.4683767,6.473498979
94590,37.09274707,127.559194,5.957247959
94650,37.13681352,127.6158039,5.588288978
94710,37.1796759,127.6294135,5.156137402
94770,37.21837262,127.6333467,4.597546894
94830,37.25571512,127.6236147,3.832162006
94890,37.27964738,127.5893071,3.021497345
94950,37.27780124,127.54155,2.370600749
95010,37.2653213,127.4971098,1.93049122
95070,37.23833048,127.4563603,1.546937577
95130,37.19915259,127.415526,1.302216005
95190,37.16210973,127.3742727,1.201077925
95250,37.12712254,127.3286624,1.020458566
95310,37.111613,127.2777846,0.975125328
95370,37.10684679,127.2266171,0.910815272
95430,37.1026127,127.1819089,0.712300962
95490,37.09933921,127.1393185,0.530379743
95550,37.09602737,127.0963438,0.310192976
95610,37.09273667,127.0554141,0.102248365
95670,37.0904702,127.031387,0.034283335
95730,37.08853479,127.0297347,0.033678084
95790,37.08780439,127.0293422,0.033955563
