src/Components/missions/KORUS-AQ/Tracks/KORUSAQ-DC8TRK_MODEL_20160529_RA.ICT
35,1001
Project Office
NSERC - National Suborbital Education and Research Center
DC-8 (N817NA) Data Acquisition and Distribution
KORUS-AQ 2016
1,1
2016,05,29,2016,06,02
1
UTC_mid,seconds, mid time UTC from midnight of the starting data collecting day 
3
1,1,1
-9999,-9999,-9999
Lat, degN, 60 second average of IWG1 latitude
Lon, degE, 60 second average of IWG1 longitude
AltP, km, 60 second average of IWG1 pressure altitude
1
Data from IWG1 file posted on: http://asp-archive.arc.nasa.gov
17
PI_CONTACT_INFO: Melissa Yang melissa.yang@nasa.gov
Platform: DC-8 N817NA
LOCATION: Included in data records
ASSOCIATED_DATA: N/A
INSTRUMENT_INFO:http://www.nserc.und.edu/PDFs/ExperimenterHandbook.pdf
DATA_INFO: data averaged into 60s intervals
UNCERTAINTY: Reference DC-8 Experimenter Handbook located at https://airbornescience.nasa.gov/sites/default/files/DC8_Experimenter_Handbook_Jan2011v2.pdf
ULOD_FLAG: -7777
ULOD_VALUE: N/A
LLOD_FLAG: -8888
LLOD_VALUE: N/A;
DM_CONTACT_INFO: Gao Chen 
PROJECT_INFO: N/A
STIPULATIONS_ON_USE: N/A
OTHER_COMMENTS: N/A
REVISION: RA
UTC_mid,Lat,Lon,AltP_60s
82590,37.09377,127.044,0.059853
82650,37.09207,127.0234,0.087742
82710,37.08537,126.9695,0.400782
82770,37.04906,126.9455,0.831378
82830,37.02901,126.9977,1.152754
82890,37.06915,127.0581,1.506779
82950,37.1201,127.1178,2.007001
83010,37.17005,127.178,2.175733
83070,37.22395,127.2462,2.163973
83130,37.27729,127.3068,2.151085
83190,37.34144,127.3281,2.166884
83250,37.41214,127.3388,2.026387
83310,37.48448,127.3504,1.683009
83370,37.5515,127.3631,1.568607
83430,37.60985,127.3379,1.540906
83490,37.6441,127.2818,1.407074
83550,37.6574,127.2157,1.244183
83610,37.6334,127.157,0.960252
83670,37.58107,127.1359,0.808436
83730,37.52638,127.1274,0.467385
83790,37.47591,127.1183,0.185323
83850,37.42733,127.1118,0.342158
83910,37.37717,127.1138,0.817621
83970,37.32679,127.1328,1.155603
84030,37.31081,127.2098,1.247572
84090,37.31037,127.3015,1.254582
84150,37.29807,127.391,1.252443
84210,37.28292,127.4779,1.250325
84270,37.28274,127.5722,1.252865
84330,37.30701,127.652,1.251087
84390,37.37219,127.6601,1.248862
84450,37.39929,127.5944,1.25065
84510,37.39909,127.5047,1.254907
84570,37.37814,127.426,1.249431
84630,37.34,127.3594,1.248567
84690,37.29732,127.2918,1.252667
84750,37.24701,127.2271,1.252951
84810,37.19672,127.1627,1.252032
84870,37.14688,127.0984,1.250899
84930,37.09955,127.0329,1.252108
84990,37.0756,126.952,1.250168
85050,37.05744,126.8663,1.251844
85110,37.03998,126.7844,1.25031
85170,37.02441,126.7057,1.250554
85230,37.0095,126.623,1.252713
85290,37.00854,126.5343,1.252418
85350,37.01043,126.4459,1.12587
85410,37.01349,126.3564,0.763133
85470,36.98039,126.3121,0.571114
85530,36.98212,126.3687,0.425704
85590,37.02855,126.353,0.413512
85650,36.99729,126.3099,0.413385
85710,36.97649,126.3682,0.407807
85770,37.02286,126.4036,0.40796
85830,37.04664,126.3468,0.39627
85890,36.9933,126.3226,0.398308
85950,36.98278,126.3788,0.392791
86010,37.02627,126.4196,0.435615
86070,37.01961,126.4916,0.791855
86130,37.01202,126.5682,1.151067
86190,37.01287,126.6549,1.26078
86250,37.03279,126.7447,1.253683
86310,37.04975,126.8242,1.249919
86370,37.0649,126.8989,1.258524
86430,37.08361,126.9815,1.232804
86490,37.11375,127.0622,1.246734
86550,37.16051,127.1277,1.382065
86610,37.20291,127.1876,1.538503
86670,37.21984,127.2629,1.731493
86730,37.23862,127.3489,1.880362
86790,37.27881,127.421,2.115708
86850,37.34681,127.4401,2.170338
86910,37.41529,127.4185,2.169363
86970,37.47911,127.3974,2.170562
87030,37.54464,127.3789,2.170704
87090,37.59653,127.3321,2.171426
87150,37.63584,127.2739,2.000428
87210,37.67377,127.2332,1.608267
87270,37.64529,127.1777,1.232952
87330,37.59993,127.1401,0.915716
87390,37.55017,127.1316,0.608924
87450,37.50279,127.1231,0.338872
87510,37.45416,127.1144,0.156113
87570,37.40529,127.1098,0.636021
87630,37.37476,127.1487,1.106617
87690,37.37189,127.2233,1.250538
87750,37.37391,127.3117,1.356543
87810,37.41955,127.3303,1.519433
87870,37.47004,127.2769,1.766565
87930,37.52945,127.2691,2.202083
87990,37.56981,127.3387,2.781391
88050,37.61679,127.4062,3.149285
88110,37.63074,127.5034,3.655878
88170,37.5748,127.5636,4.134195
88230,37.49793,127.5755,4.525655
88290,37.43983,127.521,4.785207
88350,37.42796,127.4213,5.032258
88410,37.4269,127.31,5.286563
88470,37.42509,127.1916,5.55309
88530,37.42299,127.0702,5.895416
88590,37.42086,126.9507,6.299637
88650,37.4186,126.835,6.717152
88710,37.41623,126.7235,7.128205
88770,37.41399,126.6139,7.314001
88830,37.4113,126.4971,7.307793
88890,37.41083,126.3732,7.311796
88950,37.40973,126.2443,7.311573
89010,37.40857,126.1123,7.312355
89070,37.40728,125.9781,7.311791
89130,37.4057,125.8423,7.312243
89190,37.40415,125.705,7.310486
89250,37.40211,125.5667,7.310602
89310,37.40014,125.4277,7.310638
89370,37.39804,125.2894,7.310963
89430,37.39571,125.1529,7.310633
89490,37.39322,125.018,7.309403
89550,37.38979,124.8846,7.308271
89610,37.35358,124.7606,7.30979
89670,37.29492,124.6452,7.310242
89730,37.23748,124.53,7.309312
89790,37.18688,124.4128,7.310933
89850,37.14474,124.299,7.303765
89910,37.03328,124.2718,7.309652
89970,36.91007,124.2696,7.309881
90030,36.78611,124.2727,7.310536
90090,36.66317,124.2763,7.308951
90150,36.5418,124.2806,7.308062
90210,36.42178,124.2844,7.307615
90270,36.30274,124.288,7.307316
90330,36.1845,124.292,7.30854
90390,36.06725,124.2959,7.308144
90450,35.95068,124.2995,7.307046
90510,35.83467,124.3032,7.307402
90570,35.71915,124.307,7.308083
90630,35.60411,124.3106,7.306635
90690,35.48942,124.3142,7.308088
90750,35.37483,124.3181,7.30791
90810,35.26063,124.3217,7.30694
90870,35.14804,124.3254,7.306508
90930,35.03755,124.3289,7.306731
90990,34.93851,124.3622,7.175444
91050,34.90827,124.4695,6.831213
91110,34.96614,124.5349,6.477173
91170,35.02593,124.5005,6.09504
91230,35.02514,124.4241,5.687537
91290,34.98707,124.3559,5.270109
91350,34.9202,124.3399,4.854915
91410,34.87376,124.4104,4.45329
91470,34.90295,124.4905,4.055323
91530,34.97285,124.5071,3.641913
91590,35.04026,124.4796,3.224967
91650,35.06493,124.4078,2.80513
91710,35.01644,124.3457,2.40284
91770,34.94305,124.3437,2.007723
91830,34.90166,124.4124,1.673382
91890,34.92743,124.4869,1.351722
91950,34.99105,124.5029,1.0325
92010,35.05021,124.4671,0.710987
92070,35.06909,124.3969,0.394396
92130,35.02286,124.3465,0.17336
92190,34.95984,124.3441,0.319369
92250,34.92457,124.4059,0.355615
92310,34.95656,124.4525,0.356951
92370,35.0062,124.421,0.357266
92430,35.05362,124.3631,0.360365
92490,35.11329,124.3319,0.356367
92550,35.17707,124.3275,0.355763
92610,35.23827,124.3254,0.356982
92670,35.29907,124.3242,0.357175
92730,35.3601,124.3231,0.357739
92790,35.42133,124.3224,0.357906
92850,35.48395,124.3212,0.357551
92910,35.55262,124.3195,0.358399
92970,35.62642,124.3186,0.358551
93030,35.70329,124.3175,0.358374
93090,35.78131,124.3155,0.36827
93150,35.85335,124.3144,0.59089
93210,35.9172,124.3139,0.705749
93270,35.98571,124.3111,0.698652
93330,36.05957,124.3101,0.696387
93390,36.13573,124.3089,0.696951
93450,36.21242,124.3077,0.697296
93510,36.28891,124.3061,0.697326
93570,36.36526,124.3049,0.696935
93630,36.44163,124.3032,0.696641
93690,36.51817,124.3017,0.697753
93750,36.5949,124.3008,0.696636
93810,36.67169,124.2988,0.697459
93870,36.7486,124.2972,0.697245
93930,36.82553,124.296,0.696742
93990,36.90245,124.2948,0.697098
94050,36.97947,124.293,0.697235
94110,37.0565,124.2914,0.697332
94170,37.13328,124.292,0.699851
94230,37.17979,124.3486,0.6969
94290,37.19252,124.4408,0.750743
94350,37.23412,124.5238,1.038804
94410,37.2764,124.6064,1.230569
94470,37.31855,124.6911,1.233642
94530,37.36029,124.7766,1.23351
94590,37.39043,124.8658,1.197925
94650,37.39231,124.9608,0.877743
94710,37.39392,125.0551,0.482204
94770,37.39549,125.1476,0.212308
94830,37.39619,125.2327,0.204282
94890,37.39825,125.3166,0.20386
94950,37.39956,125.4018,0.204536
95010,37.4012,125.4899,0.205369
95070,37.4026,125.5806,0.220233
95130,37.40353,125.6697,0.447568
95190,37.40438,125.7555,0.751769
95250,37.40646,125.8439,1.055451
95310,37.40725,125.939,1.242817
95370,37.40826,126.0383,1.257955
95430,37.40885,126.1299,1.254364
95490,37.40811,126.2085,1.250828
95550,37.40822,126.2814,1.256401
95610,37.41077,126.3626,1.257899
95670,37.41165,126.4485,1.25858
95730,37.40822,126.5321,1.255954
95790,37.39535,126.611,1.255989
95850,37.38223,126.6874,1.25601
95910,37.36993,126.765,1.258174
95970,37.35689,126.8451,1.256812
96030,37.3436,126.9274,1.25732
96090,37.32946,127.0118,1.257254
96150,37.31538,127.0994,1.261339
96210,37.31182,127.1895,1.497106
96270,37.31319,127.2853,1.551909
96330,37.32826,127.3807,1.548196
96390,37.38408,127.4336,1.544157
96450,37.4472,127.4451,1.55101
96510,37.51592,127.4517,1.553108
96570,37.58333,127.4583,1.551005
96630,37.64266,127.4456,1.546977
96690,37.67808,127.3897,1.548978
96750,37.6993,127.3149,1.552224
96810,37.69836,127.2334,1.541932
96870,37.67413,127.1682,1.353779
96930,37.62938,127.1446,1.091601
96990,37.57889,127.1367,0.789193
97050,37.53168,127.1283,0.499694
97110,37.48488,127.12,0.234081
97170,37.44004,127.1118,0.271465
97230,37.39784,127.123,0.889142
97290,37.36634,127.1868,1.115639
97350,37.3334,127.2616,1.219225
97410,37.30265,127.3327,1.192825
97470,37.2905,127.4128,0.737636
97530,37.28228,127.5015,0.48165
97590,37.28118,127.5837,0.830168
97650,37.29693,127.6564,1.230838
97710,37.35761,127.6698,1.617609
97770,37.40097,127.6236,2.00467
97830,37.40216,127.5371,2.396658
97890,37.37002,127.4701,2.780914
97950,37.30136,127.4793,3.148853
98010,37.28113,127.5604,3.511672
98070,37.29551,127.6462,3.887185
98130,37.35744,127.6683,4.280398
98190,37.39926,127.6218,4.668119
98250,37.40143,127.5393,5.052436
98310,37.37278,127.47,5.436936
98370,37.29843,127.4848,5.826008
98430,37.27847,127.5862,6.20332
98490,37.32662,127.6591,6.578534
98550,37.38934,127.6446,6.917756
98610,37.39853,127.5621,7.008764
98670,37.36911,127.464,7.007636
98730,37.32894,127.3556,7.010776
98790,37.26959,127.2564,7.009866
98850,37.15982,127.2265,7.010156
98910,37.04024,127.2236,7.008038
98970,36.92289,127.2497,7.005696
99030,36.83917,127.3687,7.005655
99090,36.80422,127.5271,7.011675
99150,36.71871,127.6398,7.00436
99210,36.61394,127.7331,7.003826
99270,36.52138,127.8491,7.006112
99330,36.42767,127.9631,7.006239
99390,36.33354,128.0762,7.005543
99450,36.23938,128.1891,7.005472
99510,36.1452,128.3016,7.007291
99570,36.04136,128.3876,7.007118
99630,35.92077,128.4099,7.003775
99690,35.79925,128.4285,7.005035
99750,35.67819,128.4413,7.006077
99810,35.5575,128.4543,7.00535
99870,35.43706,128.4718,7.005045
99930,35.3169,128.4946,7.005574
99990,35.19728,128.5168,7.005254
100050,35.08421,128.5672,7.003953
100110,34.99232,128.6694,7.000722
100170,34.97256,128.8159,7.009023
100230,34.9857,128.9695,7.0082
100290,34.99836,129.1228,7.006961
100350,35.01049,129.2676,7.005056
100410,35.02091,129.3966,6.998721
100470,35.06528,129.4826,6.994591
100530,35.12699,129.4679,6.977375
100590,35.12907,129.3861,6.699844
100650,35.06635,129.3207,6.333469
100710,34.98396,129.2929,5.903326
100770,34.90211,129.3341,5.47179
100830,34.87214,129.4364,5.064745
100890,34.92715,129.4982,4.697334
100950,35.00094,129.4843,4.353037
101010,35.06941,129.4598,4.050258
101070,35.10859,129.4063,3.785336
101130,35.08697,129.3347,3.534186
101190,35.04525,129.2827,3.255259
101250,34.99201,129.3136,2.857104
101310,35.00253,129.3857,2.458512
101370,35.05841,129.4016,2.171268
101430,35.08671,129.3454,1.875241
101490,35.04819,129.3018,1.592153
101550,35.00495,129.345,1.216462
101610,35.01409,129.4205,0.78868
101670,35.06501,129.4595,0.537779
101730,35.10712,129.4177,0.309931
101790,35.084,129.3508,0.2121
101850,35.03234,129.2917,0.21714
101910,34.98485,129.2308,0.216088
101970,34.95885,129.1561,0.212999
102030,34.93357,129.0726,0.216306
102090,34.9074,128.9855,0.216327
102150,34.8821,128.8995,0.215067
102210,34.85649,128.8152,0.238765
102270,34.8352,128.7371,0.61246
102330,34.81521,128.663,0.71217
102390,34.79034,128.5838,0.541711
102450,34.76629,128.5104,0.41246
102510,34.73655,128.4476,0.374736
102570,34.69694,128.3876,0.371805
102630,34.64573,128.3283,0.372857
102690,34.59705,128.2635,0.287726
102750,34.54813,128.1968,0.22668
102810,34.50221,128.1328,0.224724
102870,34.45799,128.0717,0.224881
102930,34.41419,128.0113,0.225633
102990,34.3686,127.9491,0.226832
103050,34.32171,127.8852,0.226461
103110,34.27442,127.8201,0.226639
103170,34.22644,127.7542,0.226776
103230,34.17771,127.6881,0.227477
103290,34.12897,127.6216,0.226979
103350,34.07984,127.5551,0.226949
103410,34.03065,127.4883,0.226609
103470,33.98116,127.4215,0.226985
103530,33.93173,127.3544,0.226898
103590,33.8941,127.2826,0.289326
103650,33.89621,127.2023,0.435508
103710,33.87329,127.1412,0.561147
103770,33.8478,127.1697,0.685455
103830,33.86972,127.2294,0.827507
103890,33.8994,127.2975,0.941847
103950,33.93852,127.3686,0.89661
104010,33.98633,127.4294,0.74421
104070,34.0323,127.4907,0.578388
104130,34.07877,127.5532,0.411968
104190,34.12513,127.6165,0.35273
104250,34.17121,127.679,0.44389
104310,34.21632,127.7403,0.474274
104370,34.26293,127.8038,0.474111
104430,34.31037,127.8692,0.474487
104490,34.35882,127.9353,0.474157
104550,34.40714,128.002,0.474137
104610,34.45531,128.068,0.47403
104670,34.5029,128.1339,0.472882
104730,34.55044,128.1995,0.473812
104790,34.59764,128.265,0.474345
104850,34.64525,128.3304,0.473136
104910,34.69253,128.3963,0.473253
104970,34.73969,128.4622,0.47372
105030,34.77775,128.5348,0.477093
105090,34.8014,128.6148,0.570067
105150,34.82334,128.6917,0.599399
105210,34.84744,128.7726,0.516367
105270,34.87111,128.855,0.520375
105330,34.89476,128.9376,0.521584
105390,34.91856,129.0202,0.521929
105450,34.94216,129.1029,0.522275
105510,34.96555,129.1852,0.522234
105570,34.98869,129.267,0.522127
105630,35.01178,129.3479,0.522006
105690,35.03907,129.4258,0.521787
105750,35.06735,129.5028,0.520979
105810,35.09621,129.5793,0.521137
105870,35.12467,129.6562,0.521376
105930,35.1641,129.7207,0.520771
105990,35.22794,129.749,0.463128
106050,35.29537,129.7766,0.307914
106110,35.30582,129.8277,0.29876
106170,35.25461,129.8029,0.249951
106230,35.19822,129.7461,0.230083
106290,35.14318,129.6848,0.218851
106350,35.10651,129.6039,0.220167
106410,35.07383,129.5209,0.221077
106470,35.04345,129.4389,0.220091
106530,35.01761,129.3575,0.220365
106590,35.00846,129.2722,0.218978
106650,35.00195,129.1872,0.219156
106710,34.99547,129.1025,0.219222
106770,34.98858,129.0156,0.220015
106830,34.98164,128.9257,0.221005
106890,34.97412,128.8334,0.222931
106950,34.96732,128.7439,0.462112
107010,34.97967,128.6658,0.561304
107070,35.03414,128.6118,0.439948
107130,35.09239,128.5614,0.515193
107190,35.15723,128.5245,0.774532
107250,35.23328,128.5104,0.705033
107310,35.3075,128.4958,0.52575
107370,35.37967,128.4833,0.420294
107430,35.45387,128.4692,0.429783
107490,35.52891,128.4569,0.443316
107550,35.60505,128.4495,0.441467
107610,35.68135,128.4409,0.477779
107670,35.75543,128.4331,0.539811
107730,35.83199,128.4242,0.431394
107790,35.90598,128.4133,0.426055
107850,35.97685,128.401,0.424536
107910,36.04677,128.3899,0.425221
107970,36.10639,128.3515,0.424155
108030,36.15493,128.2935,0.488137
108090,36.20419,128.2358,0.542087
108150,36.25508,128.1738,0.645963
108210,36.3072,128.1106,0.682274
108270,36.35553,128.0529,0.686928
108330,36.40281,127.9954,0.638785
108390,36.44832,127.9409,0.787542
108450,36.49582,127.8809,0.854939
108510,36.5489,127.8134,0.904565
108570,36.60554,127.7458,0.745947
108630,36.6565,127.6847,0.704454
108690,36.71214,127.6393,0.682782
108750,36.77441,127.598,0.565043
108810,36.81153,127.5321,0.620837
108870,36.81781,127.4469,0.571028
108930,36.82442,127.3658,0.665312
108990,36.87283,127.3044,0.709249
109050,36.92662,127.2391,0.54674
109110,36.97764,127.1781,0.401823
109170,37.02833,127.117,0.400522
109230,37.0732,127.059,0.400893
109290,37.11987,127.0328,0.455087
109350,37.13795,127.1008,0.583204
109410,37.16914,127.1622,1.039012
109470,37.21596,127.2197,1.239337
109530,37.27817,127.2783,1.48272
109590,37.35096,127.3157,1.575018
109650,37.42286,127.3211,1.798442
109710,37.49076,127.3285,1.881236
109770,37.55662,127.3265,1.87802
109830,37.61766,127.32,1.75515
109890,37.6583,127.2795,1.450721
109950,37.67215,127.2161,1.295989
110010,37.64767,127.1561,1.023285
110070,37.59741,127.1388,0.877824
110130,37.5491,127.1316,0.613872
110190,37.50491,127.1235,0.362621
110250,37.46294,127.1159,0.164277
110310,37.4196,127.1176,0.568147
110370,37.38399,127.1662,0.913526
110430,37.35053,127.2331,0.890798
110490,37.31501,127.3012,0.645165
110550,37.29266,127.3753,0.519882
110610,37.28406,127.4498,0.458252
110670,37.28039,127.5295,0.733679
110730,37.28234,127.6124,1.17187
110790,37.31861,127.6669,1.589618
110850,37.38163,127.6595,2.013697
110910,37.40221,127.5885,2.437099
110970,37.39812,127.5049,2.853334
111030,37.34652,127.4624,3.259567
111090,37.28541,127.5026,3.68044
111150,37.28174,127.6025,4.100576
111210,37.33115,127.6643,4.526361
111270,37.39238,127.6399,4.94759
111330,37.40271,127.5541,5.361533
111390,37.37722,127.4757,5.78453
111450,37.30003,127.4872,6.226043
111510,37.27929,127.5916,6.586271
111570,37.33463,127.6592,6.818945
111630,37.39511,127.6312,6.98373
111690,37.40132,127.5376,7.003186
111750,37.37024,127.4404,7.002257
111810,37.32825,127.3459,7.001439
111870,37.26895,127.2785,6.905061
111930,37.18237,127.3302,6.451879
111990,37.15106,127.447,5.983808
112050,37.18734,127.5561,5.580624
112110,37.24952,127.6082,5.419095
112170,37.31035,127.6131,4.892832
112230,37.37143,127.6174,4.101572
112290,37.42793,127.6135,3.514943
112350,37.43731,127.5598,2.896885
112410,37.41047,127.5039,2.371562
112470,37.3617,127.4654,1.88848
112530,37.31129,127.4335,1.601546
112590,37.2626,127.404,1.586489
112650,37.21485,127.3767,1.288049
112710,37.17502,127.3432,0.998245
112770,37.14479,127.2977,1.012408
112830,37.11578,127.2519,1.010625
112890,37.10413,127.1948,0.802188
112950,37.10019,127.1427,0.553695
113010,37.09769,127.0935,0.329138
113070,37.09404,127.0473,0.109576
113130,37.09177,127.02,0.073828
