src/Components/missions/KORUS-AQ/Tracks/KORUSAQ-DC8TRK_MODEL_20160524_RA.ICT
35,1001
Project Office
NSERC - National Suborbital Education and Research Center
DC-8 (N817NA) Data Acquisition and Distribution
KORUS-AQ 2016
1,1
2016,05,24,2016,05,29
1
UTC_mid,seconds, mid time UTC from midnight of the starting data collecting day 
3
1,1,1
-9999,-9999,-9999
Lat_60s, degN, 60 second average of IWG1 latitude
Lon_60s, degE, 60 second average of IWG1 longitude
AltP_60s, km, 60 second average of IWG1 pressure altitude
1
Data from IWG1 file posted on: http://asp-archive.arc.nasa.gov
17
PI_CONTACT_INFO: Melissa Yang melissa.yang@nasa.gov
Platform: DC-8 N817NA
LOCATION: Included in data records
ASSOCIATED_DATA: N/A
INSTRUMENT_INFO:http://www.nserc.und.edu/PDFs/ExperimenterHandbook.pdf
DATA_INFO: data averaged into 60s intervals
UNCERTAINTY: Reference DC-8 Experimenter Handbook located at https://airbornescience.nasa.gov/sites/default/files/DC8_Experimenter_Handbook_Jan2011v2.pdf
ULOD_FLAG: -7777
ULOD_VALUE: N/A
LLOD_FLAG: -8888
LLOD_VALUE: N/A;
DM_CONTACT_INFO: Gao Chen 
PROJECT_INFO: N/A
STIPULATIONS_ON_USE: N/A
OTHER_COMMENTS: N/A
REVISION: RA
UTC_mid,Lat_60s,Lon_60s,AltP_60s
82769.5,82770,37.09206,127.0231,0.101651
82829.5,82830,37.08286,126.9679,0.456601
82889.5,82890,37.04201,126.9729,0.973338
82949.5,82950,37.03279,127.0415,1.622019
83009.5,83010,37.06796,127.094,2.06976
83069.5,83070,37.11397,127.1384,2.168698
83129.5,83130,37.16134,127.1842,2.169348
83189.5,83190,37.20799,127.2307,2.166991
83249.5,83250,37.24778,127.2795,2.168169
83309.5,83310,37.28781,127.3314,2.169114
83369.5,83370,37.34112,127.3451,2.169023
83429.5,83430,37.39899,127.3342,2.132594
83489.5,83490,37.45813,127.3243,1.915008
83549.5,83550,37.5139,127.3157,1.756562
83609.5,83610,37.56917,127.3092,1.375847
83669.5,83670,37.62413,127.2998,1.2741
83729.5,83730,37.65419,127.2464,1.274404
83789.5,83790,37.65294,127.1771,1.057173
83849.5,83850,37.60774,127.1431,0.873562
83909.5,83910,37.55893,127.1334,0.653522
83969.5,83970,37.51125,127.125,0.377236
84029.5,84030,37.46476,127.1164,0.135341
84089.5,84090,37.41525,127.1183,0.336326
84149.5,84150,37.37698,127.1805,0.678612
84209.5,84210,37.34171,127.2562,0.710621
84269.5,84270,37.30037,127.3235,0.54672
84329.5,84330,37.27362,127.3936,0.535945
84389.5,84390,37.27896,127.4715,0.461528
84449.5,84450,37.28108,127.5464,0.764621
84509.5,84510,37.28462,127.6278,1.170442
84569.5,84570,37.32785,127.6685,1.605971
84629.5,84630,37.38646,127.6593,2.044796
84689.5,84690,37.40461,127.5867,2.478918
84749.5,84750,37.39543,127.4977,2.932811
84809.5,84810,37.33492,127.4617,3.369198
84869.5,84870,37.2817,127.5109,3.811402
84929.5,84930,37.27984,127.6037,4.253408
84989.5,84990,37.31998,127.6672,4.697329
85049.5,85050,37.38639,127.6556,5.13812
85109.5,85110,37.40275,127.5708,5.56961
85169.5,85170,37.38622,127.4777,6.016752
85229.5,85230,37.31248,127.4591,6.418504
85289.5,85290,37.27496,127.544,6.679113
85349.5,85350,37.29393,127.6391,6.964614
85409.5,85410,37.36026,127.6656,7.267372
85469.5,85470,37.40229,127.6008,7.320473
85529.5,85530,37.35991,127.4913,7.31519
85589.5,85590,37.29547,127.3756,7.323307
85649.5,85650,37.22381,127.253,7.325172
85709.5,85710,37.15245,127.1287,7.325223
85769.5,85770,37.111,126.9952,7.320844
85829.5,85830,37.10419,126.8531,7.319574
85889.5,85890,37.04868,126.7319,7.319995
85949.5,85950,36.92636,126.7203,7.326132
86009.5,86010,36.80318,126.7795,7.321453
86069.5,86070,36.6764,126.8245,7.317735
86129.5,86130,36.54317,126.8298,7.320513
86189.5,86190,36.41093,126.8353,7.321179
86249.5,86250,36.2804,126.8252,7.318319
86309.5,86310,36.15031,126.811,7.318954
86369.5,86370,36.02035,126.7978,7.318873
86429.5,86430,35.89054,126.7839,7.319513
86489.5,86490,35.76042,126.77,7.31996
86549.5,86550,35.62982,126.7557,7.320229
86609.5,86610,35.49886,126.7416,7.319863
86669.5,86670,35.36768,126.7276,7.319955
86729.5,86730,35.23677,126.7137,7.320239
86789.5,86790,35.10692,126.6999,7.317902
86849.5,86850,34.97832,126.6862,7.318268
86909.5,86910,34.84988,126.6726,7.317841
86969.5,86970,34.72051,126.6591,7.317857
87029.5,87030,34.59045,126.6453,7.320259
87089.5,87090,34.45977,126.6315,7.31873
87149.5,87150,34.32927,126.6179,7.319254
87209.5,87210,34.19896,126.6044,7.318639
87269.5,87270,34.06853,126.5908,7.316866
87329.5,87330,33.9381,126.5773,7.317973
87389.5,87390,33.80756,126.5708,7.319965
87449.5,87450,33.6772,126.5865,7.321052
87509.5,87510,33.54874,126.6036,7.317542
87569.5,87570,33.42299,126.6138,7.317298
87629.5,87630,33.32219,126.553,7.31235
87689.5,87690,33.2389,126.4614,7.317831
87749.5,87750,33.15395,126.37,7.270094
87809.5,87810,33.06808,126.2774,6.729349
87869.5,87870,33.00055,126.1736,5.884814
87929.5,87930,32.97655,126.05,5.080249
87989.5,87990,32.95336,125.9278,4.353062
88049.5,88050,32.92988,125.8076,3.630061
88109.5,88110,32.90787,125.6926,3.241035
88169.5,88170,32.89133,125.592,3.093933
88229.5,88230,32.88646,125.5052,2.831704
88289.5,88290,32.93192,125.5005,2.414803
88349.5,88350,32.91753,125.5829,2.000473
88409.5,88410,32.90269,125.6706,1.623319
88469.5,88470,32.91805,125.7582,1.252926
88529.5,88530,32.9345,125.8434,0.919983
88589.5,88590,32.95062,125.926,0.657337
88649.5,88650,32.96818,126.004,0.590352
88709.5,88710,33.0181,126.0443,0.250622
88769.5,88770,33.07656,126.0585,0.179009
88829.5,88830,33.13191,126.0785,0.18191
88889.5,88890,33.19305,126.0963,0.304861
88949.5,88950,33.25374,126.1147,0.49628
89009.5,89010,33.31657,126.1339,0.462056
89069.5,89070,33.37355,126.1497,0.466562
89129.5,89130,33.42644,126.1659,0.533014
89189.5,89190,33.48198,126.1814,0.540908
89249.5,89250,33.53685,126.1974,0.492039
89309.5,89310,33.58998,126.2181,0.499902
89369.5,89370,33.61874,126.2693,0.521589
89429.5,89430,33.64429,126.3266,0.636377
89489.5,89490,33.66701,126.3924,0.867644
89549.5,89550,33.69196,126.4595,0.938002
89609.5,89610,33.71784,126.5226,0.936346
89669.5,89670,33.74725,126.5835,0.937544
89729.5,89730,33.77847,126.6452,0.937006
89789.5,89790,33.80413,126.7083,0.935462
89849.5,89850,33.81075,126.7719,0.936544
89909.5,89910,33.78767,126.8434,0.940887
89969.5,89970,33.76632,126.9205,1.05726
90029.5,90030,33.74567,126.995,1.217539
90089.5,90090,33.74653,127.0697,1.247551
90149.5,90150,33.77823,127.1372,1.26968
90209.5,90210,33.81543,127.2018,1.257539
90269.5,90270,33.86009,127.2573,1.258367
90329.5,90330,33.90048,127.3122,1.429868
90389.5,90390,33.94035,127.3639,1.757086
90449.5,90450,33.97992,127.419,2.056709
90509.5,90510,34.02134,127.4784,2.352477
90569.5,90570,34.06706,127.5393,2.461661
90629.5,90630,34.1167,127.6047,2.458283
90689.5,90690,34.1666,127.6727,2.457303
90749.5,90750,34.21672,127.741,2.456718
90809.5,90810,34.26664,127.8091,2.456175
90869.5,90870,34.31591,127.8767,2.455941
90929.5,90930,34.3645,127.9434,2.456454
90989.5,90990,34.41149,128.0081,2.561498
91049.5,91050,34.45585,128.0692,2.613096
91109.5,91110,34.50027,128.1306,2.727046
91169.5,91170,34.54487,128.1914,2.847807
91229.5,91230,34.58976,128.2537,2.912008
91289.5,91290,34.63647,128.3185,2.909128
91349.5,91350,34.68481,128.3855,2.908071
91409.5,91410,34.73445,128.4549,2.907741
91469.5,91470,34.77756,128.5323,2.907584
91529.5,91530,34.80551,128.6211,2.907086
91589.5,91590,34.83236,128.7048,2.895762
91649.5,91650,34.85805,128.7828,2.662184
91709.5,91710,34.88268,128.8603,2.438502
91769.5,91770,34.90856,128.94,2.444618
91829.5,91830,34.93744,129.0265,2.127062
91889.5,91890,34.96444,129.1185,1.666403
91949.5,91950,34.99518,129.2076,1.254567
92009.5,92010,35.0233,129.2944,0.959932
92069.5,92070,35.04716,129.3758,0.673659
92129.5,92130,35.07307,129.4557,0.271724
92189.5,92190,35.09773,129.5301,0.190307
92249.5,92250,35.11974,129.5997,0.18857
92309.5,92310,35.14291,129.6721,0.190022
92369.5,92370,35.1641,129.7423,0.190155
92429.5,92430,35.16431,129.8085,0.192786
92489.5,92490,35.11607,129.794,0.187396
92549.5,92550,35.08401,129.7205,0.190287
92609.5,92610,35.04099,129.6576,0.189337
92669.5,92670,34.99531,129.5962,0.190256
92729.5,92730,34.94821,129.5342,0.190744
92789.5,92790,34.89881,129.474,0.19081
92849.5,92850,34.85478,129.4093,0.190729
92909.5,92910,34.81046,129.3487,0.189967
92969.5,92970,34.76644,129.2906,0.190276
93029.5,93030,34.7193,129.2324,0.190612
93089.5,93090,34.66269,129.1834,0.192385
93149.5,93150,34.60791,129.139,0.18987
93209.5,93210,34.55468,129.095,0.189509
93269.5,93270,34.49813,129.05,0.192039
93329.5,93330,34.44252,129.0049,0.191176
93389.5,93390,34.38701,128.9596,0.190581
93449.5,93450,34.33077,128.9138,0.190911
93509.5,93510,34.27386,128.8677,0.191425
93569.5,93570,34.21868,128.8228,0.190104
93629.5,93630,34.16242,128.777,0.190622
93689.5,93690,34.10427,128.7313,0.191486
93749.5,93750,34.04891,128.6862,0.190439
93809.5,93810,33.99403,128.6425,0.190337
93869.5,93870,33.93823,128.5979,0.191546
93929.5,93930,33.88141,128.5523,0.190759
93989.5,93990,33.8237,128.5063,0.191679
94049.5,94050,33.76574,128.4602,0.191338
94109.5,94110,33.7088,128.4145,0.190642
94169.5,94170,33.65251,128.3702,0.190805
94229.5,94230,33.59732,128.3258,0.191298
94289.5,94290,33.54466,128.277,0.191374
94349.5,94350,33.49231,128.2261,0.191379
94409.5,94410,33.46073,128.1637,0.191658
94469.5,94470,33.47691,128.087,0.190708
94529.5,94530,33.4958,128.0103,0.191709
94589.5,94590,33.51482,127.9334,0.191592
94649.5,94650,33.53339,127.8572,0.191308
94709.5,94710,33.55185,127.7829,0.191379
94769.5,94770,33.5698,127.7102,0.191353
94829.5,94830,33.5887,127.6343,0.191699
94889.5,94890,33.60732,127.5547,0.19275
94949.5,94950,33.62538,127.481,0.190866
95009.5,95010,33.64334,127.4079,0.190439
95069.5,95070,33.66133,127.329,0.192999
95129.5,95130,33.68099,127.2516,0.191364
95189.5,95190,33.72407,127.2094,0.194732
95249.5,95250,33.77652,127.2503,0.188295
95309.5,95310,33.83342,127.2835,0.19049
95369.5,95370,33.89091,127.3133,0.19145
95429.5,95430,33.93701,127.3612,0.191094
95489.5,95490,33.97982,127.4196,0.192232
95549.5,95550,34.02419,127.4799,0.192943
95609.5,95610,34.06715,127.5381,0.191287
95669.5,95670,34.10914,127.5953,0.190983
95729.5,95730,34.15329,127.6542,0.19211
95789.5,95790,34.19648,127.7137,0.191892
95849.5,95850,34.23857,127.7716,0.191882
95909.5,95910,34.28174,127.8296,0.192171
95969.5,95970,34.32595,127.8901,0.192024
96029.5,96030,34.37115,127.9524,0.1918
96089.5,96090,34.41662,128.0152,0.192115
96149.5,96150,34.4603,128.0755,0.190759
96209.5,96210,34.50233,128.1332,0.191069
96269.5,96270,34.54514,128.1923,0.197678
96329.5,96330,34.58806,128.2519,0.364744
96389.5,96390,34.6125,128.3189,0.286334
96449.5,96450,34.62936,128.3891,0.200076
96509.5,96510,34.65706,128.4572,0.204089
96569.5,96570,34.6707,128.5341,0.201717
96629.5,96630,34.67339,128.6107,0.202154
96689.5,96690,34.68203,128.6838,0.201102
96749.5,96750,34.7315,128.7239,0.200563
96809.5,96810,34.78833,128.7554,0.195885
96869.5,96870,34.84378,128.7902,0.193965
96929.5,96930,34.88958,128.8407,0.244861
96989.5,96990,34.91197,128.913,0.295636
97049.5,97050,34.93452,128.9902,0.251303
97109.5,97110,34.95716,129.0651,0.18894
97169.5,97170,34.97452,129.1371,0.189987
97229.5,97230,34.99729,129.2111,0.191704
97289.5,97290,35.02368,129.2847,0.1921
97349.5,97350,35.04343,129.3564,0.189611
97409.5,97410,35.06656,129.4287,0.191171
97469.5,97470,35.08877,129.5012,0.190932
97529.5,97530,35.11112,129.5729,0.190033
97589.5,97590,35.13384,129.6436,0.189992
97649.5,97650,35.17247,129.6973,0.189728
97709.5,97710,35.21991,129.7401,0.191313
97769.5,97770,35.26283,129.7908,0.193167
97829.5,97830,35.25546,129.8468,0.191419
97889.5,97890,35.19481,129.8419,0.395163
97949.5,97950,35.14246,129.793,0.780384
98009.5,98010,35.09513,129.7326,1.199505
98069.5,98070,35.04842,129.6708,1.235878
98129.5,98130,35.0036,129.6088,1.013673
98189.5,98190,34.95819,129.5471,0.726262
98249.5,98250,34.91572,129.4885,0.602117
98309.5,98310,34.87145,129.4306,0.354477
98369.5,98370,34.82578,129.3695,0.341493
98429.5,98430,34.77892,129.3086,0.342265
98489.5,98490,34.73313,129.2474,0.341061
98549.5,98550,34.67969,129.1987,0.341325
98609.5,98610,34.62508,129.1537,0.340604
98669.5,98670,34.56783,129.1068,0.341508
98729.5,98730,34.51005,129.0597,0.34163
98789.5,98790,34.4518,129.0123,0.342224
98849.5,98850,34.396,128.9666,0.340335
98909.5,98910,34.34246,128.9232,0.339827
98969.5,98970,34.28698,128.8792,0.341615
99029.5,99030,34.22952,128.8326,0.342687
99089.5,99090,34.17293,128.7864,0.341051
99149.5,99150,34.11764,128.7416,0.340477
99209.5,99210,34.06303,128.6975,0.340878
99269.5,99270,34.00839,128.6537,0.341056
99329.5,99330,33.95373,128.6102,0.341503
99389.5,99390,33.89893,128.5666,0.340985
99449.5,99450,33.84433,128.5227,0.340695
99509.5,99510,33.78944,128.479,0.34162
99569.5,99570,33.73302,128.4344,0.341498
99629.5,99630,33.67659,128.3892,0.341462
99689.5,99690,33.62026,128.3444,0.34068
99749.5,99750,33.56519,128.2982,0.340736
99809.5,99810,33.51331,128.2476,0.341051
99869.5,99870,33.46181,128.1967,0.34007
99929.5,99930,33.4102,128.1464,0.340771
99989.5,99990,33.35864,128.0962,0.340919
100049.5,100050,33.30692,128.0463,0.341031
100109.5,100110,33.25486,127.9964,0.341259
100169.5,100170,33.20172,127.9453,0.340934
100229.5,100230,33.14735,127.8924,0.325836
100289.5,100290,33.09248,127.8395,0.205654
100349.5,100350,33.03889,127.7863,0.206121
100409.5,100410,33.01391,127.7165,0.212943
100469.5,100470,33.01502,127.6399,0.317561
100529.5,100530,33.0158,127.5611,0.336946
100589.5,100590,33.01593,127.4794,0.336916
100649.5,100650,33.01569,127.3989,0.336291
100709.5,100710,33.01511,127.3199,0.335183
100769.5,100770,33.01454,127.2427,0.335504
100829.5,100830,33.01415,127.1668,0.334914
100889.5,100890,33.01374,127.0909,0.335432
100949.5,100950,33.0131,127.0134,0.335448
101009.5,101010,33.01202,126.9336,0.336169
101069.5,101070,33.01164,126.8517,0.336586
101129.5,101130,33.01071,126.7678,0.336144
101189.5,101190,33.01021,126.6826,0.336901
101249.5,101250,33.00921,126.5989,0.336306
101309.5,101310,33.00827,126.5185,0.335067
101369.5,101370,33.00712,126.4411,0.33531
101429.5,101430,33.00587,126.3647,0.335712
101489.5,101490,33.0049,126.286,0.336707
101549.5,101550,33.01994,126.2167,0.339273
101609.5,101610,33.07611,126.1887,0.333593
101669.5,101670,33.13468,126.1658,0.335524
101729.5,101730,33.19517,126.1425,0.336931
101789.5,101790,33.25727,126.1249,0.336606
101849.5,101850,33.3178,126.1083,0.335986
101909.5,101910,33.37715,126.0936,0.336144
101969.5,101970,33.43749,126.0836,0.336012
102029.5,102030,33.50032,126.0759,0.337236
102089.5,102090,33.56499,126.0817,0.337469
102149.5,102150,33.62881,126.0982,0.337551
102209.5,102210,33.68804,126.1224,0.335834
102269.5,102270,33.7444,126.1524,0.3353
102329.5,102330,33.80168,126.1901,0.3378
102389.5,102390,33.84985,126.2465,0.337571
102449.5,102450,33.87736,126.3213,0.336596
102509.5,102510,33.87699,126.4033,0.335686
102569.5,102570,33.86215,126.4818,0.335422
102629.5,102630,33.84504,126.5568,0.336311
102689.5,102690,33.82802,126.6297,0.335504
102749.5,102750,33.81149,126.7012,0.336144
102809.5,102810,33.79427,126.7728,0.336525
102869.5,102870,33.7771,126.8462,0.336895
102929.5,102930,33.75946,126.921,0.337302
102989.5,102990,33.74146,126.9967,0.337358
103049.5,103050,33.73231,127.0722,0.427675
103109.5,103110,33.76717,127.1329,0.863194
103169.5,103170,33.81212,127.1906,0.926876
103229.5,103230,33.85852,127.2542,0.923935
103289.5,103290,33.90223,127.3144,0.924011
103349.5,103350,33.94371,127.3719,0.924667
103409.5,103410,33.98752,127.4296,0.924687
103469.5,103470,34.03102,127.4888,0.924118
103529.5,103530,34.07535,127.5483,0.924885
103589.5,103590,34.11736,127.6062,0.923234
103649.5,103650,34.15882,127.6625,0.923762
103709.5,103710,34.20104,127.7195,0.924428
103769.5,103770,34.24457,127.7786,0.925271
103829.5,103830,34.28985,127.84,0.925246
103889.5,103890,34.33522,127.9025,0.924743
103949.5,103950,34.38074,127.9654,0.92486
104009.5,104010,34.42654,128.0285,0.924113
104069.5,104070,34.47227,128.0915,0.924469
104129.5,104130,34.51813,128.1549,0.92424
104189.5,104190,34.56423,128.2183,0.924336
104249.5,104250,34.61007,128.2822,0.924443
104309.5,104310,34.65619,128.3461,0.924631
104369.5,104370,34.70255,128.4103,0.924458
104429.5,104430,34.74891,128.475,0.924377
104489.5,104490,34.77159,128.546,0.928949
104549.5,104550,34.72361,128.5615,0.921004
104609.5,104610,34.70649,128.4873,0.765693
104669.5,104670,34.69651,128.408,0.625053
104729.5,104730,34.65606,128.3461,0.628457
104789.5,104790,34.61134,128.2855,0.629432
104849.5,104850,34.5671,128.2233,0.629935
104909.5,104910,34.52277,128.1616,0.629844
104969.5,104970,34.47947,128.1022,0.628371
105029.5,105030,34.43578,128.0414,0.629026
105089.5,105090,34.39042,127.979,0.630149
105149.5,105150,34.34369,127.9148,0.630286
105209.5,105210,34.29646,127.8507,0.63022
105269.5,105270,34.25164,127.7891,0.628223
105329.5,105330,34.20848,127.7302,0.628198
105389.5,105390,34.16688,127.6732,0.62831
105449.5,105450,34.12472,127.616,0.628609
105509.5,105510,34.07867,127.554,0.631022
105569.5,105570,34.03235,127.4907,0.630519
105629.5,105630,33.9872,127.4294,0.628934
105689.5,105690,33.9436,127.3704,0.628294
105749.5,105750,33.901,127.3124,0.628711
105809.5,105810,33.85709,127.2541,0.629356
105869.5,105870,33.81267,127.1942,0.629991
105929.5,105930,33.76733,127.1338,0.62994
105989.5,105990,33.74864,127.0667,0.633689
