src/Components/missions/KORUS-AQ/Tracks/KORUSAQ-B200TRK_MODEL_20160516_RB.ICT
37,1001
GeoTASO Team
NASA GSFC
B-200 (N817NA) GeoTASO
KORUS-AQ 2016
1,1
2016,05,16,2016,05,23
1
UTC_mid,seconds, mid time UTC from midnight of the starting data collecting day 
3
1,1,1
-9999,-9999,-9999
Lat, degN, 60 second average of latitude
Lon, degE, 60 second average of longitude
AltGPS, km, 60 second average of GPS altitude
1
Data from GeoTASO instrument
19
PI_CONTACT_INFO: Scott Janz
Platform: B-200 King Air
LOCATION: Included in data records
ASSOCIATED_DATA: N/A
INSTRUMENT_INFO:http://www.nserc.und.edu/PDFs/ExperimenterHandbook.pdf
DATA_INFO: data averaged into 60s intervals
UNCERTAINTY: Reference DC-8 Experimenter Handbook located at https://airbornescience.nasa.gov/sites/default/files/DC8_Experimenter_Handbook_Jan2011v2.pdf
ULOD_FLAG: -7777
ULOD_VALUE: N/A
LLOD_FLAG: -8888
LLOD_VALUE: N/A;
DM_CONTACT_INFO: Gao Chen 
PROJECT_INFO: N/A
STIPULATIONS_ON_USE: N/A
OTHER_COMMENTS: N/A
REVISION: RB
RB: Extra time columns removed
RA: Field data
UTC_mid,Lat,Lon,AltGPS
81230,37.09129761,127.045432,0.03631953
81290,37.0915634,127.0450076,0.036495879
81350,37.09074643,127.0317433,0.065921869
81410,37.07983005,126.9850436,0.420433485
81470,37.04194655,126.95167,0.870012647
81530,36.996423,126.9373055,1.289574274
81590,36.9911454,126.9777812,1.758870553
81650,37.02688286,127.0116678,2.187468138
81710,37.06385372,127.0510421,2.492588008
81770,37.10233601,127.0953563,2.861060832
81830,37.14233845,127.1411913,3.115862727
81890,37.18457673,127.1905182,3.145627546
81950,37.22686732,127.2408791,3.19202615
82010,37.2677801,127.2872931,3.609891566
82070,37.30629369,127.331698,4.05006597
82130,37.34602055,127.3698023,4.470097769
82190,37.38743183,127.361263,4.823343364
82250,37.40408875,127.3100366,5.164065753
82310,37.41435142,127.2558229,5.539795502
82370,37.42647733,127.2036999,5.857785676
82430,37.4388068,127.151728,6.144099567
82490,37.46693621,127.1163379,6.382234327
82550,37.51780618,127.120155,6.505262469
82610,37.55149419,127.1633407,6.688419927
82670,37.53358737,127.2385455,7.023217069
82730,37.52268511,127.313564,7.253744254
82790,37.51995432,127.3907719,7.428150206
82850,37.51817284,127.4701041,7.601743615
82910,37.51813083,127.5488597,7.800436162
82970,37.51827462,127.627333,7.96990086
83030,37.51841341,127.7051158,8.146848822
83090,37.51807656,127.7824398,8.28084483
83150,37.51726438,127.861619,8.394771975
83210,37.49278329,127.9222734,8.520665316
83270,37.45822758,127.8960005,8.587544207
83330,37.46033053,127.8357953,8.682313879
83390,37.46141952,127.7728491,8.705610466
83450,37.46238474,127.7072732,8.713646302
83510,37.4620101,127.6400923,8.724448065
83570,37.46228127,127.5712785,8.718270254
83630,37.46221218,127.5017161,8.719175668
83690,37.46228315,127.4319878,8.713846161
83750,37.46230643,127.3616099,8.712208061
83810,37.46273294,127.2910906,8.711235675
83870,37.46252807,127.2200165,8.710238595
83930,37.46217758,127.1485733,8.71453373
83990,37.46331571,127.0772464,8.711264456
84050,37.48533187,127.0134271,8.708611271
84110,37.5095721,126.9508253,8.720113901
84170,37.52666735,126.8845293,8.730195793
84230,37.55002749,126.8209631,8.718816404
84290,37.58278961,126.7637694,8.720706376
84350,37.62175503,126.7115092,8.71407128
84410,37.63304071,126.6524126,8.714574057
84470,37.57868543,126.6445215,8.713654686
84530,37.54812183,126.722478,8.709228597
84590,37.52284252,126.8100986,8.705730941
84650,37.47075835,126.8353701,8.712542429
84710,37.45950877,126.7747561,8.707046472
84770,37.46504566,126.7047696,8.70529913
84830,37.46269862,126.6333347,8.703219465
84890,37.46238333,126.5617028,8.704393809
84950,37.46208458,126.4903274,8.707218968
85010,37.46196045,126.4191996,8.70164823
85070,37.45391582,126.3510982,8.706823945
85130,37.40956551,126.3480925,8.711936645
85190,37.405781,126.4337036,8.707659074
85250,37.40673751,126.5269189,8.708616593
85310,37.40702462,126.6209231,8.708799654
85370,37.40740139,126.7148163,8.707419115
85430,37.40752992,126.8082864,8.710543701
85490,37.40773337,126.9015953,8.707623514
85550,37.40761865,126.994965,8.707109479
85610,37.40748191,127.0883751,8.704572296
85670,37.407297,127.181589,8.70849654
85730,37.40766587,127.2745391,8.707601916
85790,37.40738177,127.3674705,8.705631782
85850,37.4068612,127.4605362,8.70776523
85910,37.40603866,127.5536125,8.705933038
85970,37.40559159,127.6467714,8.704789772
86030,37.40504497,127.739698,8.707245713
86090,37.40489554,127.8326657,8.705003557
86150,37.37896417,127.8995862,8.722414565
86210,37.35273871,127.8544155,8.716704354
86270,37.35096834,127.7821651,8.70755417
86330,37.35081651,127.7093409,8.706819223
86390,37.35084279,127.6365066,8.706066108
86450,37.35135506,127.5638297,8.710066198
86510,37.35156111,127.4910898,8.708615273
86570,37.35190551,127.4181908,8.713697759
86630,37.35244292,127.3449246,8.717646653
86690,37.3524028,127.2716982,8.714821669
86750,37.35271827,127.1987789,8.721765668
86810,37.35238605,127.1258326,8.720866215
86870,37.35285026,127.0523856,8.712402768
86930,37.35239231,126.9786246,8.717433996
86990,37.35225866,126.9051862,8.720343079
87050,37.35214632,126.8319765,8.726610077
87110,37.35198589,126.7589531,8.721360353
87170,37.35182663,126.6859873,8.720685675
87230,37.35086393,126.6134292,8.71819626
87290,37.35095642,126.5409249,8.71745021
87350,37.35048632,126.4687286,8.719207313
87410,37.35044713,126.3964384,8.721881229
87470,37.32579625,126.3434941,8.711318576
87530,37.29217808,126.3982427,8.714551832
87590,37.29375464,126.4900631,8.709546539
87650,37.29409819,126.5831263,8.710926186
87710,37.29448626,126.6769187,8.69956819
87770,37.29490835,126.7708067,8.703120744
87830,37.29514495,126.8638993,8.712442216
87890,37.29457945,126.9573728,8.698240552
87950,37.29550273,127.0501779,8.710387561
88010,37.29534551,127.1425579,8.717560558
88070,37.29500169,127.2345858,8.722748154
88130,37.2953196,127.3265574,8.717106328
88190,37.29527516,127.4191119,8.713000898
88250,37.29524297,127.5119924,8.712598016
88310,37.2940295,127.6051389,8.711804776
88370,37.29354111,127.6980075,8.7167773
88430,37.29309957,127.7908992,8.713184594
88490,37.28887,127.8823844,8.718004397
88550,37.24898731,127.9032356,8.722009966
88610,37.24001993,127.8344187,8.715330172
88670,37.23925238,127.7605005,8.713866208
88730,37.23939992,127.6862486,8.72011611
88790,37.23944695,127.6117914,8.718960764
88850,37.23986355,127.5376589,8.71749048
88910,37.24032783,127.4634824,8.716230127
88970,37.24035722,127.3891242,8.718928414
89030,37.24043512,127.3143899,8.717077189
89090,37.24051308,127.2394114,8.719454749
89150,37.24069135,127.1643823,8.719040653
89210,37.24073289,127.0895767,8.718463896
89270,37.24077963,127.0149259,8.718764353
89330,37.24061493,126.9401663,8.720160616
89390,37.24053833,126.8657419,8.71763276
89450,37.24032212,126.7917834,8.715635719
89510,37.23990272,126.7181348,8.716759144
89570,37.23935286,126.644916,8.7191199
89630,37.23934378,126.5719517,8.718929148
89690,37.23918237,126.4986899,8.719527713
89750,37.23874648,126.4251641,8.718559141
89810,37.23356976,126.3532405,8.72379147
89870,37.19165529,126.3551814,8.720384196
89930,37.18294962,126.4428747,8.722069043
89990,37.18364769,126.5360182,8.720836119
90050,37.18321229,126.6295022,8.728218815
90110,37.1843714,126.7230572,8.731778659
90170,37.18467748,126.8168572,8.719705619
90230,37.18391465,126.9109775,8.724995189
90290,37.18491366,127.0046121,8.719862625
90350,37.18516679,127.0979827,8.728302965
90410,37.18436171,127.1908088,8.726029744
90470,37.18475301,127.2835046,8.732123555
90530,37.18475986,127.3764709,8.731704388
90590,37.18404458,127.4699545,8.711475397
90650,37.18347989,127.5636931,8.713064476
90710,37.18469679,127.656616,8.718344634
90770,37.18386319,127.7500759,8.717936663
90830,37.1831348,127.8437475,8.713701918
90890,37.16021871,127.9191871,8.739570499
90950,37.12698884,127.8842437,8.71143131
91010,37.12875177,127.8107173,8.718074286
91070,37.12908057,127.7367775,8.723194065
91130,37.12985675,127.6624044,8.715515241
91190,37.12980847,127.5876892,8.722144174
91250,37.13003721,127.5128411,8.727327476
91310,37.13047229,127.4378759,8.727105283
91370,37.13047984,127.3623962,8.726600317
91430,37.1305671,127.2865998,8.721508978
91490,37.1306631,127.21041,8.724142391
91550,37.13029616,127.1345742,8.728142523
91610,37.13069603,127.0594323,8.735848781
91670,37.13170426,126.9841634,8.724831936
91730,37.13071981,126.9092985,8.728468296
91790,37.13072356,126.8348796,8.728279898
91850,37.13000138,126.7610675,8.72744219
91910,37.12965524,126.6870869,8.723826152
91970,37.12985393,126.6131358,8.722679271
92030,37.12934745,126.5392152,8.724700553
92090,37.12875869,126.464809,8.724254643
92150,37.11758159,126.3967196,8.725728336
92210,37.07416644,126.422491,8.725330928
92270,37.07186469,126.5133883,8.725850064
92330,37.07219396,126.6064474,8.724714669
92390,37.07200359,126.6998615,8.722372526
92450,37.07236487,126.7934423,8.723679648
92510,37.07237916,126.8874878,8.726047126
92570,37.07207082,126.9818505,8.725904557
92630,37.07176001,127.0761515,8.729104199
92690,37.07207661,127.1701775,8.726227544
92750,37.071975,127.2640227,8.727694353
92810,37.06807482,127.3564589,8.726195891
92870,37.02673424,127.3799343,8.732960569
92930,37.01738965,127.3103013,8.724265589
92990,37.01726603,127.2351829,8.725768084
93050,37.01730419,127.1602358,8.726494612
93110,37.01737509,127.085534,8.726736046
93170,37.01737425,127.0109689,8.727778397
93230,37.01762429,126.9367619,8.72682986
93290,37.01741553,126.8626886,8.727994308
93350,37.01728161,126.7882807,8.726701947
93410,37.01743708,126.7136852,8.726609447
93470,37.01713952,126.638769,8.728423135
93530,37.01717991,126.563696,8.728542249
93590,37.00548485,126.497027,8.729310979
93650,36.96436383,126.5315644,8.727044269
93710,36.96208008,126.6223601,8.735300614
93770,36.96173738,126.7149336,8.738701535
93830,36.96202163,126.8082265,8.737439472
93890,36.9617098,126.9017743,8.738678486
93950,36.96215048,126.9954407,8.728927346
94010,36.9614239,127.0893291,8.729789859
94070,36.96171292,127.1827053,8.740037025
94130,36.9616494,127.2764231,8.739154276
94190,36.97172439,127.3671584,8.727591229
94250,37.01568176,127.4369821,8.731908909
94310,37.06273196,127.5031767,8.75075209
94370,37.10307137,127.5776661,8.72634801
94430,37.14224796,127.6456944,8.729574835
94490,37.1796718,127.6459563,8.723119269
94550,37.21660084,127.6306002,8.723141885
94610,37.25352988,127.6152441,8.723164502
94670,37.29045891,127.599888,8.723187118
94730,37.31961565,127.5581964,8.723943678
94790,37.34080157,127.488461,8.714885334
94850,37.36098488,127.4185354,8.72066127
94910,37.38141125,127.3484274,8.727341274
94970,37.4013611,127.2781632,8.737453256
95030,37.42171787,127.2075433,8.731396898
95090,37.44595992,127.1392103,8.724237617
95150,37.50071323,127.1178541,8.69908469
95210,37.54720522,127.1527725,8.722004728
95270,37.50104592,127.1950024,8.709658503
95330,37.43246195,127.2070478,8.714098945
95390,37.37128637,127.25446,8.716755537
95450,37.31070753,127.3066955,8.720193033
95510,37.25629721,127.3622318,8.728694118
95570,37.23431898,127.440248,8.5893006
95630,37.21772758,127.5271626,7.796011041
95690,37.20110779,127.6251256,6.812593808
95750,37.18726493,127.7172638,6.287137927
95810,37.205023,127.775741,6.132952347
95870,37.23221633,127.7396336,5.562934911
95930,37.23517173,127.6818793,4.942051841
95990,37.20896934,127.6277881,4.294146013
96050,37.18302109,127.5737672,3.577927779
96110,37.15830533,127.5169321,2.837456144
96170,37.13160749,127.4575602,2.280649655
96230,37.12093334,127.3936,1.799922729
96290,37.11530156,127.3323975,1.460407093
96350,37.11029918,127.2723307,1.187517343
96410,37.10551925,127.209695,0.856043403
96470,37.10080041,127.1557943,0.575128267
96530,37.09710885,127.10849,0.354511538
96590,37.09334982,127.0626884,0.128198163
96650,37.09091461,127.0336064,0.030312689
96710,37.08904085,127.0297967,0.029275146
96770,37.08783004,127.0294193,0.029324577
96830,37.08777212,127.0293582,0.029421807
96890,37.08777532,127.0293559,0.029521343
96950,37.08777852,127.0293535,0.029620878
97010,37.08778171,127.0293512,0.029720413
97070,37.08778491,127.0293488,0.029819948
97130,37.08778811,127.0293465,0.029919484
97190,37.08779131,127.0293442,0.030019019
97250,37.08779451,127.0293418,0.030118554
97310,37.0877977,127.0293395,0.030218089
97370,37.0878009,127.0293371,0.030317624
97430,37.0878041,127.0293348,0.03041716
97490,37.08780729,127.0293324,0.030516695
97550,37.08781049,127.0293301,0.03061623
97610,37.08781369,127.0293277,0.030715765
97670,37.08781689,127.0293254,0.030815301
97730,37.08782009,127.029323,0.030914836
97790,37.08782329,127.0293207,0.031014371
97850,37.08782648,127.0293183,0.031113906
97910,37.08782968,127.029316,0.031213442
97970,37.08783288,127.0293136,0.031312977
98030,37.08783607,127.0293113,0.031412512
98090,37.08783927,127.029309,0.031512047
98150,37.08784247,127.0293066,0.031611582
98210,37.08784567,127.0293043,0.031711118
98270,37.08784887,127.0293019,0.031810653
98330,37.08785207,127.0292996,0.031910188
98390,37.08785526,127.0292972,0.032009723
98450,37.08785846,127.0292949,0.032109259
98510,37.08786166,127.0292925,0.032208794
98570,37.08786485,127.0292902,0.032308329
98630,37.08786805,127.0292878,0.032407864
98690,37.08787125,127.0292855,0.032507399
98750,37.08787445,127.0292831,0.032606935
98810,37.08787765,127.0292808,0.03270647
98870,37.08788085,127.0292784,0.032806005
98930,37.08788404,127.0292761,0.03290554
98990,37.08788724,127.0292738,0.033005076
99050,37.08789044,127.0292714,0.033104611
99110,37.08789363,127.0292691,0.033204146
99170,37.08789683,127.0292667,0.033303681
99230,37.08790003,127.0292644,0.033403217
99290,37.08790323,127.029262,0.033502752
99350,37.08790643,127.0292597,0.033602287
99410,37.08790963,127.0292573,0.033701822
99470,37.08791282,127.029255,0.033801357
99530,37.08791602,127.0292526,0.033900893
99590,37.08791922,127.0292503,0.034000428
99650,37.08792241,127.0292479,0.034099963
99710,37.08792561,127.0292456,0.034199498
99770,37.08792881,127.0292432,0.034299034
99830,37.08793201,127.0292409,0.034398569
99890,37.08793446,127.0292391,0.034474879
