src/Components/missions/KORUS-AQ/Tracks/KORUSAQ-B200TRK_MODEL_20160504_RA_L2.ICT
35,1001
GeoTASO Team
NASA GSFC
B-200 (N817NA) GeoTASO
KORUS-AQ 2016
1,1
2016,05,04,2016,05,12
1
UTC_mid,seconds, mid time UTC from midnight of the starting data collecting day 
3
1,1,1
-9999,-9999,-9999
Lat, degN, 60 second average of latitude
Lon, degE, 60 second average of longitude
AltGPS, km, 60 second average of GPS altitude
1
Data from GeoTASO instrument
17
PI_CONTACT_INFO: Scott Janz
Platform: B-200 King Air
LOCATION: Included in data records
ASSOCIATED_DATA: N/A
INSTRUMENT_INFO:http://www.nserc.und.edu/PDFs/ExperimenterHandbook.pdf
DATA_INFO: data averaged into 60s intervals
UNCERTAINTY: Reference DC-8 Experimenter Handbook located at https://airbornescience.nasa.gov/sites/default/files/DC8_Experimenter_Handbook_Jan2011v2.pdf
ULOD_FLAG: -7777
ULOD_VALUE: N/A
LLOD_FLAG: -8888
LLOD_VALUE: N/A;
DM_CONTACT_INFO: Gao Chen 
PROJECT_INFO: N/A
STIPULATIONS_ON_USE: N/A
OTHER_COMMENTS: N/A
REVISION: RA
UTC_mid,Lat,Lon,AltGPS
80390,37.09092,127.045,0.037446
80450,37.09092,127.045,0.038157
80510,37.09092,127.045,0.037313
80570,37.09139,127.0447,0.037218
80630,37.09085,127.0315,0.071152
80690,37.07712,126.9938,0.463245
80750,37.06654,127.0276,0.885131
80810,37.09789,127.0695,1.44897
80870,37.13125,127.1107,2.003818
80930,37.16296,127.1554,2.608636
80990,37.19316,127.2035,3.072197
81050,37.22603,127.2585,3.445908
81110,37.26199,127.3172,3.809524
81170,37.29951,127.3774,4.164607
81230,37.33765,127.4389,4.479496
81290,37.37644,127.5025,4.794927
81350,37.41493,127.5674,5.087068
81410,37.45203,127.6342,5.384565
81470,37.47897,127.7065,5.688792
81530,37.44631,127.7748,5.959695
81590,37.38728,127.8166,6.215706
81650,37.34136,127.8063,6.412582
81710,37.34085,127.7597,6.656785
81770,37.3479,127.7134,6.877535
81830,37.35516,127.6681,7.10416
81890,37.36269,127.624,7.336283
81950,37.36945,127.582,7.572616
82010,37.37589,127.5421,7.773442
82070,37.38286,127.5021,7.944824
82130,37.38989,127.4621,8.11921
82190,37.39717,127.4225,8.269645
82250,37.40431,127.3825,8.421972
82310,37.41063,127.3427,8.573997
82370,37.41738,127.3035,8.7022
82430,37.42385,127.2631,8.781686
82490,37.43112,127.2197,8.806423
82550,37.43904,127.1728,8.795625
82610,37.46684,127.1381,8.790778
82670,37.52042,127.1446,8.773293
82730,37.54244,127.2106,8.79365
82790,37.486,127.2381,8.788482
82850,37.42108,127.2396,8.793265
82910,37.35221,127.2776,8.778138
82970,37.28476,127.3249,8.787507
83030,37.24006,127.309,8.805722
83090,37.22184,127.2565,8.808019
83150,37.20403,127.2036,8.805932
83210,37.17801,127.1534,8.805503
83270,37.14518,127.1057,8.806493
83330,37.1119,127.0582,8.808637
83390,37.06978,127.0182,8.806491
83450,37.01686,126.9883,8.816881
83510,36.96382,126.9593,8.826286
83570,36.91094,126.9299,8.818456
83630,36.85795,126.9,8.822698
83690,36.80447,126.8701,8.837118
83750,36.7506,126.84,8.818822
83810,36.69105,126.819,8.812241
83870,36.62688,126.8078,8.821445
83930,36.56338,126.7964,8.822942
83990,36.50036,126.7848,8.827285
84050,36.43663,126.777,8.831656
84110,36.36857,126.7911,8.846713
84170,36.29907,126.811,8.838602
84230,36.23047,126.8201,8.844776
84290,36.16491,126.813,8.846359
84350,36.09934,126.8065,8.843615
84410,36.03445,126.7983,8.844167
84470,35.96945,126.791,8.848847
84530,35.9041,126.7848,8.848512
84590,35.83911,126.7774,8.852579
84650,35.77425,126.7699,8.855153
84710,35.70886,126.7629,8.854564
84770,35.64333,126.7565,8.85479
84830,35.57812,126.7504,8.858748
84890,35.5133,126.7428,8.859815
84950,35.44799,126.7361,8.864695
85010,35.38297,126.729,8.86671
85070,35.318,126.722,8.867728
85130,35.25294,126.7157,8.877912
85190,35.18809,126.7092,8.875497
85250,35.12359,126.7017,8.871259
85310,35.05898,126.6945,8.872154
85370,34.99405,126.6877,8.878472
85430,34.92907,126.6809,8.879391
85490,34.86437,126.6731,8.882139
85550,34.79951,126.6663,8.897989
85610,34.73491,126.659,8.896488
85670,34.67024,126.6518,8.893863
85730,34.60531,126.6452,8.90256
85790,34.5407,126.6378,8.907665
85850,34.47616,126.6301,8.901034
85910,34.41096,126.6248,8.909934
85970,34.34607,126.6189,8.913541
86030,34.28109,126.6119,8.897638
86090,34.21586,126.6057,8.908802
86150,34.15125,126.5986,8.901135
86210,34.087,126.5904,8.90373
86270,34.02281,126.5847,8.915745
86330,33.95901,126.5782,8.912034
86390,33.89524,126.5724,8.913072
86450,33.83283,126.5622,8.914587
86510,33.77558,126.538,8.92144
86570,33.71911,126.5127,8.922564
86630,33.66218,126.4883,8.914729
86690,33.60515,126.4639,8.908365
86750,33.54873,126.4392,8.916255
86810,33.49259,126.415,8.922138
86870,33.43666,126.3906,8.926682
86930,33.38105,126.3661,8.928896
86990,33.32558,126.3418,8.927465
87050,33.27005,126.3178,8.922644
87110,33.21483,126.2942,8.9222
87170,33.16126,126.2714,8.922563
87230,33.11003,126.2504,8.922223
87290,33.05831,126.2511,8.933361
87350,33.02275,126.3108,8.930907
87410,33.00823,126.3907,8.908276
87470,33.0239,126.4615,8.905845
87530,33.07981,126.4905,8.928839
87590,33.1378,126.516,8.92848
87650,33.19604,126.5417,8.927691
87710,33.25408,126.5657,8.918249
87770,33.31403,126.5924,8.916448
87830,33.3763,126.6204,8.920231
87890,33.44025,126.6479,8.920457
87950,33.50548,126.6767,8.912908
88010,33.57169,126.6992,8.914234
88070,33.63801,126.7063,8.910835
88130,33.70457,126.7134,8.90947
88190,33.77113,126.7205,8.908896
88250,33.83749,126.727,8.905471
88310,33.90367,126.7344,8.905236
88370,33.96953,126.741,8.904615
88430,34.03524,126.7489,8.902558
88490,34.10059,126.7551,8.900523
88550,34.16566,126.7618,8.901023
88610,34.23089,126.7688,8.897576
88670,34.29618,126.7765,8.89728
88730,34.36038,126.7824,8.894007
88790,34.424,126.788,8.895216
88850,34.48786,126.7941,8.893745
88910,34.55207,126.7996,8.889565
88970,34.61689,126.8078,8.889888
89030,34.68142,126.8168,8.890694
89090,34.74545,126.8241,8.88245
89150,34.80871,126.8299,8.892814
89210,34.87132,126.8359,8.893449
89270,34.93352,126.8425,8.889124
89330,34.99581,126.8489,8.88573
89390,35.05819,126.8559,8.878161
89450,35.12128,126.8643,8.8716
89510,35.18443,126.8721,8.882532
89570,35.24769,126.8796,8.877555
89630,35.31095,126.8871,8.875766
89690,35.37409,126.8949,8.879224
89750,35.43703,126.9019,8.887689
89810,35.49939,126.9069,8.876576
89870,35.56157,126.913,8.878902
89930,35.62383,126.9201,8.867618
89990,35.68604,126.9271,8.869077
90050,35.74825,126.9341,8.862283
90110,35.8106,126.9411,8.857986
90170,35.87299,126.9475,8.851182
90230,35.93575,126.9536,8.853402
90290,35.99876,126.9612,8.86047
90350,36.06131,126.9687,8.867802
90410,36.12344,126.9762,8.854812
90470,36.18593,126.9837,8.851248
90530,36.24854,126.9914,8.850771
90590,36.31073,126.998,8.840971
90650,36.37273,127.0033,8.84102
90710,36.43271,127.0026,8.847823
90770,36.49195,127.0007,8.843191
90830,36.55081,126.9987,8.841616
90890,36.60961,126.9966,8.832702
90950,36.66855,126.9937,8.829571
91010,36.72765,126.9917,8.822524
91070,36.78757,126.9963,8.825878
91130,36.84762,127.0031,8.819971
91190,36.9074,127.0103,8.819269
91250,36.96705,127.0179,8.817011
91310,37.02658,127.0251,8.810099
91370,37.08578,127.0308,8.804823
91430,37.14604,127.0436,8.808697
91490,37.20635,127.0572,8.804661
91550,37.26658,127.0716,8.802984
91610,37.32686,127.0843,8.800817
91670,37.38691,127.0968,8.79751
91730,37.44701,127.1124,8.793014
91790,37.50744,127.1383,8.791444
91850,37.53904,127.2018,8.797532
91910,37.48408,127.2404,8.793791
91970,37.41717,127.2362,8.795859
92030,37.35003,127.2762,8.791714
92090,37.28552,127.3327,8.796275
92150,37.25907,127.4207,8.694704
92210,37.25141,127.5175,8.420647
92270,37.24091,127.6102,8.176974
92330,37.21492,127.6998,7.669799
92390,37.16688,127.7704,7.068398
92450,37.12225,127.7433,6.93901
