src/Components/missions/KORUS-AQ/Tracks/KORUSAQ-DC8TRK_MODEL_20160506_RA.ICT
35,1001
Project Office
NSERC - National Suborbital Education and Research Center
DC-8 (N817NA) Data Acquisition and Distribution
KORUS-AQ 2016
1,1
2016,05,06,2016,05,09
1
UTC_mid,seconds, mid time UTC from midnight of the starting data collecting day 
3
1,1,1
-9999,-9999,-9999
Lat_60s, degN, 60 second average of IWG1 latitude
Lon_60s, degE, 60 second average of IWG1 longitude
AltP_60s, km, 60 second average of IWG1 pressure altitude
1
Data from IWG1 file posted on: http://asp-archive.arc.nasa.gov
17
PI_CONTACT_INFO: Melissa Yang melissa.yang@nasa.gov
Platform: DC-8 N817NA
LOCATION: Included in data records
ASSOCIATED_DATA: N/A
INSTRUMENT_INFO:http://www.nserc.und.edu/PDFs/ExperimenterHandbook.pdf
DATA_INFO: data averaged into 60s intervals
UNCERTAINTY: Reference DC-8 Experimenter Handbook located at https://airbornescience.nasa.gov/sites/default/files/DC8_Experimenter_Handbook_Jan2011v2.pdf
ULOD_FLAG: -7777
ULOD_VALUE: N/A
LLOD_FLAG: -8888
LLOD_VALUE: N/A;
DM_CONTACT_INFO: Gao Chen 
PROJECT_INFO: N/A
STIPULATIONS_ON_USE: N/A
OTHER_COMMENTS: N/A
REVISION: RA
UTC_mid,Lat_60s,Lon_60s,AltP_60s
82710,37.09372618,127.043332,0.01271524
82770,37.09155463,127.0128394,0.131673596
82830,37.08059402,126.9529896,0.567898262
82890,37.02666948,126.9434223,1.015933927
82950,37.0123501,127.018304,1.534510471
83010,37.05916218,127.0815812,1.838243661
83070,37.11557293,127.1391249,2.143988531
83130,37.17064477,127.194829,2.412359843
83190,37.22603415,127.2506762,2.427203602
83250,37.28073975,127.302186,2.315738246
83310,37.34773063,127.3123256,1.847062541
83370,37.41030408,127.3127834,1.818523102
83430,37.46233175,127.3144999,1.738391184
83490,37.51315783,127.3148917,1.514566392
83550,37.56271648,127.3141565,1.312544958
83610,37.6094971,127.298378,1.2528194
83670,37.64274213,127.2594567,1.25264668
83730,37.64990045,127.1984168,1.23606048
83790,37.62292957,127.1503858,0.965819729
83850,37.57335665,127.1355887,0.717885257
83910,37.52387237,127.126708,0.416300907
83970,37.4785881,127.1187344,0.152308555
84030,37.43244263,127.1151552,0.219679513
84090,37.39158438,127.1596556,0.583631021
84150,37.35228823,127.231493,0.759399016
84210,37.31585885,127.3047037,0.808700414
84270,37.29598048,127.3876877,0.649950419
84330,37.28363227,127.4700995,0.593587821
84390,37.28229033,127.549633,0.954501489
84450,37.28968903,127.6348399,1.341384117
84510,37.34029778,127.6689177,1.759676384
84570,37.3922425,127.6502295,2.167656251
84630,37.4011859,127.5767498,2.595199197
84690,37.39813618,127.499814,3.011967464
84750,37.34856038,127.461525,3.42197933
84810,37.28334902,127.5036363,3.830695797
84870,37.28275683,127.6099749,4.232366305
84930,37.34048652,127.6670638,4.637511532
84990,37.39419372,127.6380959,5.029291279
85050,37.40081972,127.5626993,5.426872386
85110,37.39358725,127.4875631,5.826871574
85170,37.33166602,127.4636078,6.137244324
85230,37.27396782,127.5353394,6.448064114
85290,37.30380823,127.6370573,6.743186704
85350,37.37533097,127.6540404,7.015698215
85410,37.40011882,127.5871782,7.263287248
85470,37.36601252,127.513607,7.302901086
85530,37.28458785,127.4543781,7.305009286
85590,37.19460302,127.3942623,7.308321446
85650,37.10340778,127.3326559,7.304552086
85710,37.01123138,127.2709951,7.302896006
85770,36.9080801,127.2616424,7.301874926
85830,36.81537152,127.368227,7.301819046
85890,36.72518638,127.4848137,7.302382926
85950,36.63411153,127.5997639,7.302850286
86010,36.54177478,127.7125769,7.301168806
86070,36.449049,127.8246002,7.300985926
86130,36.35642052,127.9365321,7.300818286
86190,36.26348875,128.049016,7.302062886
86250,36.16973593,128.1616459,7.302311806
86310,36.07502175,128.2751169,7.302763926
86370,35.97998712,128.3886051,7.301783486
86430,35.88563063,128.5008087,7.301112926
86490,35.7881155,128.6017169,7.301295806
86550,35.6781206,128.6689195,7.298638966
86610,35.56819437,128.7351036,7.300747166
86670,35.45813367,128.8006697,7.300726846
86730,35.34754083,128.8664933,7.302001926
86790,35.23673058,128.9321652,7.302194966
86850,35.14417082,129.0247822,7.299314606
86910,35.13721843,129.1795549,7.303708806
86970,35.15603255,129.340147,7.300376326
87030,35.17289262,129.5013342,7.301661566
87090,35.1882591,129.6631107,7.302398166
87150,35.2049418,129.8243752,7.300858926
87210,35.26505758,129.9609976,7.296505367
87270,35.3516722,130.0769662,7.302276246
87330,35.43768025,130.1939793,7.301839366
87390,35.52411178,130.3119392,7.300330606
87450,35.61086653,130.4307947,7.301128166
87510,35.69873715,130.548028,7.301514246
87570,35.79981418,130.5872641,7.296459647
87630,35.85157873,130.4996309,7.301808886
87690,35.86677648,130.3877592,7.299868326
87750,35.8801861,130.2761364,7.301412646
87810,35.89399622,130.1642475,7.299771806
87870,35.90800093,130.0517607,7.299761646
87930,35.92188265,129.9393025,7.301382166
87990,35.93543242,129.8264809,7.300305206
88050,35.9489908,129.7133961,7.300208686
88110,35.96232893,129.6005716,7.300808126
88170,35.97858808,129.4887944,7.302205126
88230,36.02628142,129.388916,7.297343566
88290,36.08303837,129.2918129,7.299385726
88350,36.13959217,129.1935854,7.298913286
88410,36.19639492,129.0940762,7.300884326
88470,36.253541,128.9940777,7.301224686
88530,36.3111048,128.8934126,7.301275486
88590,36.3687429,128.7919722,7.301006246
88650,36.42657277,128.6901398,7.300879246
88710,36.48430823,128.5879898,7.301214526
88770,36.54197788,128.4857826,7.299995326
88830,36.59902383,128.3843737,7.299959766
88890,36.65562915,128.2841721,7.299294286
88950,36.71226312,128.1844855,7.300076606
89010,36.76912878,128.0845785,7.300234086
89070,36.82577418,127.9843111,7.300792886
89130,36.88225365,127.8841667,7.300284886
89190,36.9385443,127.7844487,7.300467766
89250,36.99449158,127.6847105,7.299502566
89310,37.05020715,127.5851183,7.300610006
89370,37.11155028,127.4923353,7.302860446
89430,37.21073057,127.4727858,7.303429406
89490,37.28257948,127.5635462,7.295067727
89550,37.33579158,127.6577482,7.216983049
89610,37.38834575,127.6253157,6.758497824
89670,37.39788728,127.5462685,6.305549798
89730,37.38241197,127.4749202,5.841532453
89790,37.30789088,127.4765882,5.384037828
89850,37.25973128,127.5562734,4.933609482
89910,37.30387403,127.6429996,4.481047537
89970,37.37531662,127.6556053,4.023908511
90030,37.40122882,127.5860338,3.556817766
90090,37.39589312,127.5001946,3.090646501
90150,37.33448698,127.4643059,2.645343875
90210,37.28285135,127.5325584,2.247234448
90270,37.2915402,127.6308546,1.890938499
90330,37.34535882,127.6562404,1.774911303
90390,37.36261085,127.5969315,1.390919195
90450,37.31112385,127.5718918,0.959810089
90510,37.29236415,127.6385107,0.6150559
90570,37.34254933,127.6354724,0.566211702
90630,37.36309718,127.5661011,1.057615326
90690,37.31089782,127.5542249,1.634804908
90750,37.31121542,127.6191759,1.940062098
90810,37.34604837,127.59169,1.937080138
90870,37.30303292,127.529088,1.935170058
90930,37.24266247,127.478714,1.933849258
90990,37.18165393,127.4273586,1.934215018
91050,37.11815362,127.3739691,1.85965586
91110,37.05683328,127.3214922,1.598904549
91170,36.99741555,127.2706147,1.2598806
91230,36.93392088,127.2410231,0.859810292
91290,36.87854583,127.2932167,0.772794975
91350,36.83080107,127.3568344,1.016457167
91410,36.77964588,127.4217024,1.075476606
91470,36.7290573,127.4830255,1.071925686
91530,36.67594527,127.5478678,1.071128126
91590,36.62358283,127.6121292,0.93787973
91650,36.5747509,127.672554,0.815253614
91710,36.52421092,127.7329503,0.805007254
91770,36.47318745,127.7945967,0.815025014
91830,36.42104528,127.8591356,0.754212336
91890,36.3700447,127.9200039,0.769828255
91950,36.3188839,127.9812156,0.819241414
92010,36.26743127,128.0433798,1.081191605
92070,36.21502015,128.1066484,0.831326733
92130,36.15281868,128.1456099,0.6384493
92190,36.09362983,128.1829748,0.61157102
92250,36.03520768,128.2333632,0.794999655
92310,35.97585008,128.2838574,0.584194901
92370,35.91808033,128.3326807,0.533694623
92430,35.86058237,128.3826856,0.500684784
92490,35.80615142,128.443265,0.712337897
92550,35.75493908,128.5142813,1.063553846
92610,35.70665935,128.5845881,1.096126805
92670,35.6594982,128.6528349,1.005042408
92730,35.59961982,128.7118263,1.229039921
92790,35.53209402,128.7551022,1.010833608
92850,35.46547512,128.7963867,0.753389376
92910,35.39797495,128.8268995,0.758078216
92970,35.32571122,128.8241615,0.897122891
93030,35.27987193,128.8023577,0.906835851
93090,35.3218632,128.7704888,0.62954406
93150,35.32707025,128.8278837,0.801496974
93210,35.28306475,128.8917904,0.917097451
93270,35.22213653,128.9398355,0.909573971
93330,35.16160003,128.9770202,0.915959531
93390,35.1263696,129.0365754,0.93109285
93450,35.13397122,129.1128989,0.918326811
93510,35.14223095,129.1888647,0.648375619
93570,35.14627922,129.2699919,0.269143471
93630,35.14924055,129.3504925,0.184688474
93690,35.15958023,129.4256744,0.182661554
93750,35.17106437,129.5015488,0.180299354
93810,35.18062597,129.5853195,0.178257194
93870,35.18859958,129.6709528,0.179948834
93930,35.19600677,129.7516365,0.177124354
93990,35.20429515,129.8311558,0.177276754
94050,35.226677,129.9093189,0.180238394
94110,35.27081963,129.9689198,0.179039514
94170,35.3132887,130.0249128,0.177932074
94230,35.35753727,130.0845881,0.180136794
94290,35.40408037,130.14822,0.179964074
94350,35.45240593,130.2141037,0.180146954
94410,35.50088883,130.2808113,0.179771034
94470,35.54905132,130.3459511,0.178922674
94530,35.59513953,130.4094429,0.177718714
94590,35.64011765,130.4709435,0.178140354
94650,35.6846695,130.5316515,0.178511194
94710,35.7295017,130.5934525,0.179207154
94770,35.7765455,130.6545325,0.178917594
94830,35.82551765,130.6444445,0.178526434
94890,35.84356785,130.5699692,0.179720234
94950,35.85314083,130.490138,0.178902354
95010,35.8636265,130.4092798,0.179689754
95070,35.87402057,130.3284101,0.178948074
95130,35.88388253,130.2480984,0.178871874
95190,35.89382175,130.1683359,0.178714394
95250,35.9035864,130.0888625,0.178607714
95310,35.91329672,130.0095749,0.178333394
95370,35.92293545,129.9301872,0.179009034
95430,35.93227958,129.8523102,0.180324754
95490,35.94077108,129.7802811,0.177500274
95550,35.94885063,129.7131586,0.179882794
95610,35.95747378,129.6416988,0.329275429
95670,35.96601962,129.5729943,0.717880177
95730,35.97382738,129.5030708,0.896614891
95790,35.995697,129.4391584,0.892357851
95850,36.02781493,129.3872738,0.889675612
95910,36.06081962,129.3290377,0.891722851
95970,36.09611893,129.2679406,0.836955373
96030,36.13000485,129.209693,0.770950935
96090,36.16353902,129.1507616,0.852220773
96150,36.19694138,129.0938044,0.840653613
96210,36.2309618,129.0352308,0.884539732
96270,36.26663305,128.970583,0.905128971
96330,36.30224708,128.908513,1.022431247
96390,36.33652497,128.8494701,0.998788928
96450,36.37078857,128.7879639,0.810894974
96510,36.40556717,128.7275477,0.705611977
96570,36.43793962,128.6701384,0.63787018
96630,36.47210303,128.6145058,0.6375349
96690,36.51642327,128.5678539,0.676396898
96750,36.56718352,128.524415,0.595873821
96810,36.62064455,128.4878026,0.547918622
96870,36.6764861,128.451725,0.534741103
96930,36.72786423,128.4009275,0.92301057
96990,36.75050068,128.3233223,1.085946485
97050,36.76237392,128.2416458,1.301389278
97110,36.7706452,128.1573286,1.392402555
97170,36.78418922,128.0717469,1.461764873
97230,36.81604383,128.0000067,1.279189679
97290,36.84819603,127.9307729,1.052123846
97350,36.89026163,127.8683653,0.829142333
97410,36.92669103,127.805111,0.660049459
97470,36.96453382,127.739439,0.693546978
97530,37.00297742,127.6698933,0.669858939
97590,37.04023648,127.6027537,0.540613583
97650,37.07668307,127.5382147,0.439186306
97710,37.11312392,127.4773092,0.715817697
97770,37.15193937,127.4218855,0.92271593
97830,37.19193658,127.3710251,1.090234005
97890,37.25305077,127.3376941,1.470593913
97950,37.31115817,127.3028899,1.502369312
98010,37.36447623,127.2912112,1.505107432
98070,37.41903303,127.2970619,1.508333232
98130,37.47424223,127.3036537,1.502059432
98190,37.52941128,127.3102255,1.498300232
98250,37.5820799,127.3143769,1.322577958
98310,37.6299934,127.3093901,1.25214376
98370,37.6458979,127.2564897,1.25212852
98430,37.64698508,127.1976614,1.002979928
98490,37.61715892,127.1570463,0.853582213
98550,37.57573415,127.1369877,0.725581457
98610,37.53167153,127.12815,0.464052905
98670,37.48677637,127.1202993,0.199928474
98730,37.44215295,127.1126976,0.166466515
98790,37.38827128,127.1185627,0.603869741
98850,37.32043363,127.1371536,1.131702044
98910,37.25053025,127.1536246,1.225189281
98970,37.18046952,127.1687479,1.232108241
99030,37.11249733,127.1833105,1.229801921
99090,37.04125213,127.1991406,1.229045001
99150,36.96699142,127.216218,1.228247441
99210,36.90572547,127.2608585,1.226769161
99270,36.85636428,127.3260326,1.226642161
99330,36.80582715,127.3895444,1.218879921
99390,36.75451185,127.4519262,1.219580961
99450,36.70588307,127.5107603,1.217457521
99510,36.65999798,127.5674658,1.220099121
99570,36.6123333,127.6255303,1.219641921
99630,36.56624507,127.681632,1.221130361
99690,36.51794242,127.7405749,1.23482096
99750,36.467042,127.802845,1.514896592
99810,36.4149485,127.8666573,1.313738758
99870,36.36162473,127.9297686,1.219037401
99930,36.30912782,127.9934435,1.222349561
99990,36.2563076,128.057004,1.224224081
100050,36.2030182,128.1213512,1.220957641
100110,36.15017512,128.1854782,1.221252281
100170,36.09836197,128.2473135,1.222710241
100230,36.04659463,128.3083363,1.219961961
100290,35.99480438,128.3718109,1.224899721
100350,35.94240475,128.4339809,1.222146361
100410,35.89336398,128.4919338,1.221221801
100470,35.8446064,128.5500098,1.221882201
100530,35.79196933,128.6016713,1.221938081
100590,35.73057455,128.6374111,1.221450401
100650,35.66711142,128.6644879,1.220383601
100710,35.60498135,128.6985827,1.220688401
100770,35.54529473,128.7405195,1.224071681
100830,35.48499302,128.7849197,1.223777041
100890,35.41746138,128.8252087,1.220520761
100950,35.35466483,128.8620816,1.471462593
101010,35.28880692,128.9010716,1.421201075
101070,35.22123525,128.9416752,1.23834648
101130,35.1591054,128.9780245,1.24576836
101190,35.12639525,129.0364609,1.24381256
101250,35.13442038,129.11374,1.24579376
101310,35.14219947,129.1892309,1.082446365
101370,35.14832222,129.2660924,0.711418417
101430,35.15302272,129.3454056,0.446770746
101490,35.16023255,129.4210539,0.32344359
101550,35.17256927,129.5052023,0.32212279
101610,35.18139837,129.5931129,0.32146747
101670,35.18925477,129.6787205,0.32064959
101730,35.19725412,129.7618933,0.32117283
101790,35.20506478,129.843484,0.32091883
101850,35.23044203,129.9154243,0.31927291
101910,35.27944852,129.9793539,0.32339279
101970,35.32756797,130.0448884,0.32221423
102030,35.37498375,130.1080485,0.31968439
102090,35.42233372,130.1732912,0.32113727
102150,35.47247028,130.2429056,0.32174687
102210,35.5254278,130.3139877,0.32119823
102270,35.5779219,130.386137,0.32131507
102330,35.63099102,130.4580574,0.32074611
102390,35.68353938,130.5289421,0.32037527
102450,35.73382188,130.5995179,0.32059879
102510,35.78871058,130.6544409,0.31973011
102570,35.83428958,130.6100893,0.32044639
102630,35.8495245,130.5223245,0.32071563
102690,35.86142063,130.4272613,0.32213295
102750,35.87296485,130.3358602,0.32210247
102810,35.88359642,130.2471027,0.31991807
102870,35.89503478,130.1564541,0.31989775
102930,35.90653038,130.0655708,0.32203135
102990,35.91731072,129.9773454,0.32132523
103050,35.9276104,129.8913317,0.32102551
103110,35.93783857,129.8068685,0.32099503
103170,35.94774055,129.7228918,0.32125919
103230,35.9575653,129.6407089,0.454919065
103290,35.96656322,129.5635815,0.821832214
103350,35.9757557,129.4941273,1.199479402
103410,35.99988842,129.4335823,1.225392481
103470,36.03157997,129.380619,1.222816921
103530,36.06194685,129.3280964,1.224401881
103590,36.0954265,129.2700691,1.224452681
103650,36.13275718,129.2051582,1.223782121
103710,36.17062282,129.1379843,1.223726241
103770,36.20890902,129.0728273,1.222862641
103830,36.2455759,129.0090122,1.222461321
103890,36.28076078,128.9467993,1.221892361
103950,36.31651497,128.8836423,1.224361241
104010,36.3557596,128.815052,1.223624641
104070,36.39504717,128.7437096,1.222689921
104130,36.4339514,128.6774139,1.224874321
104190,36.47065543,128.6128349,1.220271841
104250,36.50738237,128.5572682,1.223528121
104310,36.5609465,128.5244694,1.222959161
104370,36.61636733,128.4964314,1.222603561
104430,36.66871262,128.466505,1.223009961
104490,36.71779917,128.4240218,1.224076761
104550,36.74566272,128.3608532,1.222872801
104610,36.75908373,128.2862091,1.227581961
104670,36.77316278,128.2078772,1.302567838
104730,36.7805987,128.1321802,1.388084556
104790,36.79276938,128.0543518,1.309324238
104850,36.82669832,127.9825802,1.233627161
104910,36.8620777,127.9192657,1.232890561
104970,36.89458455,127.8622141,1.23665992
105030,36.92769818,127.8029223,1.23687836
105090,36.962883,127.7412957,1.23479556
105150,36.9970407,127.6811142,1.23652276
105210,37.03177647,127.6180601,1.23533404
105270,37.06867503,127.5518217,1.23693424
105330,37.09600922,127.4812574,1.292285919
105390,37.0904474,127.3993235,1.488714272
105450,37.07558157,127.3275088,1.57093915
105510,37.04033088,127.2692213,1.785025583
105570,36.99689197,127.2140236,1.843394781
105630,36.93508243,127.219099,1.935627258
