src/Components/missions/KORUS-AQ/Tracks/KORUSAQ-B200TRK_MODEL_20160529_RA.ICT
35,1001
GeoTASO Team
NASA GSFC
B-200 (N817NA) GeoTASO
KORUS-AQ 2016
1,1
2016,05,29,2016,06,06
1
UTC_mid,seconds, mid time UTC from midnight of the starting data collecting day 
3
1,1,1
-9999,-9999,-9999
Lat, degN, 60 second average of latitude
Lon, degE, 60 second average of longitude
AltGPS, km, 60 second average of GPS altitude
1
Data from GeoTASO instrument
17
PI_CONTACT_INFO: Scott Janz
Platform: B-200 King Air
LOCATION: Included in data records
ASSOCIATED_DATA: N/A
INSTRUMENT_INFO:http://www.nserc.und.edu/PDFs/ExperimenterHandbook.pdf
DATA_INFO: data averaged into 60s intervals
UNCERTAINTY: Reference DC-8 Experimenter Handbook located at https://airbornescience.nasa.gov/sites/default/files/DC8_Experimenter_Handbook_Jan2011v2.pdf
ULOD_FLAG: -7777
ULOD_VALUE: N/A
LLOD_FLAG: -8888
LLOD_VALUE: N/A;
DM_CONTACT_INFO: Gao Chen 
PROJECT_INFO: N/A
STIPULATIONS_ON_USE: N/A
OTHER_COMMENTS: N/A
REVISION: RA
UTC_mid,Lat,Lon,AltGPS
79230,37.08789919,127.0292558,0.036353801
79290,37.08790049,127.0292555,0.036296604
79350,37.0879018,127.0292553,0.036239407
79410,37.08790311,127.029255,0.03618221
79470,37.08790442,127.0292547,0.036125013
79530,37.08790573,127.0292544,0.036067816
79590,37.08790704,127.0292541,0.036010619
79650,37.08790834,127.0292538,0.035953422
79710,37.08790965,127.0292535,0.035896225
79770,37.08791096,127.0292532,0.035839028
79830,37.08791227,127.0292529,0.035781831
79890,37.08791358,127.0292526,0.035724634
79950,37.08791489,127.0292523,0.035667437
80010,37.08791619,127.029252,0.03561024
80070,37.0879175,127.0292518,0.035553043
80130,37.08791881,127.0292515,0.035495846
80190,37.08792012,127.0292512,0.035438649
80250,37.08792143,127.0292509,0.035381452
80310,37.08792274,127.0292506,0.035324255
80370,37.08792404,127.0292503,0.035267058
80430,37.08792535,127.02925,0.035209861
80490,37.08792666,127.0292497,0.035152664
80550,37.08792797,127.0292494,0.035095467
80610,37.08792928,127.0292491,0.03503827
80670,37.08793059,127.0292488,0.034981073
80730,37.0879319,127.0292485,0.034923876
80790,37.0879332,127.0292483,0.034866679
80850,37.08793451,127.029248,0.034809482
80910,37.08793582,127.0292477,0.034752285
80970,37.08793713,127.0292474,0.034695088
81030,37.08793844,127.0292471,0.034637891
81090,37.08793975,127.0292468,0.034580694
81150,37.08794105,127.0292465,0.034523497
81210,37.08794236,127.0292462,0.0344663
81270,37.08794367,127.0292459,0.034409103
81330,37.0879359,127.0292441,0.034397321
81390,37.08795129,127.0292185,0.035979208
81450,37.08791195,127.0292426,0.035380834
81510,37.08789516,127.0292557,0.035913399
81570,37.08789316,127.0292555,0.034673279
81630,37.08789122,127.0292547,0.034324892
81690,37.08789144,127.0292545,0.034414953
81750,37.08789033,127.0292558,0.034674501
81810,37.08789129,127.0292582,0.035127296
81870,37.0878924,127.0292573,0.03494314
81930,37.08789279,127.0292565,0.034534137
81990,37.08824194,127.0297393,0.034818356
82050,37.0889883,127.0332526,0.035599503
82110,37.08943399,127.0386073,0.036055447
82170,37.09022794,127.0435843,0.036200919
82230,37.09115475,127.045249,0.036208357
82290,37.09117706,127.0452259,0.036409426
82350,37.09161929,127.0424602,0.036047333
82410,37.088491,127.006361,0.233913657
82470,37.07152491,126.9591502,0.724033247
82530,37.04428582,126.9837708,1.209216622
82590,37.07011984,127.0284043,1.571462542
82650,37.09577111,127.0767058,1.967712379
82710,37.10300127,127.1413926,2.325533335
82770,37.10931317,127.2095801,2.711981477
82830,37.11492709,127.2833436,2.90802855
82890,37.12073117,127.3581266,3.288872149
82950,37.12743332,127.4307524,3.678979459
83010,37.13413729,127.5036551,4.047915147
83070,37.13983228,127.5787985,4.343983193
83130,37.14491929,127.6546297,4.721780742
83190,37.15117214,127.7300254,5.031224956
83250,37.15706043,127.8067708,5.348919417
83310,37.18905511,127.847275,5.611090271
83370,37.21701811,127.8095009,5.86377442
83430,37.23547196,127.7585162,6.13820417
83490,37.25191733,127.7087492,6.386395652
83550,37.26800875,127.6604378,6.653603941
83610,37.28421636,127.6135546,6.882719553
83670,37.29974524,127.5672108,7.104279174
83730,37.31539226,127.5218596,7.299240703
83790,37.33030566,127.4763114,7.496891359
83850,37.34431832,127.4316234,7.685448418
83910,37.3582875,127.3883805,7.854082268
83970,37.37151176,127.3452755,8.01604424
84030,37.38496687,127.3036174,8.214288883
84090,37.39839162,127.2624278,8.385689037
84150,37.4118469,127.2207099,8.530673798
84210,37.42548505,127.1785435,8.678262856
84270,37.44126477,127.1373731,8.791141825
84330,37.48073041,127.1199696,8.828000572
84390,37.53226701,127.1252671,8.821219077
84450,37.54799028,127.1977103,8.828899334
84510,37.52631529,127.2949459,8.825278856
84570,37.52549263,127.3957438,8.827494849
84630,37.52995634,127.4973543,8.841654865
84690,37.51572167,127.5912794,8.824317282
84750,37.45764743,127.6067191,8.825192407
84810,37.41318885,127.5688963,8.833968988
84870,37.37245583,127.5267314,8.846326583
84930,37.33496392,127.4823867,8.845206269
84990,37.32261614,127.427566,8.842320353
85050,37.31410094,127.371146,8.836562682
85110,37.30309111,127.3147292,8.828164599
85170,37.30074051,127.2588078,8.819228912
85230,37.30440648,127.2027947,8.805086896
85290,37.30869138,127.1472529,8.815821193
85350,37.31587755,127.0924354,8.812119744
85410,37.32493469,127.0378755,8.817676556
85470,37.33434525,126.9838253,8.821953116
85530,37.34295826,126.9295961,8.825898695
85590,37.35106845,126.8753794,8.823427851
85650,37.35948373,126.8211557,8.82378484
85710,37.36920992,126.7672249,8.830642091
85770,37.37887253,126.7132585,8.832153028
85830,37.38778617,126.6587542,8.822734426
85890,37.39625817,126.6041148,8.821885021
85950,37.40532221,126.5502796,8.826941974
86010,37.41164563,126.496473,8.830447714
86070,37.41116186,126.4414841,8.824464116
86130,37.40933755,126.3866226,8.815229716
86190,37.40850212,126.3322048,8.822785255
86250,37.4094125,126.2784805,8.82241782
86310,37.40843173,126.2246149,8.82352712
86370,37.40757956,126.1711196,8.820758325
86430,37.40658461,126.1182181,8.823577989
86490,37.40602839,126.0657793,8.825045768
86550,37.40573109,126.0136972,8.829502883
86610,37.4062089,125.9621816,8.833481393
86670,37.40603281,125.9108625,8.831204103
86730,37.40535679,125.8596711,8.831007983
86790,37.40500722,125.8084773,8.833395842
86850,37.40473283,125.7569424,8.835375151
86910,37.40428648,125.7050338,8.836338664
86970,37.40334197,125.6529863,8.834407174
87030,37.40253325,125.6009462,8.835484634
87090,37.40160285,125.5488567,8.834755251
87150,37.40117548,125.4968057,8.832230669
87210,37.40067343,125.4448348,8.83159716
87270,37.39999069,125.392672,8.833067189
87330,37.39925742,125.3403392,8.832306014
87390,37.39809874,125.2878242,8.83681866
87450,37.39729158,125.2350304,8.837191702
87510,37.39680445,125.1819627,8.838086253
87570,37.39612481,125.1288283,8.839206779
87630,37.3952459,125.0756104,8.838096798
87690,37.39411216,125.0223948,8.841106826
87750,37.39312336,124.9689958,8.841554233
87810,37.39185417,124.915472,8.839888681
87870,37.39048916,124.862085,8.838151602
87930,37.37760403,124.8100711,8.837989713
87990,37.35194072,124.7601301,8.840084616
88050,37.32661057,124.710143,8.842916991
88110,37.30247777,124.659632,8.842913833
88170,37.27781642,124.6089684,8.843858042
88230,37.2529566,124.5578706,8.849568681
88290,37.22671665,124.5075072,8.869667179
88350,37.20015673,124.4572244,8.868097395
88410,37.18253877,124.4041596,8.857821475
88470,37.17804907,124.3495307,8.847462811
88530,37.14250517,124.3062396,8.844544706
88590,37.08146917,124.2892101,8.851220534
88650,37.01492195,124.2848772,8.862261541
88710,36.94773638,124.282335,8.87220638
88770,36.87989883,124.2828343,8.879173856
88830,36.8121337,124.2827511,8.882333801
88890,36.74474358,124.2819025,8.89008844
88950,36.67736034,124.2825668,8.900179185
89010,36.61011457,124.2829886,8.898992847
89070,36.5426797,124.2818961,8.871663724
89130,36.47452137,124.2832545,8.864476071
89190,36.40700217,124.2819651,8.874100745
89250,36.33966208,124.2812076,8.889493132
89310,36.27243277,124.2800793,8.892373711
89370,36.20578329,124.2789182,8.900583053
89430,36.13887245,124.2790873,8.889965434
89490,36.07165518,124.280143,8.894123852
89550,36.00484398,124.2804814,8.901613896
89610,35.93801296,124.2823228,8.911542031
89670,35.8717784,124.2836175,8.923013671
89730,35.80659949,124.2835934,8.925632518
89790,35.74111385,124.2836127,8.913497886
89850,35.67537778,124.2836858,8.919914476
89910,35.61053702,124.2828745,8.925014638
89970,35.54576368,124.2818458,8.913321203
90030,35.48064829,124.2816126,8.919080363
90090,35.41555761,124.2822575,8.932494601
90150,35.35043171,124.2820806,8.935452901
90210,35.28497096,124.281927,8.936335981
90270,35.2195436,124.2821909,8.938676463
90330,35.154507,124.2821935,8.945720703
90390,35.08951134,124.2819283,8.943069217
90450,35.02416224,124.2816914,8.947399318
90510,34.95872772,124.2817322,8.954169415
90570,34.89314258,124.2823864,8.951760243
90630,34.82735346,124.283224,8.951622753
90690,34.77104558,124.310905,8.946912242
90750,34.79570623,124.3506632,8.938680403
90810,34.85118281,124.3498345,8.944396498
90870,34.90815185,124.3495669,8.949011685
90930,34.96600259,124.349759,8.949689629
90990,35.02424097,124.3490861,8.951108003
91050,35.08324761,124.3495891,8.944168333
91110,35.14255147,124.3500244,8.944015337
91170,35.19870514,124.3457099,8.948458035
91230,35.1852636,124.3191581,8.944396552
91290,35.12221146,124.3166751,8.944758108
91350,35.05794253,124.3166918,8.947766402
91410,34.9935771,124.3162927,8.949296584
91470,34.92889104,124.3166852,8.948689081
91530,34.86430829,124.3162694,8.953347695
91590,34.80662835,124.3038008,8.953198127
91650,34.80502197,124.2612218,8.960486267
91710,34.8588333,124.2499942,8.966986401
91770,34.91825751,124.2498903,8.946723166
91830,34.97841828,124.2501129,8.946809384
91890,35.03863306,124.250092,8.94590394
91950,35.09871885,124.2501339,8.953135948
92010,35.15875694,124.2504385,8.946789704
92070,35.21137407,124.2415826,8.947840757
92130,35.18535775,124.2150708,8.92755651
92190,35.12061944,124.2165826,8.943518751
92250,35.05637067,124.2163721,8.953099144
92310,34.99213243,124.216245,8.953849013
92370,34.92794989,124.2162917,8.961889911
92430,34.86350715,124.2164475,8.962424654
92490,34.80090129,124.2285816,8.967955063
92550,34.78479142,124.3032342,8.955508472
92610,34.83423309,124.3180317,8.932711227
92670,34.89264434,124.3164466,8.938404538
92730,34.95239888,124.3198821,8.944728097
92790,35.01354886,124.3305475,8.958381548
92850,35.07049311,124.3246723,8.968241547
92910,35.12578649,124.3104961,8.950818823
92970,35.1812412,124.2960276,8.949819109
93030,35.23582402,124.2811103,8.961259439
93090,35.29402376,124.2770585,8.943964637
93150,35.35403501,124.2780965,8.932063899
93210,35.41398442,124.2805409,8.925804545
93270,35.47427303,124.2837821,8.914312949
93330,35.53367448,124.2834724,8.928096129
93390,35.59237379,124.2836572,8.941859381
93450,35.65094027,124.2830989,8.931072103
93510,35.71003892,124.2835343,8.927570203
93570,35.76926095,124.2839063,8.913293058
93630,35.82883945,124.2849914,8.905523252
93690,35.88776587,124.2858699,8.91159428
93750,35.94615686,124.286136,8.915085006
93810,36.00414321,124.2852134,8.915553673
93870,36.06241741,124.2839678,8.913285074
93930,36.12110599,124.2838896,8.909717275
93990,36.17975507,124.2841231,8.906922655
94050,36.238078,124.2839438,8.906504831
94110,36.2962427,124.2841107,8.907301298
94170,36.3539464,124.284362,8.902575132
94230,36.41123001,124.2834656,8.89660097
94290,36.46825806,124.2833353,8.898232156
94350,36.52515857,124.2833476,8.895329622
94410,36.58184448,124.2835129,8.893719294
94470,36.63822231,124.2835495,8.890482716
94530,36.69418797,124.2828421,8.890640596
94590,36.75040478,124.2830769,8.884910087
94650,36.80688623,124.2837071,8.884028641
94710,36.86362745,124.2838039,8.880238457
94770,36.92061768,124.2834928,8.878253698
94830,36.97789838,124.2838344,8.87466868
94890,37.03512983,124.2842608,8.874968022
94950,37.09236686,124.2857398,8.869996476
95010,37.14636712,124.3263825,8.863471661
95070,37.17542937,124.4175974,8.857646846
95130,37.18129367,124.5227237,8.861988986
95190,37.18453937,124.6292701,8.853167942
95250,37.18680232,124.7358381,8.86138983
95310,37.18943609,124.8421545,8.860147214
95370,37.19138879,124.9486772,8.862529369
95430,37.19245115,125.055406,8.861211631
95490,37.19285037,125.162503,8.849275504
95550,37.19531988,125.269842,8.836979707
95610,37.19891508,125.3773005,8.837549066
95670,37.20080359,125.4849045,8.843997467
95730,37.20190368,125.5924806,8.851185622
95790,37.2029423,125.6999861,8.852999773
95850,37.20471118,125.8078801,8.836958456
95910,37.20488421,125.9160215,8.849066308
95970,37.20424744,126.023968,8.849592746
96030,37.20471274,126.1318333,8.844961298
96090,37.2076247,126.2395513,8.851501821
96150,37.20809687,126.3479653,8.854488256
96210,37.21064092,126.4562787,8.865718834
96270,37.21198503,126.564665,8.862379082
96330,37.21034522,126.6741793,8.862395127
96390,37.21163143,126.7835895,8.846970141
96450,37.21383039,126.8932415,8.843719471
96510,37.24108574,126.9828675,8.861778677
96570,37.29595391,127.036075,8.819383805
96630,37.35522838,127.0666318,8.827483222
96690,37.41387922,127.0954409,8.842093607
96750,37.47175623,127.1147764,8.830052672
96810,37.52779564,127.1259784,8.820245688
96870,37.54544333,127.2078357,8.799882187
96930,37.53005314,127.3169446,8.849406082
96990,37.52732347,127.4287529,8.825198757
97050,37.51897052,127.5366328,8.838143813
97110,37.45913016,127.57521,8.786493259
97170,37.39905612,127.5600795,8.822623968
97230,37.3629811,127.5180945,8.834128275
97290,37.33252626,127.4721482,8.846135669
97350,37.32470665,127.419204,8.84256364
97410,37.31905875,127.36494,8.839908492
97470,37.31267777,127.3104475,8.842597666
97530,37.28589907,127.2639749,8.857584173
97590,37.23694598,127.28561,8.62545439
97650,37.23070442,127.3935828,7.62088797
97710,37.23614983,127.5024855,6.541205178
97770,37.23907475,127.6022196,5.358134921
97830,37.20086232,127.65902,4.265657038
97890,37.16889908,127.6275839,3.531346821
97950,37.15935326,127.5824123,3.015286341
98010,37.14954738,127.5358058,2.612041688
98070,37.13843296,127.4849622,2.276230578
98130,37.12803886,127.434017,2.023175116
98190,37.11948334,127.3797615,1.762925717
98250,37.11460879,127.3247805,1.469403981
98310,37.11026034,127.2711023,1.19848826
98370,37.10561016,127.2156323,0.911914301
98430,37.10159099,127.1636197,0.621140381
98490,37.0977003,127.1175817,0.409434389
98550,37.09419971,127.0728681,0.190163955
98610,37.09128731,127.0376162,0.042541067
98670,37.08954962,127.0297413,0.034623056
98730,37.08795712,127.029523,0.034365395
98790,37.08777877,127.0293561,0.034294277
98850,37.08778004,127.0293562,0.034441529
98910,37.08778282,127.0293538,0.034410832
98970,37.08778568,127.0293514,0.034372496
99030,37.08778854,127.029349,0.03433416
99090,37.0877914,127.0293465,0.034295824
99150,37.08779427,127.0293441,0.034257487
99210,37.08779713,127.0293416,0.034219151
99270,37.08779999,127.0293392,0.034180815
99330,37.08780285,127.0293368,0.034142479
