src/Components/missions/KORUS-AQ/Tracks/KORUSAQ-DC8TRK_MODEL_20160512_RA.ICT
35,1001
Project Office
NSERC - National Suborbital Education and Research Center
DC-8 (N817NA) Data Acquisition and Distribution
KORUS-AQ 2016
1,1
2016,05,12,2016,05,15
1
UTC_mid,seconds, mid time UTC from midnight of the starting data collecting day 
3
1,1,1
-9999,-9999,-9999
Lat, degN, 60 second average of IWG1 latitude
Lon, degE, 60 second average of IWG1 longitude
AltP, km, 60 second average of IWG1 pressure altitude
1
Data from IWG1 file posted on: http://asp-archive.arc.nasa.gov
17
PI_CONTACT_INFO: Melissa Yang melissa.yang@nasa.gov
Platform: DC-8 N817NA
LOCATION: Included in data records
ASSOCIATED_DATA: N/A
INSTRUMENT_INFO:http://www.nserc.und.edu/PDFs/ExperimenterHandbook.pdf
DATA_INFO: data averaged into 60s intervals
UNCERTAINTY: Reference DC-8 Experimenter Handbook located at https://airbornescience.nasa.gov/sites/default/files/DC8_Experimenter_Handbook_Jan2011v2.pdf
ULOD_FLAG: -7777
ULOD_VALUE: N/A
LLOD_FLAG: -8888
LLOD_VALUE: N/A;
DM_CONTACT_INFO: Gao Chen 
PROJECT_INFO: N/A
STIPULATIONS_ON_USE: N/A
OTHER_COMMENTS: N/A
REVISION: RA
UTC_mid,Lat,Lon,AltP_60s
82630,37.09379,127.0439,-0.03192
82690,37.0924,127.0282,0.024775
82750,37.08521,126.9753,0.480868
82810,37.04558,126.9221,1.014552
82870,36.99393,126.9531,1.757863
82930,37.02373,127.0309,2.053178
82990,37.07994,127.0964,2.096866
83050,37.13796,127.1541,2.098573
83110,37.19518,127.2128,2.101063
83170,37.2525,127.2721,2.111746
83230,37.31295,127.3208,2.596647
83290,37.35898,127.2671,3.111231
83350,37.36899,127.1532,3.656807
83410,37.37738,127.0382,4.402054
83470,37.38504,126.9271,4.959238
83530,37.39187,126.8089,5.409732
83590,37.40115,126.6869,6.0963
83650,37.40906,126.5648,6.633464
83710,37.41569,126.4414,7.173732
83770,37.41147,126.3162,7.531796
83830,37.41022,126.1875,7.988178
83890,37.40939,126.058,8.285398
83950,37.40504,125.9242,8.492962
84010,37.40489,125.7914,8.537239
84070,37.40287,125.6608,8.534445
84130,37.40137,125.5306,8.53091
84190,37.3995,125.3989,8.533719
84250,37.39746,125.2652,8.534872
84310,37.39521,125.1297,8.536203
84370,37.39277,124.9929,8.536777
84430,37.38625,124.8568,8.531225
84490,37.33993,124.7371,8.539073
84550,37.2831,124.6233,8.535985
84610,37.22719,124.5094,8.534689
84670,37.15311,124.4197,8.527704
84730,37.03868,124.4039,8.5392
84790,36.92119,124.3953,8.53598
84850,36.80352,124.3853,8.535497
84910,36.68555,124.3753,8.536157
84970,36.56709,124.3661,8.534877
85030,36.44858,124.3568,8.534542
85090,36.33009,124.3477,8.535487
85150,36.21325,124.3386,8.534263
85210,36.09742,124.3295,8.532505
85270,35.9808,124.3206,8.533358
85330,35.86323,124.3115,8.535228
85390,35.7445,124.3023,8.53474
85450,35.62466,124.2931,8.533932
85510,35.5053,124.2842,8.529249
85570,35.39864,124.2762,8.491784
85630,35.29883,124.2683,7.557937
85690,35.18722,124.2592,6.294795
85750,35.07175,124.2583,5.370693
85810,34.95866,124.2602,4.588896
85870,34.8556,124.251,4.275165
85930,34.76745,124.2414,4.256186
85990,34.68269,124.2326,3.691631
86050,34.59262,124.2225,3.200232
86110,34.50826,124.2132,2.831272
86170,34.43017,124.2015,2.596403
86230,34.35828,124.1937,2.441605
86290,34.28788,124.1907,2.439345
86350,34.20714,124.1866,2.439223
86410,34.11522,124.1799,2.441463
86470,34.01343,124.1727,2.44442
86530,33.9087,124.1644,2.443246
86590,33.80373,124.1567,2.441433
86650,33.69981,124.149,2.440163
86710,33.59792,124.142,2.824942
86770,33.50183,124.1336,3.731387
86830,33.40059,124.1275,4.346793
86890,33.29481,124.1219,4.995682
86950,33.18342,124.1158,5.616483
87010,33.07278,124.1078,6.333866
87070,32.95747,124.0986,6.714693
87130,32.83828,124.0909,7.256297
87190,32.71775,124.0819,7.684714
87250,32.59404,124.0969,7.918399
87310,32.5182,124.2173,8.215325
87370,32.56179,124.3508,8.205226
87430,32.67578,124.3719,8.215355
87490,32.77966,124.3134,8.226648
87550,32.88213,124.2521,8.218266
87610,32.98575,124.194,8.217575
87670,33.08641,124.1313,8.219191
87730,33.19357,124.0965,8.220374
87790,33.31062,124.1175,8.216239
87850,33.42809,124.1288,8.217306
87910,33.54553,124.1385,8.217316
87970,33.66269,124.1467,8.21789
88030,33.77474,124.1546,8.215462
88090,33.87883,124.1622,8.21152
88150,33.97654,124.1694,8.211891
88210,34.06915,124.1761,8.212053
88270,34.15836,124.183,8.213776
88330,34.24603,124.1892,8.21023
88390,34.33836,124.1931,7.234824
88450,34.45549,124.1968,5.719846
88510,34.57154,124.2238,5.113731
88570,34.68092,124.2427,4.505548
88630,34.78507,124.2369,3.8662
88690,34.88348,124.2327,3.442853
88750,34.97496,124.2371,2.968843
88810,35.06325,124.2517,2.434016
88870,35.13002,124.2896,2.127438
88930,35.09045,124.3374,2.213036
88990,35.02225,124.2918,2.356861
89050,34.95279,124.2438,2.46699
89110,34.86755,124.236,2.448037
89170,34.77968,124.23,2.45108
89230,34.69254,124.223,2.556993
89290,34.60983,124.2159,2.856027
89350,34.52701,124.2103,2.976499
89410,34.44251,124.2039,3.099262
89470,34.35746,124.1975,3.210382
89530,34.27226,124.191,3.313877
89590,34.1872,124.1822,3.428136
89650,34.10204,124.1752,3.550158
89710,34.01725,124.169,3.694404
89770,33.93352,124.1628,3.851778
89830,33.85081,124.1567,4.008623
89890,33.76919,124.1508,4.188394
89950,33.68799,124.1447,4.481662
90010,33.60077,124.1385,4.805446
90070,33.50709,124.1316,4.871644
90130,33.41252,124.1241,4.867829
90190,33.31843,124.1173,4.867021
90250,33.22353,124.1105,4.866863
90310,33.13198,124.1272,4.867056
90370,33.10671,124.2364,4.867397
90430,33.12575,124.3631,4.888154
90490,33.14251,124.4904,5.08666
90550,33.1585,124.6186,5.432755
90610,33.17418,124.7469,5.809945
90670,33.18951,124.8748,6.185581
90730,33.20467,125.0018,6.558112
90790,33.21952,125.1275,6.915465
90850,33.23446,125.2551,7.002653
90910,33.25014,125.3893,7.002683
90970,33.26612,125.5289,7.003648
91030,33.28246,125.6728,7.00436
91090,33.299,125.8192,7.005045
91150,33.31494,125.9627,7.002841
91210,33.32995,126.101,7.000098
91270,33.34463,126.2358,6.999407
91330,33.35893,126.3682,7.000458
91390,33.37281,126.499,7.000052
91450,33.39575,126.6244,6.997547
91510,33.46124,126.7238,7.008124
91570,33.53244,126.8191,7.003831
91630,33.60342,126.9142,7.003516
91690,33.67423,127.0089,7.002998
91750,33.7447,127.1033,7.002881
91810,33.81505,127.1975,7.00406
91870,33.88532,127.2921,7.004146
91930,33.95578,127.3871,7.002389
91990,34.02641,127.4825,7.003201
92050,34.09747,127.5788,7.003328
92110,34.16909,127.6762,7.001642
92170,34.24098,127.7742,7.001677
92230,34.31282,127.8725,7.002343
92290,34.38479,127.9713,7.002577
92350,34.4572,128.0707,7.002211
92410,34.52975,128.171,7.001495
92470,34.60273,128.2718,7.001952
92530,34.67633,128.374,7.002836
92590,34.75074,128.4776,7.002704
92650,34.82595,128.5824,7.003445
92710,34.9018,128.6887,7.001886
92770,34.97824,128.7959,7.003339
92830,35.05501,128.9042,7.00312
92890,35.13853,129.0038,6.999341
92950,35.2438,129.065,7.004471
93010,35.35171,129.1246,7.003613
93070,35.46066,129.1857,7.003486
93130,35.57065,129.2471,7.00374
93190,35.68158,129.3091,7.00313
93250,35.79327,129.3713,7.002302
93310,35.90387,129.4366,7.00822
93370,35.96906,129.5526,7.004299
93430,35.95414,129.698,6.996196
93490,35.93451,129.8431,7.002028
93550,35.91573,129.9881,7.001682
93610,35.89786,130.1328,7.001566
93670,35.88017,130.2768,7.002963
93730,35.86225,130.4204,7.002079
93790,35.84418,130.564,7.002241
93850,35.83842,130.7073,6.997944
93910,35.90452,130.8281,7.00438
93970,35.98834,130.9385,7.002968
94030,36.07152,131.0497,7.004197
94090,36.15488,131.1609,7.003349
94150,36.23859,131.2722,7.002876
94210,36.32194,131.3835,7.003359
94270,36.40526,131.4951,7.001931
94330,36.48857,131.607,7.002429
94390,36.57164,131.7192,7.002952
94450,36.6547,131.8317,7.003186
94510,36.73813,131.9447,7.002556
94570,36.82133,132.0584,7.002688
94630,36.90502,132.1712,6.761922
94690,36.9887,132.2837,6.02424
94750,37.07189,132.3956,5.255057
94810,37.1498,132.5085,4.541144
94870,37.22906,132.6169,3.813652
94930,37.30864,132.7155,3.170428
94990,37.40456,132.7299,2.629311
95050,37.49448,132.7064,2.374722
95110,37.57893,132.6875,1.804634
95170,37.64276,132.635,1.190757
95230,37.64302,132.5372,0.89946
95290,37.63904,132.4463,0.585556
95350,37.63759,132.3584,0.261178
95410,37.63806,132.2753,0.118171
95470,37.64128,132.195,0.119725
95530,37.64103,132.1091,0.120482
95590,37.64092,132.0217,0.119568
95650,37.64096,131.9368,0.118486
95710,37.6409,131.8532,0.119278
95770,37.63999,131.7665,0.120249
95830,37.63934,131.6771,0.120924
95890,37.63893,131.5885,0.11939
95950,37.64142,131.5017,0.119471
96010,37.64406,131.4157,0.120543
96070,37.64688,131.3306,0.120493
96130,37.64951,131.246,0.120213
96190,37.65219,131.1622,0.120508
96250,37.65471,131.079,0.120706
96310,37.65703,130.9959,0.120741
96370,37.65934,130.9107,0.16892
96430,37.66285,130.8225,0.794923
96490,37.66419,130.732,1.873631
96550,37.6663,130.639,2.327854
96610,37.66891,130.5391,2.541686
96670,37.67201,130.4435,2.670952
96730,37.6739,130.352,2.722956
96790,37.67648,130.2611,2.988544
96850,37.67867,130.1752,3.679713
96910,37.67887,130.0906,3.951996
96970,37.68115,130.0002,4.155089
97030,37.68508,129.9097,4.898542
97090,37.69451,129.8264,5.79917
97150,37.69761,129.7359,6.252017
97210,37.68208,129.6338,6.422273
97270,37.6842,129.5227,6.421348
97330,37.68997,129.4079,6.42337
97390,37.69362,129.2927,6.424528
97450,37.69593,129.179,6.422212
97510,37.69728,129.0662,6.422248
97570,37.6986,128.9539,6.422375
97630,37.69977,128.8416,6.421902
97690,37.69664,128.73,6.421567
97750,37.68028,128.6214,6.423162
97810,37.66428,128.5126,6.422385
97870,37.64811,128.4037,6.421917
97930,37.63154,128.2944,6.303939
97990,37.61401,128.1824,5.877301
98050,37.59691,128.0716,5.432201
98110,37.58103,127.9683,4.978689
98170,37.55737,127.8708,4.512803
98230,37.52704,127.7738,3.901892
98290,37.49318,127.6719,3.321756
98350,37.46147,127.5726,3.019227
98410,37.43353,127.4784,2.680736
98470,37.38977,127.4053,2.288017
98530,37.31127,127.394,1.898594
98590,37.2359,127.3675,1.537625
98650,37.16685,127.3269,1.244275
98710,37.11475,127.2751,1.064768
98770,37.10386,127.206,0.74835
98830,37.09981,127.145,0.498058
98890,37.09629,127.0895,0.194036
98950,37.09333,127.0386,-0.02639
99010,37.09129,127.0157,-0.04164
99070,37.08985,127.0143,-0.04367
