src/Components/missions/KORUS-AQ/Tracks/KORUSAQ-B200TRK_MODEL_20160507_RA.ICT
35,1001
GeoTASO Team
NASA GSFC
B-200 (N817NA) GeoTASO
KORUS-AQ 2016
1,1
2016,05,07,2016,05,12
1
UTC_mid,seconds, mid time UTC from midnight of the starting data collecting day 
3
1,1,1
-9999,-9999,-9999
Lat_60s, degN, 60 second average of latitude
Lon_60s, degE, 60 second average of longitude
AltGPS_60s, km, 60 second average of GPS altitude
1
Data from GeoTASO instrument
17
PI_CONTACT_INFO: Scott Janz
Platform: B-200 King Air
LOCATION: Included in data records
ASSOCIATED_DATA: N/A
INSTRUMENT_INFO:http://www.nserc.und.edu/PDFs/ExperimenterHandbook.pdf
DATA_INFO: data averaged into 60s intervals
UNCERTAINTY: Reference DC-8 Experimenter Handbook located at https://airbornescience.nasa.gov/sites/default/files/DC8_Experimenter_Handbook_Jan2011v2.pdf
ULOD_FLAG: -7777
ULOD_VALUE: N/A
LLOD_FLAG: -8888
LLOD_VALUE: N/A;
DM_CONTACT_INFO: Gao Chen 
PROJECT_INFO: N/A
STIPULATIONS_ON_USE: N/A
OTHER_COMMENTS: N/A
REVISION: RA
UTC_mid,Lat_60s,Lon_60s,AltGPS_60s
12530,37.08821078,127.0297138,0.031228756
12590,37.08893989,127.0324637,0.032757794
12650,37.08935533,127.0375449,0.031834174
12710,37.08975567,127.0421119,0.032015866
12770,37.09071517,127.0443167,0.032025522
12830,37.09099546,127.0445908,0.032144562
12890,37.09099634,127.0445907,0.032250338
12950,37.09108057,127.0446275,0.032258895
13010,37.09183711,127.0444946,0.032317056
13070,37.0899336,127.0253208,0.122696913
13130,37.06907614,126.9961207,0.592213282
13190,37.05752976,127.0346333,1.078852802
13250,37.08644349,127.0767423,1.628909841
13310,37.11768252,127.1245889,1.879559735
13370,37.15468164,127.1789093,1.877032394
13430,37.19206354,127.2344016,1.885656657
13490,37.22528374,127.2853704,2.310735927
13550,37.25219586,127.3364046,2.892838754
13610,37.25839029,127.403901,3.323682831
13670,37.26300477,127.4751044,3.776012423
13730,37.29188587,127.518244,4.203052801
13790,37.33173621,127.5269936,4.566391623
13850,37.35316095,127.5046039,4.893345704
13910,37.36240694,127.4663352,5.219338208
13970,37.3718308,127.4282515,5.553090793
14030,37.38089401,127.3909484,5.892207053
14090,37.38884251,127.3527863,6.174918452
14150,37.39744426,127.3145028,6.430282862
14210,37.40722698,127.2758569,6.667627637
14270,37.41616049,127.2367093,6.881578906
14330,37.42563371,127.1984681,7.108184052
14390,37.43539169,127.161424,7.310441385
14450,37.44869908,127.1264338,7.490176611
14510,37.48249873,127.1348044,7.63711033
14570,37.46935884,127.2075247,7.750465391
14630,37.4142972,127.2474601,7.906098126
14690,37.35704201,127.2829991,8.068279695
14750,37.29968027,127.3159453,8.173211091
14810,37.25141954,127.3200085,8.341262568
14870,37.23349768,127.2877189,8.471817649
14930,37.2195563,127.2533754,8.585794636
14990,37.20541052,127.2197523,8.705164332
15050,37.19165817,127.1866128,8.796971248
15110,37.17499946,127.1538325,8.854625628
15170,37.15594003,127.1204653,8.871551816
15230,37.12904774,127.0880359,8.862166801
15290,37.08453809,127.0706651,8.86383527
15350,37.02712961,127.1136331,8.857925064
15410,36.97086802,127.1857843,8.85231255
15470,36.91303672,127.255829,8.848161797
15530,36.85584271,127.3268423,8.85610627
15590,36.79807736,127.3981324,8.862244276
15650,36.74011155,127.4692784,8.858685715
15710,36.68293208,127.5402928,8.854669944
15770,36.62603789,127.6114095,8.864925998
15830,36.56817523,127.6816863,8.871509533
15890,36.50921906,127.7505947,8.872441406
15950,36.45144755,127.8212071,8.872394035
16010,36.39400836,127.890253,8.875493913
16070,36.33632395,127.9604812,8.86637552
16130,36.27881475,128.0308172,8.877265941
16190,36.22189556,128.1001814,8.884999182
16250,36.1646262,128.1683212,8.886092416
16310,36.10645807,128.2366206,8.881262504
16370,36.049134,128.3062331,8.891368604
16430,35.99206094,128.3755988,8.8954589
16490,35.93445839,128.4428383,8.893692159
16550,35.87746404,128.5119019,8.898641857
16610,35.81907803,128.5780002,8.90670663
16670,35.75616718,128.6237414,8.913764584
16730,35.69157533,128.6622654,8.90938454
16790,35.62786449,128.7010674,8.908832514
16850,35.56501332,128.7386543,8.914722276
16910,35.50208017,128.7747722,8.919588589
16970,35.43943043,128.8110722,8.91548181
17030,35.37718082,128.848923,8.920381468
17090,35.31533084,128.8867862,8.918955807
17150,35.25365813,128.9226987,8.937909306
17210,35.19237513,128.9568019,8.938207179
17270,35.14150031,129.0147764,8.946649213
17330,35.13398109,129.1127389,8.935008329
17390,35.14388555,129.2153729,8.935225042
17450,35.15414166,129.3181742,8.941631678
17510,35.1640575,129.4217819,8.940457876
17570,35.17422244,129.5259227,8.935220683
17630,35.18467892,129.6297161,8.924119811
17690,35.19449093,129.7323308,8.920131625
17750,35.20455646,129.8340839,8.919292685
17810,35.23549928,129.9230862,8.926673402
17870,35.28906028,129.9928524,8.907117108
17930,35.34248241,130.0652697,8.917509615
17990,35.39644854,130.1391927,8.919911594
18050,35.45118545,130.2130507,8.925672869
18110,35.50558217,130.2875152,8.914924122
18170,35.55957122,130.360918,8.911662374
18230,35.61341472,130.4344282,8.922177046
18290,35.66698034,130.50876,8.908354487
18350,35.72177861,130.5809779,8.902479772
18410,35.78227246,130.6095683,8.903233241
18470,35.82476474,130.5818164,8.899211947
18530,35.84216259,130.5350677,8.905706457
18590,35.85280782,130.4861445,8.909649732
18650,35.8600781,130.4361072,8.905094438
18710,35.8664653,130.3866952,8.903175849
18770,35.87241786,130.3375777,8.909046495
18830,35.87901158,130.2873462,8.914040038
18890,35.88589936,130.2368057,8.898249861
18950,35.89192447,130.1876025,8.88230166
19010,35.89732998,130.1400916,8.881842514
19070,35.90284345,130.0933526,8.884395225
19130,35.90892097,130.0470036,8.885267663
19190,35.91436758,130.0013078,8.879464454
19250,35.92016421,129.9552792,8.884460021
19310,35.92599052,129.9066512,8.889887547
19370,35.93210268,129.8558521,8.889171374
19430,35.93792959,129.8045779,8.881354923
19490,35.94410906,129.7540878,8.883932288
19550,35.95030648,129.7052726,8.882132899
19610,35.9559551,129.6575942,8.879385588
19670,35.9608601,129.6104413,8.875184606
19730,35.96608697,129.5640341,8.878523473
19790,35.97162847,129.5172118,8.882229254
19850,35.98121249,129.4708514,8.873368486
19910,36.00349983,129.4288407,8.880026006
19970,36.02583488,129.3888526,8.8765181
20030,36.04794841,129.3490346,8.872710003
20090,36.07181349,129.3077411,8.881501158
20150,36.09661604,129.2648242,8.886933755
20210,36.12206226,129.2213369,8.886566081
20270,36.14795152,129.1766741,8.880166402
20330,36.17387531,129.1327727,8.875386693
20390,36.19880463,129.0890009,8.875523028
20450,36.22358755,129.0449843,8.875791434
20510,36.24881514,129.0016454,8.873002424
20570,36.27377972,128.958483,8.870971164
20630,36.29830962,128.915263,8.869796829
20690,36.32287488,128.8719906,8.872782567
20750,36.34794681,128.8286546,8.877949484
20810,36.37234301,128.7853882,8.866892062
20870,36.39678513,128.7430106,8.864595339
20930,36.42112871,128.7011949,8.865166113
20990,36.4449898,128.659332,8.861255123
21050,36.46945605,128.6175103,8.872216798
21110,36.49377756,128.5750611,8.869876282
21170,36.51825041,128.5320603,8.890941362
21230,36.54300409,128.4885685,8.873515238
21290,36.56815438,128.4448637,8.855544461
21350,36.59258049,128.4021511,8.866943619
21410,36.61551992,128.3588388,8.856482936
21470,36.63770925,128.3153457,8.872556968
21530,36.66213517,128.272812,8.878543202
21590,36.6867136,128.2304582,8.872666909
21650,36.71065212,128.1874733,8.874713291
21710,36.73498003,128.1442452,8.867834852
21770,36.75934795,128.1011932,8.866799366
21830,36.78385754,128.058215,8.864240242
21890,36.80758844,128.0156763,8.873383078
21950,36.83151165,127.9735362,8.863002776
22010,36.85605345,127.9311851,8.86770093
22070,36.88085518,127.8887153,8.864275489
22130,36.90475055,127.8466866,8.849096895
22190,36.92677739,127.8065013,8.842879181
22250,36.94843744,127.7678809,8.858351784
22310,36.97039669,127.7293384,8.838640036
22370,36.99147679,127.6918889,8.833899982
22430,37.01131463,127.6550949,8.840716156
22490,37.03143801,127.6190943,8.828270652
22550,37.05130792,127.5831714,8.834469785
22610,37.07111296,127.5477038,8.836061582
22670,37.09081609,127.5112185,8.836594256
22730,37.11117627,127.4751107,8.836707723
22790,37.13093858,127.4394883,8.831713974
22850,37.15083742,127.4034616,8.8365389
22910,37.17021353,127.3666533,8.841410814
22970,37.19159268,127.3280773,8.839670507
23030,37.2230202,127.3025181,8.836234439
23090,37.24943616,127.3816396,8.82060473
23150,37.24577658,127.4957192,8.82611913
23210,37.23989601,127.6104058,8.827448923
23270,37.24111574,127.7237177,8.831068803
23330,37.28512296,127.8079977,8.833657926
23390,37.34499382,127.8685756,8.82466867
23450,37.4037942,127.933148,8.822615125
23510,37.45314574,128.0138263,8.821824078
23570,37.49198489,128.1140728,8.809611512
23630,37.53174293,128.2143578,8.812690091
23690,37.57086719,128.3154791,8.808603068
23750,37.61059367,128.4163522,8.802845099
23810,37.64967604,128.5190851,8.794482607
23870,37.68111485,128.628424,8.791226815
23930,37.69782307,128.7466414,8.796530565
23990,37.70000001,128.8677776,8.787125996
24050,37.69794122,128.9889978,8.7881096
24110,37.69677691,129.1106561,8.788084074
24170,37.69628005,129.2326163,8.784500299
24230,37.694257,129.3537509,8.773124368
24290,37.6611011,129.4316488,8.782492598
24350,37.63967221,129.4034446,8.784618735
24410,37.63298439,129.361649,8.789002709
24470,37.62624158,129.3196116,8.79503427
24530,37.61971856,129.2776626,8.796223112
24590,37.61365963,129.2354167,8.796374968
24650,37.60744074,129.193036,8.797778742
24710,37.60119883,129.1508623,8.813222723
24770,37.59481279,129.1078776,8.816801718
24830,37.58852813,129.0632969,8.817529552
24890,37.5813702,129.0173618,8.819681688
24950,37.57427715,128.9708803,8.80940477
25010,37.56729664,128.9240962,8.802861058
25070,37.56013625,128.877873,8.813650783
25130,37.55353399,128.8317978,8.825787155
25190,37.54606279,128.784847,8.828202658
25250,37.53837183,128.7371191,8.813048722
25310,37.53007092,128.6897879,8.811942217
25370,37.52260842,128.6427103,8.810847818
25430,37.51519573,128.5959839,8.821190585
25490,37.50722945,128.5492853,8.80631706
25550,37.49985053,128.502419,8.811098666
25610,37.49264705,128.4554378,8.824253857
25670,37.48533349,128.4080244,8.826303418
25730,37.47794593,128.3604376,8.833742771
25790,37.47072955,128.3127063,8.83803291
25850,37.46296771,128.2640154,8.822016324
25910,37.45489633,128.215031,8.824686053
25970,37.44695975,128.1655405,8.826507855
26030,37.43914316,128.116172,8.827213829
26090,37.4308711,128.0665455,8.81554738
26150,37.4237592,128.0169265,8.814620958
26210,37.41656552,127.967463,8.820955432
26270,37.4091294,127.9174476,8.824519682
26330,37.4014325,127.8664363,8.82612694
26390,37.39328856,127.8155463,8.827199216
26450,37.38522707,127.7650576,8.817430024
26510,37.37722244,127.7154046,8.821778419
26570,37.36936261,127.6665713,8.815107067
26630,37.36156897,127.6184261,8.819277387
26690,37.35376334,127.570911,8.825824592
26750,37.34532574,127.5226237,8.82381621
26810,37.33710938,127.4731251,8.824828568
26870,37.32890634,127.4230284,8.830372852
26930,37.32057752,127.3718678,8.828600541
26990,37.31166123,127.3203463,8.824961972
27050,37.28007264,127.287304,8.420782786
27110,37.20661155,127.3166842,7.648844508
27170,37.13278825,127.3552883,6.727501416
27230,37.11048126,127.4301434,6.095596121
27290,37.13777307,127.4968818,5.653479179
27350,37.17386928,127.5186352,5.123018475
27410,37.21329894,127.530122,4.498892957
27470,37.25910276,127.5478854,3.68827462
27530,37.29703392,127.5415279,3.013863927
27590,37.29484664,127.4891622,2.398344654
27650,37.27092564,127.4437314,1.773937248
27710,37.22375188,127.4136662,1.238775891
27770,37.18197993,127.387528,0.996397385
27830,37.15726902,127.3498204,0.967387233
27890,37.13759409,127.3082079,0.969495863
27950,37.11791916,127.2665955,0.971604493
28010,37.10439049,127.224363,0.915565613
28070,37.10136664,127.1805056,0.728634233
28130,37.09900975,127.1364361,0.507145717
28190,37.09594254,127.0949797,0.292399692
28250,37.09294336,127.0572494,0.109285949
28310,37.09104389,127.0345997,0.035696459
28370,37.08949745,127.0298648,0.034876216
28430,37.08786891,127.0294133,0.034888312
