src/Components/missions/KORUS-AQ/Tracks/KORUSAQ-B200TRK_MODEL_20160524_RA.ICT
35,1001
GeoTASO Team
NASA GSFC
B-200 (N817NA) GeoTASO
KORUS-AQ 2016
1,1
2016,05,24,2016,06,06
1
UTC_mid,seconds, mid time UTC from midnight of the starting data collecting day 
3
1,1,1
-9999,-9999,-9999
Lat, degN, 60 second average of latitude
Lon, degE, 60 second average of longitude
AltGPS, km, 60 second average of GPS altitude
1
Data from GeoTASO instrument
17
PI_CONTACT_INFO: Scott Janz
Platform: B-200 King Air
LOCATION: Included in data records
ASSOCIATED_DATA: N/A
INSTRUMENT_INFO:http://www.nserc.und.edu/PDFs/ExperimenterHandbook.pdf
DATA_INFO: data averaged into 60s intervals
UNCERTAINTY: Reference DC-8 Experimenter Handbook located at https://airbornescience.nasa.gov/sites/default/files/DC8_Experimenter_Handbook_Jan2011v2.pdf
ULOD_FLAG: -7777
ULOD_VALUE: N/A
LLOD_FLAG: -8888
LLOD_VALUE: N/A;
DM_CONTACT_INFO: Gao Chen 
PROJECT_INFO: N/A
STIPULATIONS_ON_USE: N/A
OTHER_COMMENTS: N/A
REVISION: RA
UTC_mid,Lat,Lon,AltGPS
85710,37.08786825,127.0292497,0.034309665
85770,37.08786882,127.02925,0.033672965
85830,37.08786961,127.0292475,0.033548562
85890,37.08787054,127.029247,0.0334556
85950,37.08787137,127.0292471,0.033312088
86010,37.08787429,127.0292539,0.033662999
86070,37.08787405,127.0292534,0.034607516
86130,37.08792681,127.0294382,0.036852237
86190,37.08872525,127.0307091,0.034814006
86250,37.08907037,127.0343353,0.035390915
86310,37.09007382,127.0373268,0.035215146
86370,37.09052496,127.0373866,0.03519286
86430,37.09052587,127.0373864,0.035363946
86490,37.09052655,127.0373878,0.035207297
86550,37.09053342,127.037385,0.035149151
86610,37.09105486,127.0361962,0.035675917
86670,37.08836699,127.0061164,0.199464976
86730,37.06018731,126.9833661,0.675438763
86790,37.01997486,127.0082455,1.142457277
86850,37.01449542,127.0639239,1.595123091
86910,37.04111615,127.1150238,1.99902164
86970,37.08951445,127.1496615,2.189250779
87030,37.13787429,127.1917845,2.204982638
87090,37.16317769,127.2553884,2.196136054
87150,37.18449245,127.324478,2.383170788
87210,37.21010091,127.3919131,2.824479191
87270,37.23629029,127.4589808,3.281700886
87330,37.26207504,127.5268616,3.702428346
87390,37.2910335,127.5937192,4.08851674
87450,37.33821636,127.6304603,4.445582006
87510,37.37968731,127.6106816,4.813856844
87570,37.37129888,127.5704559,5.172648726
87630,37.32716706,127.572386,5.459937346
87690,37.29625428,127.6325426,5.743971197
87750,37.31653303,127.7041716,6.012089359
87810,37.36792514,127.7309431,6.231480152
87870,37.42497733,127.7368433,6.342366147
87930,37.48516078,127.745673,6.54699004
87990,37.53631264,127.7852334,6.775370586
88050,37.56095348,127.867475,7.020043607
88110,37.57828056,127.9534935,7.222456138
88170,37.59249797,128.0408084,7.394674994
88230,37.60688284,128.129148,7.556282795
88290,37.61945022,128.2214048,7.607224384
88350,37.63326347,128.3187944,7.586096547
88410,37.64946244,128.4174251,7.586085377
88470,37.66809725,128.5158586,7.591145027
88530,37.68512052,128.615979,7.590562585
88590,37.69472793,128.7196892,7.600051163
88650,37.67866065,128.8173186,7.606718155
88710,37.63880067,128.9010923,7.582647421
88770,37.59710762,128.9814548,7.588288798
88830,37.55748139,129.0634531,7.594022525
88890,37.5175577,129.1442088,7.611586672
88950,37.4782446,129.2265546,7.631753654
89010,37.47009653,129.3211453,7.622810442
89070,37.5128017,129.4114909,7.627148481
89130,37.55742618,129.5038057,7.599559618
89190,37.60620108,129.5917174,7.589886335
89250,37.66414683,129.6671465,7.619200006
89310,37.72115863,129.6997701,7.637642218
89370,37.71552786,129.6538051,7.582673911
89430,37.69507931,129.6029192,7.615957019
89490,37.69378353,129.5449919,7.61399126
89550,37.69462402,129.4862476,7.598521942
89610,37.69380091,129.4267885,7.585490717
89670,37.6949355,129.3673421,7.595770239
89730,37.69524745,129.3091807,7.602743328
89790,37.69566828,129.2510741,7.597594816
89850,37.69654749,129.1923121,7.597518031
89910,37.69504347,129.1337992,7.595730869
89970,37.69612252,129.0746605,7.588194469
90030,37.6968573,129.0162404,7.583131114
90090,37.69745552,128.9586444,7.594757703
90150,37.68339396,128.9069023,7.598792407
90210,37.636845,128.8987421,7.592876549
90270,37.59552001,128.9723823,7.597978524
90330,37.55635337,129.0551109,7.610174302
90390,37.51664267,129.1378776,7.614626599
90450,37.47689547,129.2212336,7.618318613
90510,37.46476885,129.3173604,7.620918149
90570,37.50517576,129.4079232,7.618808404
90630,37.55236879,129.495912,7.61339638
90690,37.60306773,129.5791342,7.608584354
90750,37.66409888,129.6461926,7.607492903
90810,37.71769215,129.6670194,7.610047485
90870,37.71019992,129.6159967,7.610061784
90930,37.69146848,129.5617857,7.609639227
90990,37.69104873,129.5027421,7.614237255
91050,37.69235139,129.443055,7.615407757
91110,37.69320974,129.3839624,7.612013566
91170,37.69417193,129.3251112,7.608974257
91230,37.69524174,129.2662737,7.604344425
91290,37.69601145,129.2073942,7.603864588
91350,37.69676398,129.1485444,7.607251112
91410,37.6969114,129.0896517,7.606414259
91470,37.6978869,129.0314084,7.605217477
91530,37.69872992,128.9742209,7.598518647
91590,37.68607519,128.9215072,7.598956945
91650,37.63946241,128.9055387,7.602150064
91710,37.59591019,128.9748435,7.598528667
91770,37.55522324,129.0575365,7.608978474
91830,37.51465444,129.1406553,7.614426098
91890,37.47462813,129.2246117,7.620813621
91950,37.46611901,129.3179928,7.611915391
92010,37.50723412,129.4098472,7.613743323
92070,37.55016316,129.5013961,7.614257326
92130,37.58451237,129.5977757,7.604036383
92190,37.58931899,129.7042794,7.630830751
92250,37.62472764,129.7754034,7.62975741
92310,37.67149799,129.7472471,7.641064441
92370,37.6848007,129.6920222,7.626129964
92430,37.68493529,129.6324325,7.614324351
92490,37.68606113,129.5729534,7.623383251
92550,37.68748909,129.5121424,7.567415926
92610,37.68811949,129.4508733,7.584410481
92670,37.68820977,129.3906816,7.601233752
92730,37.68987677,129.3306402,7.603821842
92790,37.69134409,129.2705083,7.606598212
92850,37.69278507,129.2096558,7.591948678
92910,37.69357292,129.1490513,7.608149978
92970,37.69552729,129.0884772,7.602668298
93030,37.6976461,129.0291757,7.603713046
93090,37.69753633,128.9710672,7.601425035
93150,37.68369959,128.9208504,7.601500578
93210,37.63329035,128.9472128,7.599581416
93270,37.58467542,129.0175193,7.596354228
93330,37.54068266,129.0929009,7.600035103
93390,37.49943447,129.1731574,7.612900462
93450,37.46360857,129.2569369,7.609977232
93510,37.47961835,129.3517431,7.602555818
93570,37.5206525,129.441053,7.609283954
93630,37.56437995,129.5275267,7.61861696
93690,37.60503563,129.6165516,7.612026559
93750,37.62194169,129.7163964,7.624507645
93810,37.6682563,129.7465707,7.623495315
93870,37.68741768,129.6945006,7.61682927
93930,37.68906768,129.6345131,7.616587242
93990,37.68990005,129.5742456,7.619040077
94050,37.691359,129.5139637,7.61686153
94110,37.69270455,129.4533147,7.61594268
94170,37.69354743,129.392512,7.612209514
94230,37.69399464,129.3319069,7.609322361
94290,37.69426596,129.271002,7.611518895
94350,37.69508376,129.2099706,7.610339894
94410,37.69683501,129.1488608,7.611748088
94470,37.69749809,129.0882008,7.607456375
94530,37.69777345,129.0289468,7.601156033
94590,37.69838841,128.9696678,7.60398655
94650,37.69940359,128.9089184,7.60249593
94710,37.69929693,128.8491729,7.597037175
94770,37.70013005,128.791076,7.589062632
94830,37.69730016,128.7326873,7.599416044
94890,37.6886967,128.6738257,7.607768741
94950,37.67984918,128.6145164,7.607624302
95010,37.6716016,128.5549919,7.59963004
95070,37.66252946,128.4961045,7.607252748
95130,37.6534161,128.4371533,7.596979192
95190,37.64480486,128.3789296,7.599376335
95250,37.63583441,128.3208447,7.6087314
95310,37.62664515,128.2621936,7.610447924
95370,37.6178435,128.2044208,7.609560508
95430,37.60970639,128.1473845,7.612059435
95490,37.60081266,128.0903151,7.610654631
95550,37.59040664,128.0334356,7.591429317
95610,37.58149549,127.9784844,7.603564216
95670,37.5733815,127.9244609,7.602022222
95730,37.5648137,127.870586,7.607629973
95790,37.55614084,127.8172096,7.623051243
95850,37.54683043,127.7626215,7.623128332
95910,37.53990456,127.7080606,7.630334084
95970,37.53387319,127.6552894,7.79012822
96030,37.52491983,127.6058469,7.923834803
96090,37.51674751,127.5539878,7.925080393
96150,37.5081865,127.5007517,7.922950835
96210,37.50247225,127.4455632,7.921078649
96270,37.49488092,127.3900617,7.933624053
96330,37.48506246,127.3338136,7.923192967
96390,37.47520286,127.2775574,7.925506239
96450,37.46665837,127.2214222,7.91812308
96510,37.46766113,127.1653908,7.767633149
96570,37.50505709,127.1269153,7.652619465
96630,37.54376871,127.1593166,7.609492986
96690,37.54163729,127.2651768,7.609639285
96750,37.53570592,127.3743446,7.618753532
96810,37.53256362,127.4848982,7.614329764
96870,37.52228149,127.5923461,7.613888204
96930,37.47227761,127.6197064,7.612951283
96990,37.42878474,127.5837966,7.608728842
97050,37.38836011,127.5449671,7.615009937
97110,37.3507519,127.5035359,7.620036844
97170,37.32446903,127.455632,7.612855359
97230,37.3165922,127.4001319,7.617737064
97290,37.31106678,127.3442601,7.618362139
97350,37.30727359,127.2889268,7.622966821
97410,37.29235234,127.2455639,7.622405319
97470,37.32266491,127.2359888,7.366633413
97530,37.34708153,127.3267228,6.898879764
97590,37.35280056,127.4198603,6.479497806
97650,37.36009341,127.504841,6.004641943
97710,37.36453323,127.5828479,5.543106908
97770,37.33257255,127.6247976,5.030673403
97830,37.29050537,127.6311485,4.32560508
97890,37.24344466,127.6292932,3.476414707
97950,37.19969562,127.6142942,2.949892308
98010,37.16152838,127.5944197,2.721393282
98070,37.12599949,127.5789216,2.4854366
98130,37.09106985,127.5647221,2.223752935
98190,37.05034666,127.5449536,1.921085364
98250,37.01437634,127.5099991,1.568555091
98310,37.03730788,127.4636491,1.314005997
98370,37.07095869,127.4248767,1.252869647
98430,37.09144768,127.3690594,1.136432394
98490,37.10965818,127.3125105,0.996747817
98550,37.10872726,127.2540873,0.99244911
98610,37.10367004,127.1938131,0.775622035
98670,37.09939837,127.1393258,0.502683995
98730,37.09555904,127.0920016,0.283118208
98790,37.09206651,127.0491599,0.075566932
98850,37.09029626,127.0302558,0.033241857
98910,37.0888788,127.0298091,0.033046408
98970,37.08782866,127.0294247,0.032168752
99030,37.08777954,127.0293718,0.033037671
99090,37.08778217,127.0293693,0.033007025
99150,37.08778479,127.0293667,0.032976379
99210,37.08778742,127.0293641,0.032945733
99270,37.08779005,127.0293615,0.032915087
99330,37.08779268,127.0293589,0.032884441
99390,37.08779531,127.0293564,0.032853795
99450,37.08779794,127.0293538,0.032823149
99510,37.08780056,127.0293512,0.032792504
99570,37.08780319,127.0293486,0.032761858
99630,37.08780582,127.029346,0.032731212
99690,37.08780845,127.0293434,0.032700566