src/Components/missions/KORUS-AQ/Tracks/KORUSAQ-DC8TRK_MODEL_20160426_RA_L1.ICT
35,1001
Project Office
NSERC - National Suborbital Education and Research Center
DC-8 (N817NA) Data Acquisition and Distribution
KORUS-AQ 2016
1,1
2016,04,26,2016,04,27
1
UTC_mid,seconds, mid time UTC from midnight of the starting data collecting day 
3
1,1,1
-9999,-9999,-9999
Lat, degN, 60 second average of IWG1 latitude
Lon, degE, 60 second average of IWG1 longitude
AltP, km, 60 second average of IWG1 pressure altitude
1
Data from IWG1 file posted on: http://asp-archive.arc.nasa.gov
17
PI_CONTACT_INFO: Melissa Yang melissa.yang@nasa.gov
Platform: DC-8 N817NA
LOCATION: Included in data records
ASSOCIATED_DATA: N/A
INSTRUMENT_INFO:http://www.nserc.und.edu/PDFs/ExperimenterHandbook.pdf
DATA_INFO: data averaged into 60s intervals
UNCERTAINTY: Reference DC-8 Experimenter Handbook located at https://airbornescience.nasa.gov/sites/default/files/DC8_Experimenter_Handbook_Jan2011v2.pdf
ULOD_FLAG: -7777
ULOD_VALUE: N/A
LLOD_FLAG: -8888
LLOD_VALUE: N/A;
DM_CONTACT_INFO: Gao Chen 
PROJECT_INFO: N/A
STIPULATIONS_ON_USE: N/A
OTHER_COMMENTS: N/A
REVISION: RA
UTC_mid,Lat,Lon,AltP_60s
45250,34.63142,-118.105,0.874481
45310,34.65132,-118.154,1.365392
45370,34.69568,-118.2,1.8069
45430,34.74627,-118.258,2.512558
45490,34.80254,-118.318,3.156239
45550,34.86113,-118.381,3.862338
45610,34.92201,-118.443,4.565154
45670,34.98449,-118.507,4.966254
45730,35.05057,-118.582,5.307538
45790,35.12159,-118.66,5.724418
45850,35.19569,-118.739,6.202162
45910,35.27523,-118.806,6.830451
45970,35.3532,-118.874,7.262495
46030,35.43307,-118.944,7.566446
46090,35.51533,-119.016,7.835732
46150,35.59949,-119.09,8.106913
46210,35.68464,-119.165,8.397961
46270,35.7707,-119.241,8.65158
46330,35.85729,-119.317,8.941887
46390,35.9431,-119.393,9.251868
46450,36.02807,-119.469,9.522668
46510,36.11331,-119.545,9.717862
46570,36.19923,-119.622,9.929012
46630,36.28457,-119.698,10.1749
46690,36.36889,-119.774,10.42882
46750,36.45175,-119.849,10.68739
46810,36.53291,-119.922,10.9184
46870,36.61371,-119.995,10.97607
46930,36.69554,-120.07,10.97296
46990,36.77845,-120.145,10.97385
47050,36.86248,-120.222,10.97544
47110,36.9477,-120.3,10.97436
47170,37.03348,-120.378,10.97629
47230,37.11982,-120.458,10.97605
47290,37.20672,-120.538,10.96958
47350,37.29402,-120.619,10.96179
47410,37.38158,-120.7,10.96684
47470,37.46911,-120.782,10.96885
47530,37.55709,-120.864,10.97009
47590,37.64572,-120.947,10.97167
47650,37.7348,-121.031,10.97147
47710,37.82415,-121.115,10.97328
47770,37.91318,-121.199,10.97022
47830,38.0013,-121.283,10.96659
47890,38.08951,-121.366,10.9657
47950,38.17821,-121.451,10.97047
48010,38.26725,-121.536,10.96869
48070,38.35663,-121.622,10.96834
48130,38.44634,-121.709,10.9702
48190,38.53637,-121.796,10.97201
48250,38.6268,-121.883,10.9698
48310,38.71733,-121.971,10.97281
48370,38.80792,-122.06,10.97225
48430,38.89926,-122.148,10.9727
48490,38.99916,-122.222,10.97039
48550,39.10577,-122.283,10.97006
48610,39.20919,-122.351,10.97036
48670,39.29991,-122.442,10.97453
48730,39.39029,-122.535,10.97192
48790,39.48098,-122.629,10.97254
48850,39.57187,-122.722,10.97218
48910,39.66296,-122.816,10.97249
48970,39.75419,-122.911,10.97241
49030,39.84553,-123.006,10.97307
49090,39.93683,-123.102,10.97234
49150,40.02783,-123.197,10.97359
49210,40.11882,-123.293,10.97313
49270,40.20987,-123.389,10.97155
49330,40.30121,-123.486,10.97108
49390,40.39272,-123.583,10.97266
49450,40.48417,-123.681,10.97249
49510,40.57567,-123.779,10.97395
49570,40.6672,-123.877,10.97347
49630,40.75851,-123.976,10.97257
49690,40.84939,-124.075,10.97205
49750,40.93986,-124.173,10.97012
49810,41.02986,-124.272,10.96734
49870,41.11956,-124.37,10.96761
49930,41.20932,-124.469,10.9665
49990,41.29963,-124.568,10.96885
50050,41.39067,-124.669,10.97291
50110,41.48203,-124.771,10.97575
50170,41.57361,-124.873,10.97582
50230,41.66489,-124.975,10.97415
50290,41.75619,-125.078,10.97169
50350,41.84767,-125.181,10.9733
50410,41.93953,-125.285,10.97468
50470,42.03186,-125.39,10.97328
50530,42.12422,-125.496,11.05228
50590,42.21521,-125.6,11.25311
50650,42.30602,-125.705,11.2701
50710,42.39822,-125.812,11.27369
50770,42.49127,-125.919,11.27604
50830,42.58489,-126.028,11.27669
50890,42.67838,-126.138,11.27962
50950,42.78333,-126.227,11.27209
51010,42.89822,-126.301,11.27169
51070,43.0118,-126.374,11.27463
51130,43.1265,-126.45,11.27303
51190,43.24145,-126.526,11.27833
51250,43.35617,-126.601,11.27675
51310,43.47126,-126.678,11.27753
51370,43.58487,-126.755,11.2755
51430,43.69819,-126.831,11.27845
51490,43.81026,-126.907,11.27369
51550,43.92338,-126.985,11.27644
51610,44.03613,-127.062,11.2755
51670,44.14873,-127.14,11.27608
51730,44.26197,-127.218,11.27757
51790,44.37314,-127.295,11.27733
51850,44.48527,-127.373,11.27616
51910,44.59736,-127.452,11.27447
51970,44.70927,-127.531,11.27434
52030,44.82237,-127.611,11.27452
52090,44.93478,-127.691,11.27481
52150,45.04743,-127.771,11.27393
52210,45.15925,-127.851,11.27557
52270,45.27234,-127.933,11.27432
52330,45.38677,-128.015,11.27524
52390,45.50048,-128.098,11.27658
52450,45.6143,-128.181,11.2757
52510,45.72823,-128.265,11.27667
52570,45.8419,-128.348,11.27744
52630,45.95544,-128.433,11.27629
52690,46.06913,-128.517,11.27616
52750,46.18325,-128.602,11.27513
52810,46.29779,-128.688,11.27286
52870,46.41264,-128.775,11.27344
52930,46.52747,-128.862,11.27646
52990,46.64196,-128.949,11.27364
53050,46.75614,-129.036,11.28599
53110,46.86939,-129.124,11.43377
53170,46.98082,-129.21,11.57505
53230,47.09276,-129.297,11.58082
53290,47.20653,-129.385,11.58306
53350,47.32196,-129.476,11.58445
53410,47.43884,-129.567,11.58458
53470,47.55656,-129.66,11.57843
53530,47.67427,-129.754,11.58154
53590,47.79208,-129.848,11.58241
53650,47.90993,-129.943,11.58067
53710,48.02768,-130.038,11.57868
53770,48.14534,-130.133,11.57919
53830,48.26277,-130.229,11.58021
53890,48.37995,-130.325,11.58002
53950,48.49693,-130.421,11.577
54010,48.61363,-130.517,11.57729
54070,48.73044,-130.614,11.57801
54130,48.84725,-130.712,11.5772
54190,48.96429,-130.81,11.57946
54250,49.0812,-130.909,11.57842
54310,49.19793,-131.008,11.57685
54370,49.31487,-131.108,11.57664
54430,49.43149,-131.209,11.58128
54490,49.54806,-131.309,11.57978
54550,49.66449,-131.411,11.57685
54610,49.78074,-131.512,11.57815
54670,49.8968,-131.614,11.57983
54730,50.01293,-131.717,11.57759
54790,50.12833,-131.821,11.57785
54850,50.24301,-131.927,11.57748
54910,50.35576,-132.038,11.57654
54970,50.46886,-132.149,11.57757
55030,50.58182,-132.261,11.57904
55090,50.69493,-132.374,11.57805
55150,50.80806,-132.487,11.5788
55210,50.92114,-132.602,11.57799
55270,51.03449,-132.716,11.57887
55330,51.14762,-132.832,11.58004
55390,51.26092,-132.949,11.57986
55450,51.37415,-133.066,11.57982
55510,51.48717,-133.184,11.57791
55570,51.60006,-133.303,11.57851
55630,51.71308,-133.421,11.57958
55690,51.82601,-133.541,11.5791
55750,51.9382,-133.661,11.57772
55810,52.05138,-133.782,11.57841
55870,52.1658,-133.906,11.57691
55930,52.27932,-134.029,11.57834
55990,52.39302,-134.154,11.57861
56050,52.50678,-134.279,11.57814
56110,52.62104,-134.405,11.57847
56170,52.73518,-134.532,11.5799
56230,52.84954,-134.66,11.57853
56290,52.96376,-134.79,11.58067
56350,53.0779,-134.92,11.58308
56410,53.19201,-135.05,11.58167
56470,53.30599,-135.181,11.57942
56530,53.41985,-135.313,11.58253
56590,53.53359,-135.446,11.58203
56650,53.64711,-135.579,11.5814
56710,53.75936,-135.712,11.57762
56770,53.871,-135.845,11.57681
56830,53.98146,-135.98,11.57594
56890,54.08313,-136.129,11.57435
56950,54.18246,-136.283,11.57571
57010,54.28173,-136.438,11.57714
57070,54.38072,-136.592,11.57568
57130,54.47917,-136.748,11.57467
57190,54.57733,-136.905,11.57477
57250,54.6751,-137.062,11.57628
57310,54.77263,-137.22,11.57713
57370,54.87016,-137.378,11.57518
57430,54.96715,-137.537,11.57341
57490,55.06411,-137.697,11.57616
57550,55.1601,-137.857,11.57549
57610,55.25694,-138.018,11.57523
57670,55.35465,-138.183,11.57508
57730,55.45076,-138.346,11.57533
57790,55.54816,-138.513,11.57778
57850,55.64655,-138.682,11.57733
57910,55.7443,-138.851,11.58008
57970,55.842,-139.022,11.57981
58030,55.93976,-139.195,11.58044
58090,56.03744,-139.368,11.58083
58150,56.13497,-139.542,11.58149
58210,56.2324,-139.717,11.58008
58270,56.3298,-139.894,11.57825
58330,56.42703,-140.073,11.57903
58390,56.52448,-140.252,11.57953
58450,56.62193,-140.433,11.57936
58510,56.71902,-140.615,11.58132
58570,56.81613,-140.798,11.58123
58630,56.91294,-140.982,11.57979
58690,57.00964,-141.168,11.58168
58750,57.10624,-141.354,11.58109
58810,57.20234,-141.542,11.57874
58870,57.29795,-141.73,11.57838
58930,57.39321,-141.918,11.57703
58990,57.48812,-142.107,11.57462
59050,57.58266,-142.298,11.57577
59110,57.67699,-142.49,11.57751
59170,57.77115,-142.682,11.57509
59230,57.86511,-142.876,11.57689
59290,57.95865,-143.071,11.57787
59350,58.05183,-143.266,11.57883
59410,58.14465,-143.463,11.57874
59470,58.23706,-143.66,11.57778
59530,58.32905,-143.858,11.57914
59590,58.42052,-144.057,11.57916
59650,58.51128,-144.256,11.57859
59710,58.60133,-144.455,11.57578
59770,58.6908,-144.649,11.57233
59830,58.78611,-144.83,11.57041
59890,58.88148,-145.007,11.56894
59950,58.97616,-145.184,11.56966
60010,59.06993,-145.36,11.57066
60070,59.16294,-145.536,11.57059
60130,59.25513,-145.712,11.56994
60190,59.34661,-145.889,11.56915
60250,59.43767,-146.065,11.57013
60310,59.52812,-146.242,11.53165
60370,59.61754,-146.418,11.33708
60430,59.70636,-146.595,11.04444
60490,59.79521,-146.773,10.71061
60550,59.88445,-146.953,10.37248
60610,59.97456,-147.136,9.927417
60670,60.06441,-147.321,9.224309
60730,60.15359,-147.505,8.362173
60790,60.24158,-147.689,7.59972
60850,60.32504,-147.863,7.04722
60910,60.40384,-148.03,6.478234
60970,60.47965,-148.192,5.876671
61030,60.55308,-148.35,5.27018
61090,60.62451,-148.505,4.727753
61150,60.69285,-148.654,4.281358
61210,60.75814,-148.797,3.826865
61270,60.82167,-148.938,3.390864
61330,60.88282,-149.073,3.1728
61390,60.94173,-149.205,3.154446
61450,60.98395,-149.349,3.1588
61510,61.0135,-149.514,2.879776
61570,61.04133,-149.682,2.548519
61630,61.06177,-149.842,2.522515
61690,61.07578,-149.991,2.074708
61750,61.0866,-150.137,1.551188
61810,61.09578,-150.266,1.258992
61870,61.11706,-150.365,0.884606
61930,61.15542,-150.319,0.709082
61990,61.16689,-150.235,0.695096
62050,61.16752,-150.154,0.47721
62110,61.16776,-150.07,0.236896
62170,61.16776,-150.024,0.130607
