src/Components/missions/KORUS-AQ/Tracks/KORUSAQ-B200TRK_MODEL_20160502_RA.ICT
35,1001
GeoTASO Team
NASA GSFC
B-200 (N817NA) GeoTASO
KORUS-AQ 2016
1,1
2016,05,02,2016,05,03
1
UTC_mid,seconds, mid time UTC from midnight of the starting data collecting day 
3
1,1,1
-9999,-9999,-9999
Lat, degN, 60 second average of latitude
Lon, degE, 60 second average of longitude
AltGPS, km, 60 second average of GPS altitude
1
Data from GeoTASO instrument
17
PI_CONTACT_INFO: Scott Janz
Platform: B-200 King Air
LOCATION: Included in data records
ASSOCIATED_DATA: N/A
INSTRUMENT_INFO:http://www.nserc.und.edu/PDFs/ExperimenterHandbook.pdf
DATA_INFO: data averaged into 60s intervals
UNCERTAINTY: Reference DC-8 Experimenter Handbook located at https://airbornescience.nasa.gov/sites/default/files/DC8_Experimenter_Handbook_Jan2011v2.pdf
ULOD_FLAG: -7777
ULOD_VALUE: N/A
LLOD_FLAG: -8888
LLOD_VALUE: N/A;
DM_CONTACT_INFO: Gao Chen 
PROJECT_INFO: N/A
STIPULATIONS_ON_USE: N/A
OTHER_COMMENTS: N/A
REVISION: RA
UTC_mid,Lat,Lon,AltGPS
11290,37.08795,127.0292,0.033882
11350,37.08796,127.0292,0.034615
11410,37.08793,127.0293,0.034399
11470,37.08793,127.0293,0.035053
11530,37.08793,127.0293,0.034371
11590,37.08792,127.0293,0.033727
11650,37.08853,127.0301,0.034096
11710,37.08899,127.033,0.034645
11770,37.08968,127.0369,0.034164
11830,37.0906,127.0374,0.033953
11890,37.09068,127.0374,0.033988
11950,37.09124,127.0368,0.034408
12010,37.08848,127.0123,0.165905
12070,37.06073,126.9963,0.603284
12130,37.02138,127.0268,1.073208
12190,36.99192,127.0745,1.613665
12250,36.96371,127.1244,2.113014
12310,36.9362,127.1743,2.639826
12370,36.90811,127.2244,3.106989
12430,36.87793,127.2782,3.419996
12490,36.84646,127.3348,3.726606
12550,36.81408,127.3913,3.850495
12610,36.78094,127.4501,3.795587
12670,36.74837,127.5081,3.795621
12730,36.71587,127.5649,3.791779
12790,36.68384,127.6216,3.795993
12850,36.65181,127.6794,3.801769
12910,36.66103,127.736,3.795567
12970,36.72411,127.7372,3.807764
13030,36.78971,127.7288,3.80257
13090,36.85618,127.7222,3.798278
13150,36.92256,127.7146,3.80065
13210,36.98876,127.7065,3.808922
13270,37.05321,127.6994,4.09954
13330,37.11457,127.6931,4.503962
13390,37.16062,127.663,4.933392
13450,37.19147,127.6109,5.251893
13510,37.22015,127.5552,5.543523
13570,37.24866,127.5,5.872632
13630,37.2769,127.4454,6.129356
13690,37.30518,127.3909,6.368194
13750,37.33376,127.3357,6.645569
13810,37.36152,127.2804,6.866937
13870,37.39023,127.2251,7.116344
13930,37.41882,127.1701,7.356391
13990,37.45526,127.1245,7.511202
14050,37.51373,127.1214,7.674277
14110,37.51875,127.1538,7.769538
14170,37.46993,127.1764,7.954263
14230,37.42426,127.2115,8.126469
14290,37.37926,127.2501,8.304728
14350,37.33388,127.288,8.479927
14410,37.28724,127.3219,8.611319
14470,37.24312,127.3112,8.718603
14530,37.20957,127.2689,8.819206
14590,37.17377,127.2233,8.841527
14650,37.13292,127.1772,8.840065
14710,37.08625,127.1356,8.843536
14770,37.03874,127.094,8.850123
14830,36.98999,127.0515,8.851474
14890,36.94014,127.0094,8.853373
14950,36.89043,126.9676,8.857197
15010,36.84064,126.9245,8.841754
15070,36.79,126.8818,8.858773
15130,36.73924,126.8406,8.865126
15190,36.68013,126.8214,8.864785
15250,36.61649,126.8158,8.864449
15310,36.55237,126.8102,8.85844
15370,36.48819,126.8044,8.861194
15430,36.42408,126.7981,8.853638
15490,36.35957,126.7915,8.855196
15550,36.29557,126.7864,8.851269
15610,36.23187,126.7814,8.862526
15670,36.16758,126.7863,8.86179
15730,36.10177,126.7972,8.865055
15790,36.03598,126.8035,8.869359
15850,35.97288,126.7964,8.850959
15910,35.91238,126.788,8.849155
15970,35.85416,126.7809,8.861722
16030,35.79654,126.7743,8.862598
16090,35.73931,126.7676,8.867728
16150,35.68232,126.7615,8.859934
16210,35.62588,126.7549,8.865051
16270,35.57056,126.7486,8.870638
16330,35.51618,126.743,8.871156
16390,35.46273,126.7368,8.866853
16450,35.40861,126.7311,8.877871
16510,35.35355,126.725,8.877779
16570,35.29852,126.7195,8.88282
16630,35.24333,126.7146,8.880895
16690,35.2084,126.7552,8.888611
16750,35.24869,126.7971,8.87628
16810,35.30474,126.8233,8.876017
16870,35.36081,126.8478,8.879025
16930,35.41797,126.8712,8.878802
16990,35.47589,126.8945,8.881727
17050,35.53496,126.9095,8.877524
17110,35.5948,126.9172,8.875388
17170,35.6543,126.9232,8.876829
17230,35.7135,126.9292,8.87887
17290,35.77234,126.935,8.874348
17350,35.83027,126.9415,8.874215
17410,35.88764,126.9482,8.869193
17470,35.9457,126.9547,8.874197
17530,36.0036,126.961,8.873416
17590,36.06149,126.9678,8.867911
17650,36.11916,126.9738,8.867026
17710,36.17695,126.9801,8.875525
17770,36.23673,126.9864,8.880665
17830,36.29879,126.9934,8.87024
17890,36.36148,127.0003,8.864995
17950,36.42435,127.0022,8.856715
18010,36.48712,127.0001,8.853352
18070,36.55016,126.9991,8.861133
18130,36.61348,126.9972,8.860977
18190,36.67718,126.9936,8.866382
18250,36.74171,126.9923,8.865448
18310,36.80745,126.9997,8.865453
18370,36.8738,127.0076,8.856486
18430,36.93987,127.0142,8.846505
18490,37.00535,127.0211,8.847856
18550,37.07093,127.0282,8.852758
18610,37.13659,127.0403,8.86432
18670,37.2024,127.0553,8.851418
18730,37.26873,127.07,8.839476
18790,37.33474,127.0846,8.845644
18850,37.40091,127.1001,8.833336
18910,37.46725,127.1143,8.832348
18970,37.52863,127.1309,8.829807
19030,37.50689,127.171,8.832352
19090,37.44848,127.1907,8.840483
19150,37.39585,127.2307,8.849458
19210,37.34315,127.2772,8.843982
19270,37.29213,127.3272,8.844657
19330,37.27897,127.4055,8.72246
19390,37.29355,127.5003,7.823765
19450,37.31105,127.5989,6.82438
19510,37.32877,127.6959,5.975372
19570,37.37841,127.7394,5.29483
19630,37.44119,127.7106,4.505199
19690,37.50233,127.6809,3.775469
19750,37.54299,127.639,3.314715
19810,37.54429,127.5916,3.197928
