src/Components/missions/KORUS-AQ/Tracks/KORUSAQ-DC8TRK_MODEL_20160504_RA.ICT
35,1001
Project Office
NSERC - National Suborbital Education and Research Center
DC-8 (N817NA) Data Acquisition and Distribution
KORUS-AQ 2016
1,1
2016,05,04,2016,05,06
1
UTC_mid,seconds, mid time UTC from midnight of the starting data collecting day 
3
1,1,1
-9999,-9999,-9999
Lat, degN, 60 second average of IWG1 latitude
Lon, degE, 60 second average of IWG1 longitude
AltP, km, 60 second average of IWG1 pressure altitude
1
Data from IWG1 file posted on: http://asp-archive.arc.nasa.gov
17
PI_CONTACT_INFO: Melissa Yang melissa.yang@nasa.gov
Platform: DC-8 N817NA
LOCATION: Included in data records
ASSOCIATED_DATA: N/A
INSTRUMENT_INFO:http://www.nserc.und.edu/PDFs/ExperimenterHandbook.pdf
DATA_INFO: data averaged into 60s intervals
UNCERTAINTY: Reference DC-8 Experimenter Handbook located at https://airbornescience.nasa.gov/sites/default/files/DC8_Experimenter_Handbook_Jan2011v2.pdf
ULOD_FLAG: -7777
ULOD_VALUE: N/A
LLOD_FLAG: -8888
LLOD_VALUE: N/A;
DM_CONTACT_INFO: Gao Chen 
PROJECT_INFO: N/A
STIPULATIONS_ON_USE: N/A
OTHER_COMMENTS: N/A
REVISION: RA
UTC_mid,Lat,Lon,AltP_60s
82770,37.09047,127.0278,0.040879
82830,37.06822,126.9856,0.482915
82890,37.03613,127.0302,1.236695
82950,37.07659,127.0968,1.968596
83010,37.13075,127.1603,2.111893
83070,37.18658,127.214,2.109744
83130,37.23839,127.2638,2.111182
83190,37.29642,127.2923,2.110786
83250,37.3625,127.3007,2.033849
83310,37.43082,127.3051,1.799209
83370,37.4936,127.3085,1.72466
83430,37.54938,127.3106,1.499916
83490,37.60256,127.313,1.500088
83550,37.64656,127.2922,1.324773
83610,37.6605,127.2318,1.18616
83670,37.65574,127.1718,1.034476
83730,37.60895,127.143,0.819424
83790,37.55926,127.1341,0.606476
83850,37.51376,127.1253,0.34033
83910,37.47026,127.1174,0.091943
83970,37.42142,127.1126,0.220162
84030,37.37557,127.1607,0.548447
84090,37.3391,127.2356,0.671291
84150,37.31102,127.3106,0.690656
84210,37.27533,127.3789,0.664743
84270,37.2599,127.4551,0.58705
84330,37.27791,127.5317,0.653872
84390,37.28187,127.6148,1.009416
84450,37.31908,127.6677,1.395877
84510,37.38082,127.6604,1.811203
84570,37.40174,127.5909,2.248921
84630,37.39781,127.5063,2.6864
84690,37.34567,127.4635,3.122838
84750,37.28537,127.5086,3.549482
84810,37.28573,127.612,3.982232
84870,37.34273,127.6645,4.427169
84930,37.3956,127.6293,4.872477
84990,37.40144,127.5452,5.303835
85050,37.3764,127.4734,5.734974
85110,37.30039,127.4868,6.164468
85170,37.28157,127.5934,6.598112
85230,37.34148,127.6582,7.03328
85290,37.39254,127.6207,7.312578
85350,37.36094,127.5264,7.303937
85410,37.30387,127.4239,7.31108
85470,37.2475,127.319,7.310226
85530,37.19148,127.2139,7.307925
85590,37.13503,127.1081,7.307636
85650,37.06427,127.0148,7.306543
85710,36.96206,126.9575,7.309434
85770,36.85963,126.9011,7.308042
85830,36.75786,126.8454,7.307336
85890,36.64585,126.8258,7.306579
85950,36.52718,126.8327,7.309165
86010,36.40835,126.8366,7.30853
86070,36.29134,126.8275,7.305167
86130,36.17144,126.8139,7.305182
86190,36.04618,126.8007,7.309744
86250,35.91739,126.7868,7.311121
86310,35.78773,126.7726,7.312101
86370,35.6593,126.7588,7.308647
86430,35.53195,126.7451,7.307102
86490,35.4054,126.7317,7.306091
86550,35.27932,126.7183,7.306203
86610,35.15307,126.7047,7.307153
86670,35.02647,126.6913,7.307554
86730,34.89956,126.6779,7.3079
86790,34.77236,126.6644,7.307209
86850,34.64492,126.6511,7.308682
86910,34.5179,126.6376,7.308906
86970,34.39158,126.6244,7.306833
87030,34.26588,126.6114,7.306198
87090,34.14066,126.5984,7.306797
87150,34.01581,126.5853,7.30665
87210,33.90038,126.5505,7.312147
87270,33.85693,126.4323,7.299279
87330,33.8622,126.2947,7.304608
87390,33.87375,126.1574,6.92276
87450,33.87991,126.0232,6.14557
87510,33.88608,125.8954,5.356855
87570,33.89632,125.7753,4.852726
87630,33.94981,125.7016,4.267672
87690,34.01717,125.7633,3.615695
87750,34.04673,125.8757,3.245078
87810,34.07272,125.977,3.047903
87870,34.0989,126.0715,2.758425
87930,34.12174,126.164,2.733802
87990,34.14338,126.257,2.735174
88050,34.16625,126.3521,2.735951
88110,34.18962,126.4486,2.668107
88170,34.21297,126.5446,2.374504
88230,34.23499,126.637,2.051309
88290,34.27153,126.7113,1.717914
88350,34.34343,126.7265,1.497198
88410,34.41635,126.7329,1.506235
88470,34.4893,126.7394,1.32302
88530,34.56294,126.7451,0.958505
88590,34.63646,126.7463,0.603692
88650,34.70733,126.7561,0.468208
88710,34.77438,126.7643,0.647588
88770,34.84272,126.7704,0.686201
88830,34.9126,126.777,0.446674
88890,34.97886,126.7824,0.404185
88950,35.04616,126.7894,0.420588
89010,35.11555,126.7984,0.442077
89070,35.18652,126.8046,0.4213
89130,35.25547,126.8139,0.518028
89190,35.32368,126.8296,0.673816
89250,35.39721,126.843,0.504927
89310,35.46848,126.8495,0.724682
89370,35.54074,126.8561,0.536443
89430,35.61018,126.8605,0.359156
89490,35.67841,126.8669,0.329926
89550,35.74769,126.8819,0.402493
89610,35.81263,126.8986,0.422382
89670,35.88043,126.8988,0.336266
89730,35.94589,126.8985,0.295265
89790,36.0072,126.9032,0.354117
89850,36.0685,126.913,0.443398
89910,36.13342,126.9241,0.307467
89970,36.19383,126.9307,0.339212
90030,36.25425,126.9353,0.34541
90090,36.31545,126.9424,0.357881
90150,36.3802,126.9552,0.376687
90210,36.44801,126.9636,0.433481
90270,36.51413,126.9639,0.378018
90330,36.58385,126.9688,0.413685
90390,36.65743,126.9837,0.488828
90450,36.73223,126.9764,0.47306
90510,36.80596,126.9847,0.377835
90570,36.87312,126.9989,0.438414
90630,36.93938,127.0065,0.445806
90690,37.00521,127.0076,0.344251
90750,37.06851,127.008,0.390352
90810,37.06047,127.0421,0.711195
90870,37.00233,127.0303,1.024062
90930,36.93531,127.0139,1.040958
90990,36.86563,127.0057,1.039734
91050,36.80113,126.998,1.035517
91110,36.73776,126.9911,1.036254
91170,36.67234,126.9837,1.03603
91230,36.60218,126.9757,1.038169
91290,36.53295,126.9679,1.03823
91350,36.4684,126.9605,1.035583
91410,36.40504,126.9534,1.036183
91470,36.33737,126.946,1.037316
91530,36.26572,126.938,1.039622
91590,36.19708,126.93,1.037016
91650,36.13255,126.9226,1.035781
91710,36.07075,126.9157,1.035934
91770,36.00719,126.9094,1.037097
91830,35.94211,126.9019,1.037778
91890,35.87711,126.8944,1.037514
91950,35.81251,126.8875,1.037173
92010,35.74928,126.8807,1.036183
92070,35.68695,126.8736,1.036665
92130,35.62481,126.8666,1.03635
92190,35.56276,126.86,1.037026
92250,35.50102,126.8524,1.036584
92310,35.43973,126.8439,1.03729
92370,35.37831,126.8359,1.036406
92430,35.31692,126.8273,1.03726
92490,35.25546,126.8189,1.036645
92550,35.19384,126.8105,1.03695
92610,35.13204,126.8022,1.036904
92670,35.06992,126.7958,1.036543
92730,35.00756,126.7896,1.037148
92790,34.9452,126.7837,1.036955
92850,34.88369,126.7775,1.036442
92910,34.82193,126.7717,1.036437
92970,34.75967,126.7657,1.03696
93030,34.69707,126.7594,1.036924
93090,34.63394,126.7536,1.036808
93150,34.57063,126.7477,1.036828
93210,34.50887,126.7416,1.036152
93270,34.44914,126.7357,1.035883
93330,34.39096,126.7302,1.036513
93390,34.33392,126.724,1.036416
93450,34.27586,126.7184,1.037895
93510,34.21528,126.7129,1.186698
93570,34.15281,126.7072,1.767535
93630,34.08378,126.7028,2.397267
93690,34.02534,126.6691,3.051195
93750,34.05815,126.617,3.674786
93810,34.11891,126.6705,4.035359
93870,34.18864,126.7128,4.076553
93930,34.27271,126.7188,4.077579
93990,34.35481,126.7263,4.075643
94050,34.434,126.7339,4.075257
94110,34.51223,126.7414,4.075531
94170,34.5904,126.7493,4.075211
94230,34.66849,126.7569,4.075445
94290,34.74668,126.7642,4.075486
94350,34.82506,126.772,4.076238
94410,34.90376,126.7796,4.075592
94470,34.98279,126.7873,4.075166
94530,35.06221,126.7948,4.07577
94590,35.14184,126.8033,4.075054
94650,35.22167,126.8144,4.075669
94710,35.30168,126.8254,4.075298
94770,35.38173,126.8362,4.075095
94830,35.46183,126.8472,4.075298
94890,35.5419,126.8576,4.074846
94950,35.62204,126.8662,4.074861
95010,35.70212,126.8753,4.075313
95070,35.78225,126.8842,4.07481
95130,35.86246,126.8929,4.074536
95190,35.94266,126.9017,4.074841
95250,36.02248,126.9107,4.074749
95310,36.10126,126.9193,4.074632
95370,36.17917,126.9281,4.074424
95430,36.25632,126.937,4.074637
95490,36.33288,126.9457,4.075115
95550,36.4091,126.9538,4.07481
95610,36.48588,126.9626,4.074429
95670,36.56341,126.9714,4.074541
95730,36.64139,126.9801,4.074363
95790,36.71986,126.9891,4.074358
95850,36.79865,126.9979,4.074678
95910,36.87837,127.0073,4.000033
95970,36.95978,127.0162,3.937767
96030,37.03856,127.03,3.93921
96090,37.11215,127.0723,3.72362
96150,37.17893,127.1381,3.202559
96210,37.23973,127.2172,2.815676
96270,37.30188,127.2877,2.488794
96330,37.37133,127.3161,2.137014
96390,37.44491,127.3052,1.839488
96450,37.51103,127.2983,1.74404
96510,37.5744,127.2928,1.520886
96570,37.63552,127.2803,1.292728
96630,37.66129,127.2218,1.180094
96690,37.65113,127.1602,0.972464
96750,37.60719,127.1429,0.868411
96810,37.56687,127.1344,0.650844
96870,37.52501,127.1271,0.424012
96930,37.48188,127.1194,0.163043
96990,37.4398,127.1127,0.145044
97050,37.39319,127.1423,0.495061
97110,37.36077,127.2175,0.728904
97170,37.32545,127.2867,0.730189
97230,37.29801,127.3597,0.607324
97290,37.29006,127.4421,0.539704
97350,37.28433,127.524,0.780029
97410,37.28459,127.613,1.214735
97470,37.32903,127.6649,1.646321
97530,37.38964,127.6487,1.83895
97590,37.40236,127.5696,2.176988
97650,37.39188,127.489,2.649677
97710,37.33185,127.4652,3.106958
97770,37.27889,127.5184,3.569995
97830,37.28819,127.6236,4.047155
97890,37.35297,127.6663,4.527372
97950,37.39767,127.618,4.989657
98010,37.40115,127.537,5.442819
98070,37.3705,127.4713,5.908954
98130,37.29782,127.518,6.379174
98190,37.25869,127.6279,6.855866
98250,37.31502,127.6967,7.257532
98310,37.36386,127.6376,7.283572
98370,37.36494,127.5487,7.182307
98430,37.29771,127.543,6.742684
98490,37.28751,127.6449,6.692819
98550,37.34317,127.6538,6.252662
98610,37.34177,127.5804,5.782615
98670,37.28517,127.6104,5.03876
98730,37.33183,127.6679,4.311497
98790,37.38672,127.6063,3.613185
98850,37.34635,127.5509,3.127009
98910,37.31292,127.6162,2.790012
98970,37.36635,127.6172,2.383302
99030,37.34317,127.5489,2.024177
99090,37.28108,127.5079,1.678889
99150,37.22225,127.4619,1.356589
99210,37.16753,127.4158,1.071463
99270,37.12384,127.363,0.926287
99330,37.11079,127.2955,0.93506
99390,37.10704,127.2303,0.914491
99450,37.10257,127.1739,0.693948
99510,37.09808,127.1187,0.403662
99570,37.0955,127.0655,0.130566
99630,37.09206,127.0235,0.004506
99690,37.09071,127.0145,0.009154
99750,37.08841,127.0145,0.008392
