src/Components/missions/KORUS-AQ/Tracks/KORUSAQ-HANSEOTRK_MODEL_20160504_RA.ICT
35,1001
Hanseo King Air HL5200 Navigation System
NIER
Hanseo King Air HL5200
KORUS-AQ 2016
1,1
2016,05,04,2016,05,10
1
UTC_mid,seconds, mid time UTC from midnight of the starting data collecting day 
3
1,1,1
-9999,-9999,-9999
Lat, degN, 60 second average of latitude
Lon, degE, 60 second average of longitude
AltGPS, km, 60 second average of GPS altitude
1
Data from GeoTASO instrument
17
PI_CONTACT_INFO: Jinsoo Park
Platform: Hanseo King Air HL 5200
LOCATION: Included in data records
ASSOCIATED_DATA: N/A
INSTRUMENT_INFO:Garmin GPS
DATA_INFO: data averaged into 60s intervals
UNCERTAINTY: TBD
ULOD_FLAG: -7777
ULOD_VALUE: N/A
LLOD_FLAG: -8888
LLOD_VALUE: N/A;
DM_CONTACT_INFO: Gao Chen 
PROJECT_INFO: N/A
STIPULATIONS_ON_USE: N/A
OTHER_COMMENTS: N/A
REVISION: RA
UTC_mid,Lat,Lon,AltGPS
83123,37.08847,127.03,0.021
83181,37.08875,127.0308,0.025
83223,37.08892,127.0331,0.03
83286,37.08916,127.036,0.0295
83336,37.0894,127.0388,0.028
83394,37.0897,127.0422,0.026333
83451,37.09048,127.0442,0.022
83530,37.09157,127.0428,0.0214
83580,37.08966,127.0176,0.129964
83639,37.08266,126.9752,0.633115
83700,37.07783,126.9248,0.905133
83760,37.07516,126.8717,0.934367
83821,37.07153,126.8178,0.936818
83880,37.06828,126.767,0.934533
83940,37.06488,126.7155,0.934
84000,37.06148,126.6639,0.933133
84060,37.05805,126.6121,0.930767
84120,37.0546,126.5601,0.931433
84179,37.05012,126.5092,0.931966
84239,37.03263,126.4662,0.934536
84304,37.01129,126.4204,0.9305
84357,36.99022,126.384,0.924889
84420,-9999,-9999,-9999
84480,-9999,-9999,-9999
84540,-9999,-9999,-9999
84601,36.88374,126.2406,0.627923
84660,36.84687,126.2552,0.6303
84720,36.80948,126.2717,0.630241
84780,36.77254,126.2878,0.631828
84840,36.73465,126.3043,0.6306
84900,36.69714,126.3206,0.628633
84960,36.65967,126.3368,0.6272
85021,36.62196,126.3532,0.628103
85080,36.58514,126.3692,0.6293
85140,36.54821,126.3851,0.630167
85200,36.51132,126.401,0.632167
85260,36.47428,126.417,0.632533
85320,36.43717,126.4329,0.632367
85380,36.39965,126.4477,0.633071
85440,36.36099,126.4523,0.637467
85500,36.32195,126.4557,0.637067
85560,36.28288,126.4588,0.636133
85620,36.24376,126.4621,0.634833
85680,36.20476,126.4654,0.6345
85740,36.16581,126.4685,0.633267
85800,36.12683,126.4719,0.634967
85860,36.08794,126.4751,0.6369
85920,36.04914,126.4784,0.6356
85980,36.01178,126.4855,0.638533
86040,35.99934,126.5279,0.821833
86100,35.99944,126.5803,0.937667
86160,35.99971,126.6308,0.937733
86220,35.99981,126.6802,0.940333
86280,35.99989,126.7294,0.941333
86340,35.99985,126.7785,0.942167
86399,35.99987,126.8274,0.942733
86459,35.99979,126.8765,0.942833
86519,35.99979,126.9257,0.943333
86579,35.99963,126.975,0.945267
86639,35.99955,127.0245,0.9452
86699,36.00522,127.0705,0.946167
86759,36.03877,127.0807,0.942467
86819,36.0776,127.0788,0.944467
86879,36.11646,127.0761,0.947833
86939,36.15531,127.0735,0.9422
86999,36.19408,127.0708,0.9399
87059,36.23315,127.0682,0.9384
87119,36.27246,127.0656,0.940267
87179,36.3118,127.063,0.9422
87239,36.35131,127.0604,0.940767
87299,36.39145,127.0577,0.939323
87360,36.43234,127.055,0.939633
87420,36.473,127.0524,0.943667
87480,36.51352,127.0498,0.945267
87540,36.5537,127.0471,0.949233
87600,36.5943,127.0444,0.970633
87660,36.63954,127.0415,1.1976
87720,36.68655,127.0386,1.2614
87780,36.73213,127.0353,1.2598
87840,36.77679,127.0322,1.2605
87902,36.82669,127.0288,1.257474
87959,36.87491,127.0258,1.254633
88019,36.91925,127.0225,1.254
88079,36.96028,127.0197,1.252667
88139,36.99424,127.0325,1.249433
88199,36.99954,127.0793,1.250467
88259,36.99979,127.1285,1.250433
88319,36.99971,127.1775,1.250133
88379,36.99976,127.2269,1.248
88439,36.9998,127.2761,1.2473
88499,36.99975,127.325,1.246733
88559,36.99976,127.3744,1.248633
88619,36.99953,127.4275,1.247067
88679,36.99574,127.4809,1.248
88739,36.96099,127.4998,1.2478
88799,36.91626,127.4995,1.242733
88859,36.87139,127.4992,1.241667
88919,36.82624,127.4991,1.232867
88979,36.78117,127.4992,1.233733
89039,36.7368,127.4992,1.235733
89099,36.69227,127.4993,1.23671
89160,36.64757,127.4992,1.238633
89220,36.60519,127.5068,1.243833
89280,36.5715,127.542,1.253333
89340,36.53939,127.5803,1.258833
89400,36.50665,127.6181,1.2594
89460,36.46592,127.6335,1.250633
89520,36.42127,127.6356,1.2516
89580,36.37665,127.638,1.2513
89640,36.33284,127.6371,1.2492
89700,36.29432,127.617,1.2495
89760,36.26563,127.581,1.2447
89820,36.23797,127.5441,1.244333
89880,36.20847,127.5098,1.2471
89940,36.16794,127.4989,1.2519
89999,36.12311,127.4995,1.453138
90059,36.0779,127.4991,1.561833
90119,36.03226,127.4996,1.560767
90179,36.00062,127.53,1.563767
90239,35.99936,127.5914,1.560933
90299,35.99958,127.6537,1.559067
90359,35.99964,127.7162,1.5578
90420,35.99966,127.7797,1.556935
90480,35.99964,127.8427,1.555333
90540,35.99955,127.9057,1.5518
90599,36.0021,127.9669,1.5612
90659,36.03417,127.9986,1.561067
90719,36.07816,128.0005,1.574267
90779,36.12267,128.0005,1.5788
90839,36.16708,128.0006,1.579833
90899,36.21163,128.0005,1.580548
90959,36.25634,128.0004,1.580633
91019,36.30102,128.0006,1.589333
91079,36.34645,128.0006,1.5849
91139,36.3916,128.0006,1.582933
91199,36.43685,128.0006,1.576467
91259,36.48216,128.0004,1.577233
91319,36.52793,128.0005,1.5708
91379,36.5728,128.0005,1.566667
91439,36.61823,128.0004,1.557967
91499,36.66347,128.0004,1.5521
91559,36.70839,128.0003,1.5477
91619,36.75353,128.0001,1.5509
91679,36.79894,128.0003,1.551033
91739,36.8444,128.0003,1.547067
91800,36.89033,128.0003,1.54729
91860,36.93583,128.0002,1.543967
91920,36.98037,127.9979,1.546933
91980,37.00346,127.9617,1.554967
92040,37.00934,127.9096,1.554467
92100,37.01433,127.8571,1.558233
92160,37.0195,127.8041,1.5586
92220,37.02462,127.7509,1.5548
92280,37.02964,127.698,1.5547
92340,37.03459,127.6452,1.547033
92400,37.0397,127.5918,1.3189
92460,37.04507,127.5344,0.906267
92520,37.04976,127.4823,0.808
92580,37.05471,127.4289,0.760233
92640,37.05922,127.3762,0.7324
92700,37.06382,127.3249,0.717067
92760,37.069,127.2743,0.7273
92820,37.08742,127.2297,0.783533
92880,37.10166,127.184,0.726133
92940,37.0995,127.1329,0.485433
93000,37.09616,127.0915,0.316533
93058,37.09364,127.0574,0.161429
93107,37.0914,127.0346,0.050625
93152,37.09015,127.0297,0.015
93263,37.08925,127.0298,0.014
93294,37.088,127.0295,0.0155
