src/Components/missions/KORUS-AQ/Tracks/KORUSAQ-B200TRK_MODEL_20160601_RA_20160601KST.ICT
35,1001
GeoTASO Team
NASA GSFC
B-200 (N817NA) GeoTASO
KORUS-AQ 2016
1,1
2016,06,01,2016,06,07
1
UTC_mid,seconds, mid time UTC from midnight of the starting data collecting day 
3
1,1,1
-9999,-9999,-9999
Lat, degN, 60 second average of latitude
Lon, degE, 60 second average of longitude
AltGPS, km, 60 second average of GPS altitude
1
Data from GeoTASO instrument
17
PI_CONTACT_INFO: Scott Janz
Platform: B-200 King Air
LOCATION: Included in data records
ASSOCIATED_DATA: N/A
INSTRUMENT_INFO:http://www.nserc.und.edu/PDFs/ExperimenterHandbook.pdf
DATA_INFO: data averaged into 60s intervals
UNCERTAINTY: Reference DC-8 Experimenter Handbook located at https://airbornescience.nasa.gov/sites/default/files/DC8_Experimenter_Handbook_Jan2011v2.pdf
ULOD_FLAG: -7777
ULOD_VALUE: N/A
LLOD_FLAG: -8888
LLOD_VALUE: N/A;
DM_CONTACT_INFO: Gao Chen 
PROJECT_INFO: N/A
STIPULATIONS_ON_USE: N/A
OTHER_COMMENTS: N/A
REVISION: RA
UTC_mid,Lat,Lon,AltGPS
15640,37.08787861,127.0292431,0.033742243
15700,37.08787809,127.0292446,0.03402912
15760,37.08788076,127.0292423,0.033341604
15820,37.08788248,127.0292382,0.032596008
15880,37.08788109,127.0292399,0.032675699
15940,37.08788023,127.029239,0.032466082
16000,37.08787921,127.0292393,0.032831808
16060,37.08787959,127.0292405,0.032740383
16120,37.08787475,127.0292694,0.032376007
16180,37.08841512,127.029108,0.032586273
16240,37.08826186,127.0242043,0.032623418
16300,37.08873045,127.0220923,0.032236489
16360,37.088797,127.0220815,0.032359775
16420,37.08879688,127.0220806,0.032382977
16480,37.08958941,127.0221519,0.032503953
16540,37.09141084,127.0402278,0.131761398
16600,37.09427016,127.0848091,0.661582564
16660,37.10130871,127.1322867,1.262675369
16720,37.13160353,127.1740809,1.564644047
16780,37.15587848,127.2280345,1.603640053
16840,37.17269264,127.2881801,1.706718079
16900,37.19050742,127.3427003,2.173134782
16960,37.21127715,127.3865557,2.227930915
17020,37.25408401,127.3855133,2.218726017
17080,37.30228714,127.3730559,2.288149612
17140,37.35089294,127.3611951,2.747010863
17200,37.39709557,127.3537372,3.276930451
17260,37.44304804,127.3481713,3.697816294
17320,37.48847438,127.3551428,4.108230929
17380,37.5140123,127.4038512,4.468114556
17440,37.47708746,127.4359108,4.719658087
17500,37.43313294,127.3946754,4.994180802
17560,37.42472369,127.3288368,5.266210807
17620,37.42328215,127.2594603,5.517308857
17680,37.42220607,127.1893048,5.780771004
17740,37.42104895,127.1201211,5.995768807
17800,37.41940068,127.0498426,6.164986638
17860,37.41899369,126.9789854,6.310836028
17920,37.41526274,126.907747,6.43834601
17980,37.41306894,126.8386465,6.647924699
18040,37.41106994,126.7739579,6.874162407
18100,37.41041339,126.7127744,7.123279793
18160,37.4098474,126.6550033,7.275715557
18220,37.41114941,126.5962818,7.404737065
18280,37.41069773,126.5395395,7.566400737
18340,37.41101292,126.4852677,7.703979553
18400,37.41015575,126.4311636,7.818861842
18460,37.40936992,126.3762879,7.916960125
18520,37.40850345,126.3208003,8.01818683
18580,37.40780211,126.265302,8.145861927
18640,37.40642013,126.2107647,8.282109169
18700,37.4056063,126.1575734,8.419923256
18760,37.40486565,126.1050084,8.545269983
18820,37.4044984,126.053228,8.658336816
18880,37.40407879,126.0014429,8.758720164
18940,37.40390521,125.9489839,8.805546817
19000,37.40315825,125.8938023,8.831277908
19060,37.40329269,125.837368,8.828127742
19120,37.40281539,125.7793765,8.803611458
19180,37.4036176,125.7213013,8.797487444
19240,37.40466968,125.6634914,8.789169442
19300,37.403144,125.6053756,8.787870495
19360,37.38179769,125.5604185,8.802314402
19420,37.3405887,125.61397,8.818077693
19480,37.34764479,125.7074196,8.816136948
19540,37.30719749,125.7700658,8.805894148
19600,37.23752337,125.7900128,8.82036033
19660,37.20537227,125.8653089,8.825889924
19720,37.2073602,125.9611294,8.822655864
19780,37.2082592,126.0578437,8.815919277
19840,37.20825018,126.1556236,8.810859639
19900,37.20638822,126.2540853,8.819557186
19960,37.20720114,126.3522534,8.807938721
20020,37.21106652,126.4514448,8.768405027
20080,37.21921326,126.5501289,8.773102381
20140,37.22875836,126.6465615,8.802989605
20200,37.23804769,126.7429571,8.808376163
20260,37.24689906,126.8398998,8.822107757
20320,37.25737127,126.9362834,8.805497554
20380,37.26714673,127.0338575,8.797476758
20440,37.27605717,127.1324874,8.776729999
20500,37.28859234,127.2299288,8.778227927
20560,37.30528088,127.3247771,8.790154128
20620,37.33232549,127.361947,8.78339814
20680,37.34911791,127.3188271,8.788597388
20740,37.36884942,127.2747959,8.781292314
20800,37.38845998,127.2298452,8.79390113
20860,37.40900796,127.1857918,8.792140734
20920,37.4314453,127.1423826,8.800103526
20980,37.46818754,127.1169842,8.776278975
21040,37.51908626,127.1202382,8.779999502
21100,37.55906826,127.1634863,8.788562516
21160,37.53985379,127.2590102,8.780244164
21220,37.48873649,127.3278085,8.786774026
21280,37.45561612,127.3006125,8.766451776
21340,37.45813113,127.2479311,8.784539167
21400,37.45677445,127.1955439,8.792768913
21460,37.45984609,127.1432186,8.782580425
21520,37.46232778,127.0902447,8.789991546
21580,37.46801937,127.0387126,8.792234653
21640,37.48891555,126.9941324,8.785323143
21700,37.51076048,126.9496815,8.779363843
21760,37.53247622,126.9052282,8.783895135
21820,37.55495106,126.8603948,8.767750396
21880,37.57695948,126.815455,8.777359048
21940,37.5988281,126.7715407,8.771080746
22000,37.62006155,126.7270883,8.77633267
22060,37.61180035,126.683356,8.77699407
22120,37.56375758,126.7217878,8.778462989
22180,37.52066527,126.8083205,8.785793354
22240,37.47727581,126.8960408,8.794460112
22300,37.43483759,126.9849307,8.801497242
22360,37.4015337,127.0764153,8.799454625
22420,37.42816461,127.1153865,8.789214109
22480,37.45445358,127.0782227,8.791729433
22540,37.4643135,127.0306545,8.783246338
22600,37.4637043,126.9779256,8.77594094
22660,37.46343133,126.9246539,8.778608353
22720,37.46365669,126.8713692,8.784968947
22780,37.46357296,126.8178606,8.785934038
22840,37.46333164,126.7641738,8.796974118
22900,37.46348488,126.7103548,8.790997353
22960,37.46326788,126.6559956,8.78933398
23020,37.46307051,126.6017244,8.7923891
23080,37.44883877,126.5502282,8.789765559
23140,37.41390733,126.5055386,8.796904148
23200,37.41183098,126.4521076,8.79316216
23260,37.41233419,126.3977159,8.802268132
23320,37.41194911,126.3428829,8.809375894
23380,37.41233015,126.2879021,8.795854909
23440,37.41208221,126.2319569,8.779182891
23500,37.41054143,126.1760756,8.800874487
23560,37.40957316,126.1208654,8.808417965
23620,37.40920816,126.0650005,8.803798938
23680,37.40841476,126.0089325,8.80466402
23740,37.40824014,125.953184,8.805183111
23800,37.40807278,125.8970519,8.80102191
23860,37.40740292,125.8412211,8.813538847
23920,37.40715517,125.7849552,8.802192373
23980,37.40638484,125.7283479,8.816143034
24040,37.40408912,125.67231,8.801960215
24100,37.35557393,125.6655766,8.772795703
24160,37.28783999,125.7201014,8.814717002
24220,37.22176029,125.7777259,8.817168973
24280,37.16957801,125.8472632,8.805070444
24340,37.18089697,125.9377549,8.798843408
24400,37.2055411,126.0250625,8.800858603
24460,37.20854339,126.1234784,8.821032584
24520,37.20566706,126.2233893,8.82997286
24580,37.2080414,126.3235062,8.801725494
24640,37.21286493,126.4231548,8.797343296
24700,37.25259335,126.4745524,8.781097484
24760,37.30450739,126.4864413,8.78990192
24820,37.35784375,126.501006,8.779232801
24880,37.4024364,126.5413106,8.7923311
24940,37.41014944,126.6385171,8.789261316
25000,37.41020339,126.7400707,8.792562892
25060,37.40857243,126.8425105,8.782579561
25120,37.40664585,126.9457621,8.775569263
25180,37.40390098,127.0490783,8.784873245
25240,37.403844,127.1516465,8.79662864
25300,37.40763875,127.2529539,8.803384496
25360,37.40715577,127.3560035,8.808503588
25420,37.40584044,127.460172,8.798486918
25480,37.3910871,127.5595937,8.767873166
25540,37.35216476,127.5619666,8.743763176
25600,37.35090676,127.5103743,8.778948979
25660,37.35062673,127.4587858,8.789713065
25720,37.35097329,127.4068693,8.786767259
25780,37.35054742,127.3540586,8.781234932
25840,37.35044234,127.3011457,8.778354565
25900,37.35100737,127.2480508,8.776645658
25960,37.35104939,127.1949799,8.787832982
26020,37.35113278,127.1415498,8.787680062
26080,37.35162814,127.0876275,8.787803804
26140,37.35263029,127.0327138,8.774897077
26200,37.35350582,126.9775213,8.788013934
26260,37.35362604,126.9220762,8.783597767
26320,37.35370938,126.8664024,8.779849868
26380,37.3530688,126.8109794,8.78276217
26440,37.3528587,126.7558634,8.777053512
26500,37.35331775,126.7007452,8.784738012
26560,37.35318658,126.6459265,8.789660851
26620,37.35183944,126.5908275,8.798353079
26680,37.35078938,126.5357402,8.79587351
26740,37.34948881,126.4800776,8.789368811
26800,37.32199378,126.4377285,8.766718874
26860,37.29408765,126.5001479,8.774823094
26920,37.29667619,126.5990594,8.811000835
26980,37.29647567,126.69972,8.809266964
27040,37.29590624,126.8022878,8.796392682
27100,37.29407163,126.9050677,8.809738709
27160,37.2948236,127.0081832,8.806269267
27220,37.29573606,127.1113989,8.787630138
27280,37.29571268,127.215518,8.78687257
27340,37.29535799,127.3196258,8.782644799
27400,37.29348884,127.4240587,8.774599468
27460,37.25679835,127.491274,8.783945045
27520,37.23641616,127.454399,8.786629268
27580,37.24002611,127.4034724,8.799346723
27640,37.24154557,127.3505134,8.792066502
27700,37.24120869,127.2968185,8.798998806
27760,37.23944395,127.2428275,8.792925672
27820,37.23943654,127.1880609,8.781484621
27880,37.23986267,127.1334029,8.790686737
27940,37.23993919,127.0789052,8.796483623
28000,37.24067388,127.0243784,8.79422646
28060,37.24139191,126.9697106,8.792574688
28120,37.24145511,126.9149243,8.791971045
28180,37.24052991,126.859771,8.783188375
28240,37.24058937,126.804239,8.781479272
28300,37.23964332,126.7494389,8.786586943
28360,37.23721152,126.6941189,8.792745609
28420,37.23865484,126.6393619,8.791573258
28480,37.23945005,126.5843274,8.799802418
28540,37.23944203,126.529123,8.807138529
28600,37.24006402,126.4736438,8.801428463
28660,37.24002738,126.4176349,8.798511479
28720,37.25101564,126.3710272,8.790384898
28780,37.29778196,126.366092,8.79020618
28840,37.34749238,126.3664803,8.799092131
28900,37.3907342,126.3556995,8.816501199
28960,37.40887258,126.3108586,8.818200458
29020,37.4114213,126.2568582,8.808723266
29080,37.4111209,126.2012188,8.796452083
29140,37.41086979,126.144832,8.786419794
29200,37.41044724,126.0878203,8.768391499
29260,37.41006351,126.0308958,8.788480865
29320,37.40955143,125.9744533,8.790664015
29380,37.40881794,125.9177916,8.800876184
29440,37.40787159,125.8609418,8.805304386
29500,37.40744141,125.8037203,8.797850717
29560,37.40672911,125.7464011,8.793168626
29620,37.40531802,125.6888248,8.788583155
29680,37.39021735,125.642815,8.777396111
29740,37.3323064,125.6934078,8.765731151
29800,37.26823129,125.7583581,8.795596463
29860,37.21879702,125.8374412,8.82305124
29920,37.20050227,125.9374938,8.812822777
29980,37.19811842,126.0401386,8.804426566
30040,37.19325828,126.1440013,8.809315866
30100,37.18406005,126.2461474,8.794706679
30160,37.12757526,126.3167951,8.783682993
30220,37.06519554,126.3846878,8.789152286
30280,37.04746954,126.4796142,8.778727492
30340,37.05045194,126.5816177,8.775229315
30400,37.05656486,126.6794447,8.797383574
30460,37.0969315,126.7444585,8.811813591
30520,37.14518087,126.799244,8.798388634
30580,37.18153424,126.8670741,8.785531781
30640,37.18342611,126.967986,8.800443966
30700,37.20325123,127.0480622,8.790170526
30760,37.25386,127.0688724,8.800606139
30820,37.30575909,127.089759,8.786355019
30880,37.357566,127.1065409,8.787636977
30940,37.40789897,127.1105601,8.78119246
31000,37.45787662,127.114478,8.794357146
31060,37.50845969,127.1190052,8.773508055
31120,37.55277712,127.1520664,8.769694223
31180,37.55195257,127.2530785,8.782762091
31240,37.54254711,127.3611426,8.774429069
31300,37.53669748,127.4683418,8.766003358
31360,37.53156296,127.5761321,8.757985644
31420,37.4923317,127.6351977,8.752537373
31480,37.44498407,127.5989818,8.771719953
31540,37.40196295,127.5555174,8.781268002
31600,37.3608326,127.5113195,8.777852603
31660,37.32667732,127.4634677,8.762909022
31720,37.31991732,127.4094058,8.738137957
31780,37.31643246,127.3552982,8.77591627
31840,37.31266241,127.3004529,8.754949109
31900,37.29459351,127.2480609,8.795623787
31960,37.2530358,127.2020152,8.788791835
32020,37.21376733,127.1564053,8.786644717
32080,37.17450273,127.1119846,8.78143862
32140,37.13534237,127.0658449,8.490951374
32200,37.09400871,127.0114872,7.844532822
32260,37.03750958,126.9880054,7.265018475
32320,37.01259916,127.0480466,6.943076024
32380,37.05027686,127.063668,6.587583093
32440,37.09701794,127.0583582,5.986225477
32500,37.14504742,127.0490972,5.308865761
32560,37.19516685,127.0414925,4.64575247
32620,37.24204671,127.0363272,4.066470512
32680,37.28153352,127.0439416,3.653821781
32740,37.30721909,127.0846659,3.33230409
32800,37.32879843,127.1268907,2.883686842
32860,37.34925005,127.1676753,2.396006549
32920,37.36143498,127.2090645,1.997474342
32980,37.33591757,127.2492631,1.948063379
33040,37.30402607,127.2862256,1.928648619
33100,37.27320519,127.326649,1.882076178
33160,37.23317772,127.3440782,1.513490484
33220,37.19227362,127.3520093,1.213086655
33280,37.15244794,127.3544884,1.03524129
33340,37.12351387,127.3206015,0.976560616
33400,37.10970265,127.271267,0.823173896
33460,37.10486381,127.2193061,0.797410146
33520,37.10041634,127.169923,0.713177436
33580,37.0976968,127.1222214,0.437202196
33640,37.09465455,127.079866,0.218579133
33700,37.09171239,127.0425623,0.058967894
33760,37.09006391,127.0298378,0.038124331
33820,37.08824527,127.0296786,0.037820351
33880,37.08778974,127.0293639,0.038038237
