src/Components/missions/KORUS-AQ/Tracks/KORUSAQ-DC8TRK_MODEL_20160511_RA.ICT
35,1001
Project Office
NSERC - National Suborbital Education and Research Center
DC-8 (N817NA) Data Acquisition and Distribution
KORUS-AQ 2016
1,1
2016,05,11,2016,05,12
1
UTC_mid,seconds, mid time UTC from midnight of the starting data collecting day 
3
1,1,1
-9999,-9999,-9999
Lat_60s, degN, 60 second average of IWG1 latitude
Lon_60s, degE, 60 second average of IWG1 longitude
AltP_60s, km, 60 second average of IWG1 pressure altitude
1
Data from IWG1 file posted on: http://asp-archive.arc.nasa.gov
17
PI_CONTACT_INFO: Melissa Yang melissa.yang@nasa.gov
Platform: DC-8 N817NA
LOCATION: Included in data records
ASSOCIATED_DATA: N/A
INSTRUMENT_INFO:http://www.nserc.und.edu/PDFs/ExperimenterHandbook.pdf
DATA_INFO: data averaged into 60s intervals
UNCERTAINTY: Reference DC-8 Experimenter Handbook located at https://airbornescience.nasa.gov/sites/default/files/DC8_Experimenter_Handbook_Jan2011v2.pdf
ULOD_FLAG: -7777
ULOD_VALUE: N/A
LLOD_FLAG: -8888
LLOD_VALUE: N/A;
DM_CONTACT_INFO: Gao Chen 
PROJECT_INFO: N/A
STIPULATIONS_ON_USE: N/A
OTHER_COMMENTS: N/A
REVISION: RA
UTC_mid,Lat_60s,Lon_60s,AltP_60s
82830,37.08972343,127.0414782,0.00689864
82890,37.09196662,127.0445795,0.00669544
82950,37.09366893,127.0428171,0.008636
83010,37.09026715,127.0086422,0.145470875
83070,37.05928515,126.9784585,0.595589341
83130,37.01155757,127.025528,1.198001122
83190,36.99304095,127.1092844,1.820219822
83250,37.01696773,127.1883631,2.110678972
83310,37.08251382,127.2293559,2.115550692
83370,37.15204523,127.261096,2.116495572
83430,37.22373675,127.26715,2.115504972
83490,37.29656983,127.2594681,2.116729252
83550,37.37184622,127.2545643,2.117841772
83610,37.44519995,127.2501468,2.097029013
83670,37.50973037,127.2683802,1.858797341
83730,37.57073303,127.3015623,1.425163474
83790,37.62925815,127.3105659,1.234130081
83850,37.6550331,127.2592191,1.2460884
83910,37.66137315,127.1959419,1.178595522
83970,37.63085747,127.1536332,0.875969772
84030,37.58822538,127.137909,0.784423095
84090,37.54530145,127.1307678,0.539607743
84150,37.5002718,127.1225967,0.279252671
84210,37.4553852,127.1146889,0.108198917
84270,37.4096575,127.126914,0.480481625
84330,37.3706474,127.1908865,0.810981334
84390,37.33420657,127.2615538,0.793902375
84450,37.30099862,127.3373823,0.603981501
84510,37.28705975,127.4196052,0.668218099
84570,37.2817497,127.5082597,0.427441346
84630,37.2820472,127.591095,0.723529137
84690,37.3035307,127.6622372,1.192956682
84750,37.368227,127.6675643,1.662673787
84810,37.40086542,127.6105757,2.113813332
84870,37.401286,127.5285101,2.520269199
84930,37.36756892,127.4662314,2.934497466
84990,37.30010033,127.4751835,3.346795333
85050,37.27758122,127.5576124,3.75636524
85110,37.29581733,127.6473742,4.182130186
85170,37.3631716,127.6669007,4.609459772
85230,37.40155783,127.6054373,4.981854241
85290,37.39920318,127.5131522,5.31763715
85350,37.34476375,127.4626923,5.688080898
85410,37.28059953,127.5098247,6.050833526
85470,37.28355217,127.6160431,6.354602277
85530,37.35004235,127.6667918,6.659112707
85590,37.40220167,127.6047736,6.949490578
85650,37.395793,127.5058565,7.232400849
85710,37.34560202,127.4280596,7.305390286
85770,37.34353635,127.314065,7.305176926
85830,37.35506342,127.1863174,7.311476126
85890,37.36660767,127.0543986,7.308555126
85950,37.37818623,126.9216099,7.304689246
86010,37.3895931,126.7889843,7.303856126
86070,37.40070822,126.6569824,7.303358286
86130,37.4109421,126.5253782,7.302885846
86190,37.41174603,126.3939171,7.304069486
86250,37.40996945,126.2626906,7.303150006
86310,37.40861327,126.1309033,7.303312566
86370,37.40741447,125.9986954,7.303566566
86430,37.40603827,125.8662271,7.303271926
86490,37.40443608,125.7334156,7.303597046
86550,37.40270792,125.6004925,7.304176166
86610,37.40072255,125.4675779,7.302931566
86670,37.39855107,125.3346863,7.303155086
86730,37.3964224,125.2018919,7.303439566
86790,37.39419075,125.0694866,7.303078886
86850,37.39171302,124.9373102,7.303114446
86910,37.3755083,124.8096514,7.302301646
86970,37.32221033,124.6969929,7.304039006
87030,37.26580525,124.5860224,7.302098446
87090,37.2099981,124.474514,7.303444646
87150,37.17429542,124.3537674,7.305334406
87210,37.10622308,124.2749062,7.303830726
87270,36.99957848,124.2811261,7.298791366
87330,36.89166927,124.2851687,7.302575966
87390,36.78375718,124.2880067,7.304171086
87450,36.67565918,124.2893772,7.302560726
87510,36.57141493,124.2896175,7.270211287
87570,36.4736366,124.2882728,6.629399788
87630,36.36555578,124.2893287,5.344078549
87690,36.24947262,124.2892883,4.429429658
87750,36.1472883,124.2699594,3.963984833
87810,36.09057142,124.1833306,3.482294169
87870,36.0333738,124.2095689,3.228680257
87930,36.08452035,124.2672272,2.758231632
87990,36.17217922,124.2753125,2.317455286
88050,36.21366125,124.2191477,1.972457257
88110,36.16989893,124.2117806,1.57469835
88170,36.20063498,124.2736931,1.220200721
88230,36.2253599,124.3326073,0.868644412
88290,36.19649223,124.3157787,0.514893544
88350,36.25091172,124.2815952,0.251586992
88410,36.32098963,124.2729607,0.183829954
88470,36.39548205,124.283492,0.178643274
88530,36.4669819,124.285695,0.170479715
88590,36.5407448,124.2859097,0.172354234
88650,36.61680217,124.2858064,0.173034954
88710,36.69138048,124.2858609,0.171084235
88770,36.7637272,124.285772,0.170830235
88830,36.8335419,124.2865161,0.171262035
88890,36.90359398,124.2863586,0.172242474
88950,36.97780608,124.2862986,0.173212754
89010,37.05224418,124.2852546,0.170835315
89070,37.12414172,124.285692,0.171805595
89130,37.18059248,124.319541,0.174310034
89190,37.18650912,124.401103,0.169336715
89250,37.21416662,124.4789229,0.171993554
89310,37.2523956,124.5551634,0.172989234
89370,37.29027272,124.631052,0.172643794
89430,37.32675935,124.7059851,0.172262794
89490,37.36425015,124.782157,0.172486314
89550,37.39189637,124.8619767,0.173319434
89610,37.3942594,124.9474869,0.172171354
89670,37.39580438,125.0346394,0.172780954
89730,37.39744383,125.1228791,0.171378875
89790,37.39894305,125.2096653,0.172145954
89850,37.40034787,125.2946663,0.171825915
89910,37.40162073,125.3790379,0.171673515
89970,37.40301988,125.4629746,0.171602395
90030,37.40399543,125.5464993,0.171815755
90090,37.40506833,125.6297465,0.171693835
90150,37.40619283,125.713666,0.172516794
90210,37.40727995,125.7995282,0.171119795
90270,37.40821557,125.8867579,0.172486314
90330,37.40900245,125.9739647,0.172623474
90390,37.41014385,126.0592918,0.171673515
90450,37.41047855,126.1371804,0.170306995
90510,37.41081635,126.2171345,0.169057315
90570,37.38588525,126.2657633,0.208772753
90630,37.36710267,126.2108974,0.284546031
90690,37.3869753,126.1338816,0.29730699
90750,37.40333168,126.0593748,0.295376591
90810,37.4040668,125.9840383,0.295661071
90870,37.40367205,125.9010029,0.30053787
90930,37.40302565,125.8189659,0.296646591
90990,37.40234153,125.7408829,0.295808391
91050,37.40259093,125.6622076,0.296529751
91110,37.40221872,125.580843,0.29741875
91170,37.4010229,125.498025,0.29689043
91230,37.40003888,125.4157963,0.29695139
91290,37.39882288,125.3347664,0.30268671
91350,37.39750388,125.2545576,0.29988255
91410,37.39600183,125.1749554,0.29992319
91470,37.39453123,125.0959339,0.29990287
91530,37.39314643,125.0172129,0.30030419
91590,37.39164152,124.938057,0.30060899
91650,37.38944997,124.8579741,0.30026355
91710,37.36580942,124.7880906,0.29982159
91770,37.33269302,124.7242498,0.30093411
91830,37.30104152,124.6603632,0.30974283
91890,37.26995097,124.5964422,0.31276035
91950,37.23838817,124.5315857,0.31259271
92010,37.20608998,124.4664059,0.31272987
92070,37.18016042,124.3975067,0.31304483
92130,37.1739062,124.3200074,0.31120079
92190,37.12802415,124.2912311,0.31214567
92250,37.06765658,124.290945,0.31303975
92310,37.00706568,124.2896002,0.31267907
92370,36.94771672,124.2891396,0.31235395
92430,36.8894805,124.2892484,0.31181039
92490,36.83190537,124.2892482,0.31212535
92550,36.77455047,124.2892826,0.31243015
92610,36.71681215,124.2889854,0.31261811
92670,36.65849593,124.2891024,0.31282131
92730,36.59966182,124.2891768,0.31280099
92790,36.54037,124.2890912,0.31249111
92850,36.48065187,124.2891569,0.31275019
92910,36.42055322,124.2891939,0.31250127
92970,36.36597053,124.2740478,0.384449308
93030,36.34781742,124.1991892,0.753470656
93090,36.30257033,124.1855364,1.411833555
93150,36.29993828,124.2690439,2.016069055
93210,36.3666716,124.2980118,2.543515279
93270,36.45627588,124.2892455,3.051474622
93330,36.55503272,124.287114,3.489091208
93390,36.6632223,124.2864645,4.030197551
93450,36.77446178,124.2866506,4.668215051
93510,36.88319493,124.2868739,5.113959636
93570,36.98504448,124.2868452,5.178150514
93630,37.07988455,124.2870425,5.176123594
93690,37.16222765,124.3121424,5.178445154
93750,37.18876068,124.4112253,5.172034194
93810,37.2274847,124.5078392,5.175828954
93870,37.27700902,124.6038351,5.179237634
93930,37.32737158,124.7038194,5.178993794
93990,37.37656975,124.8052054,5.181025794
94050,37.39522358,124.9168511,5.176082954
94110,37.39616205,125.0324106,5.177195474
94170,37.39790447,125.1469059,5.177114194
94230,37.39978993,125.2600565,5.177180234
94290,37.40159788,125.3722401,5.177149754
94350,37.4032773,125.483983,5.177246274
94410,37.40480802,125.5956373,5.177886354
94470,37.40630723,125.7078295,5.177540914
94530,37.407672,125.8210201,5.177078634
94590,37.408845,125.9349718,5.177393594
94650,37.4100982,126.0496387,5.177159914
94710,37.41117108,126.1645746,5.178003194
94770,37.4121493,126.2800083,5.176992274
94830,37.4130219,126.3956137,5.177551074
94890,37.41196335,126.5103264,5.176931314
94950,37.3999271,126.6183529,5.176408074
95010,37.38454908,126.7194214,4.98942344
95070,37.36984067,126.8211708,4.604913173
95130,37.35542962,126.9213667,4.482576617
95190,37.34062387,127.0238228,3.972072193
95250,37.3266563,127.1330138,3.404123131
95310,37.36003307,127.2159662,3.149386539
95370,37.43217937,127.2429228,2.887639548
95430,37.49364572,127.2910681,2.371100084
95490,37.55059428,127.3417626,1.976338377
95550,37.60845563,127.3697863,1.821936862
95610,37.65870953,127.3533182,1.728469945
95670,37.6780129,127.2951594,1.488175792
95730,37.6784821,127.2324457,1.219271081
95790,37.66432855,127.1699181,1.060262006
95850,37.61908433,127.1437025,0.836965533
95910,37.57469275,127.1358605,0.704250537
95970,37.53223227,127.1285477,0.443351906
96030,37.49099065,127.1210346,0.216997273
96090,37.44749738,127.1135616,0.158663635
96150,37.40922833,127.1401148,0.6310325
96210,37.38144495,127.2080727,0.832891373
96270,37.3453789,127.2756844,0.773115015
96330,37.30182835,127.3340864,0.691387978
96390,37.31348992,127.394434,0.998885448
96450,37.33634957,127.363226,0.998489208
96510,37.29598618,127.3769302,0.704174337
96570,37.28309728,127.4544583,0.460532465
96630,37.28263945,127.5339174,0.593206821
96690,37.28371802,127.6109963,0.972708209
96750,37.31172748,127.6671896,1.453266033
96810,37.37595753,127.6603862,1.912482779
96870,37.39941798,127.6008167,2.331918045
96930,37.3993121,127.5255404,2.757296912
96990,37.37114528,127.4695874,3.187405258
97050,37.30826568,127.4714242,3.610985804
97110,37.28180407,127.5401145,4.029323791
97170,37.29123113,127.6320905,4.460371937
97230,37.35260865,127.6659851,4.890368524
97290,37.39731225,127.6147385,5.32363663
97350,37.39978135,127.5294399,5.766241775
97410,37.36352067,127.4698792,6.205636361
97470,37.29623793,127.486393,6.642816067
97530,37.28132918,127.5821743,7.019716495
97590,37.3257208,127.6592388,7.292817287
97650,37.41737365,127.6655702,7.302398166
97710,37.51576418,127.6852312,7.312050166
97770,37.56431578,127.7978954,7.299629566
97830,37.57930755,127.9341259,7.303754526
97890,37.5980587,128.0659304,7.302657246
97950,37.61604593,128.1943989,7.303175406
98010,37.63496875,128.3197003,7.302433726
98070,37.65389728,128.4425439,7.301986686
98130,37.67225935,128.5630102,7.302520086
98190,37.68988033,128.6807842,7.302332126
98250,37.70150478,128.7963609,7.303017926
98310,37.6998053,128.9109049,7.303251606
98370,37.69777105,129.0265589,7.303744366
98430,37.69602292,129.1441898,7.303632606
98490,37.69452368,129.2636519,7.303896766
98550,37.6927729,129.3846875,7.303434486
98610,37.69077598,129.5063009,7.302870606
98670,37.68700503,129.6275711,7.301656486
98730,37.68369188,129.7482833,7.300549046
98790,37.6881609,129.8685093,7.304191406
98850,37.68362327,129.9899998,7.302616606
98910,37.67936333,130.1122627,7.302271166
98970,37.6776609,130.234766,7.301763166
99030,37.71090317,130.3469983,7.300747166
99090,37.75936032,130.4538231,7.303414166
99150,37.8068676,130.5615492,7.302113686
99210,37.85470392,130.6688719,7.302169566
99270,37.90469745,130.7732735,7.302464206
99330,37.96042442,130.8607005,7.042896535
99390,38.02398483,130.8302078,6.56372047
99450,38.01349062,130.7360716,5.810463174
99510,37.94241993,130.6925841,5.107182917
99570,37.89605712,130.7816104,4.551298854
99630,37.95054247,130.8649578,4.06206439
99690,38.00868135,130.81703,3.634648444
99750,37.96766568,130.7522564,3.337432893
99810,37.89949033,130.7207336,3.032998663
99870,37.84380335,130.7404747,2.609890556
99930,37.83875078,130.8342161,2.258278368
99990,37.8570099,130.9323435,1.825071222
100050,37.88004972,131.0279503,1.487312192
100110,37.91859052,131.1073466,1.120658124
100170,37.97521307,131.0808134,0.756914896
100230,38.00220387,131.0098829,0.469752665
100290,37.97909257,130.946886,0.230184953
100350,37.94978708,130.883729,0.168320715
100410,37.92119408,130.8205692,0.167299635
100470,37.89469243,130.7615433,0.165704515
100530,37.86868287,130.7037936,0.165435275
100590,37.84121707,130.6411171,0.169031915
100650,37.81408308,130.5781203,0.168300395
100710,37.78910638,130.5194979,0.165821355
100770,37.7648964,130.4661255,0.169275755
100830,37.7362202,130.4054632,0.169936155
100890,37.70705795,130.339777,0.174015394
100950,37.68083383,130.2760564,0.175224434
101010,37.67660523,130.2011261,0.173487074
101070,37.67909725,130.1228199,0.174812954
101130,37.68100278,130.0476895,0.173481994
101190,37.68243597,129.9762039,0.174030634
101250,37.68373477,129.9045982,0.175061874
101310,37.68501087,129.8294535,0.175386994
101370,37.68564885,129.7510729,0.183672474
101430,37.67556958,129.6726093,0.201437234
101490,37.66000272,129.5915909,0.199704954
101550,37.64408678,129.5083265,0.200538074
101610,37.6301308,129.4276371,0.198186034
101670,37.61617465,129.3515997,0.196910954
101730,37.6015806,129.2754851,0.195082154
101790,37.59131242,129.1925783,0.30064455
101850,37.58089543,129.1073914,0.642523459
101910,37.57574842,129.0275946,0.92545405
101970,37.58026035,128.9499607,1.134963404
102030,37.58088685,128.8758917,1.267983199
102090,37.59575843,128.7995568,1.421490635
102150,37.61644935,128.7244119,1.57771079
102210,37.63908578,128.6511612,1.509694672
102270,37.661768,128.5767746,1.315912998
102330,37.66371915,128.4991121,1.319326758
102390,37.65058997,128.4223852,1.24233428
102450,37.64413838,128.3425398,1.331767677
102510,37.64449885,128.2593527,1.480235753
102570,37.6359015,128.1704064,1.365691916
102630,37.62977883,128.0883522,1.234318041
102690,37.62799357,128.0136309,1.080571845
102750,37.63770105,127.9348955,0.991295928
102810,37.64939115,127.8590612,0.846607373
102870,37.68300243,127.8181515,0.695883778
102930,37.69657522,127.8843298,0.785977575
102990,37.6863956,127.9643784,1.314678558
103050,37.680193,128.048358,1.616029228
103110,37.67049692,128.1343088,1.620646948
103170,37.65273005,128.2155962,1.672544226
103230,37.64990038,128.3007775,1.697674986
103290,37.65105053,128.3914547,1.699051666
103350,37.65696722,128.4789133,1.694149466
103410,37.64442452,128.5652389,1.691787266
103470,37.62774468,128.6482344,1.690288666
103530,37.60787487,128.7302056,1.690903346
103590,37.5879507,128.8091984,1.692168266
103650,37.56730562,128.8862772,1.690654426
103710,37.55326658,128.9736299,1.695063866
103770,37.57535083,129.0631971,1.482023913
103830,37.60671335,129.1523438,1.019835367
103890,37.6386623,129.2417621,0.641339819
103950,37.67085742,129.3267517,0.367355108
104010,37.6945066,129.4063683,0.290865551
104070,37.69309615,129.4838104,0.29813503
104130,37.69089327,129.5596504,0.328528669
104190,37.6891623,129.6339197,0.32387539
104250,37.6873169,129.7055798,0.32323023
104310,37.6857605,129.7781897,0.32410907
104370,37.6846045,129.8573313,0.32526731
104430,37.68297663,129.9386987,0.32484059
104490,37.68123453,130.0159864,0.32317435
104550,37.67977532,130.0917892,0.32340803
104610,37.67820173,130.1709309,0.32491171
104670,37.67735768,130.2532482,0.32462723
104730,37.70352173,130.3324242,0.32455611
104790,37.73961065,130.4102497,0.32548575
104850,37.77218335,130.4842186,0.32286447
104910,37.80312525,130.5537586,0.32237171
104970,37.83447647,130.6242542,0.32365695
105030,37.86869717,130.7007494,0.32624267
105090,37.90240852,130.7772961,0.32467295
105150,37.93390263,130.8499747,0.32282383
105210,37.96737098,130.9251995,0.32572959
105270,38.00162598,131.0033827,0.32560767
105330,38.03482245,131.0794401,0.32411415
105390,38.06707757,131.152957,0.32372299
105450,38.09018332,131.2243309,0.343987109
105510,38.05665493,131.2751398,0.560359542
105570,38.04333683,131.3378763,0.93688913
105630,38.09117888,131.3303661,1.324503278
105690,38.11087713,131.2637616,1.740875304
105750,38.08923912,131.2030906,2.20209865
