src/Components/missions/KORUS-AQ/Tracks/KORUSAQ-B200TRK_MODEL_20160605_RA.ICT
35,1001
GeoTASO Team
NASA GSFC
B-200 (N817NA) GeoTASO
KORUS-AQ 2016
1,1
2016,06,05,2016,06,07
1
UTC_mid,seconds, mid time UTC from midnight of the starting data collecting day 
3
1,1,1
-9999,-9999,-9999
Lat, degN, 60 second average of latitude
Lon, degE, 60 second average of longitude
AltGPS, km, 60 second average of GPS altitude
1
Data from GeoTASO instrument
17
PI_CONTACT_INFO: Scott Janz
Platform: B-200 King Air
LOCATION: Included in data records
ASSOCIATED_DATA: N/A
INSTRUMENT_INFO:http://www.nserc.und.edu/PDFs/ExperimenterHandbook.pdf
DATA_INFO: data averaged into 60s intervals
UNCERTAINTY: Reference DC-8 Experimenter Handbook located at https://airbornescience.nasa.gov/sites/default/files/DC8_Experimenter_Handbook_Jan2011v2.pdf
ULOD_FLAG: -7777
ULOD_VALUE: N/A
LLOD_FLAG: -8888
LLOD_VALUE: N/A;
DM_CONTACT_INFO: Gao Chen 
PROJECT_INFO: N/A
STIPULATIONS_ON_USE: N/A
OTHER_COMMENTS: N/A
REVISION: RA
UTC_mid,Lat,Lon,AltGPS
12180,37.08787443,127.0292733,0.034440513
12240,37.08787643,127.0292714,0.03435801
12300,37.08787847,127.0292694,0.03427411
12360,37.0878805,127.0292674,0.034190209
12420,37.08788254,127.0292654,0.034106308
12480,37.08788458,127.0292634,0.034022407
12540,37.08788661,127.0292614,0.033938507
12600,37.08788865,127.0292594,0.033854606
12660,37.08789069,127.0292575,0.033770705
12720,37.08789273,127.0292555,0.033686805
12780,37.08789476,127.0292535,0.033602904
12840,37.0878968,127.0292515,0.033519003
12900,37.08789884,127.0292495,0.033435103
12960,37.08790087,127.0292475,0.033351202
13020,37.08790291,127.0292455,0.033267301
13080,37.08790495,127.0292436,0.033183401
13140,37.08790699,127.0292416,0.0330995
13200,37.08790902,127.0292396,0.033015599
13260,37.08791106,127.0292376,0.032931698
13320,37.0879131,127.0292356,0.032847798
13380,37.08791513,127.0292336,0.032763897
13440,37.08791717,127.0292316,0.032679996
13500,37.0879234,127.0292302,0.032724414
13560,37.08793222,127.0292164,0.034350622
13620,37.08793448,127.0292144,0.034146349
13680,37.08790307,127.0292432,0.034491143
13740,37.08790244,127.0292433,0.034591079
13800,37.08790284,127.0292438,0.034328184
13860,37.08790369,127.0292436,0.034000762
13920,37.08790485,127.0292429,0.033993975
13980,37.08790506,127.0292421,0.034049103
14040,37.08813669,127.0295817,0.034235949
14100,37.08887877,127.0317438,0.034872656
14160,37.08923604,127.0360211,0.03520771
14220,37.08965246,127.0408613,0.035503793
14280,37.09084157,127.0443004,0.035553521
14340,37.09116231,127.0446785,0.0354052
14400,37.09118973,127.0446871,0.035291357
14460,37.09166506,127.0423024,0.035410237
14520,37.08853012,127.0073864,0.244218463
14580,37.08292085,126.9504952,0.660861551
14640,37.05859874,126.9183417,1.028540335
14700,37.06048764,126.9661325,1.463021392
14760,37.08094443,127.0200828,1.895883717
14820,37.11392907,127.0683402,2.188284011
14880,37.15242536,127.1238539,2.244760793
14940,37.19335717,127.1809472,2.22935625
15000,37.22537726,127.2416366,2.216315717
15060,37.23924559,127.3110444,2.513659751
15120,37.25019604,127.3701551,3.079002082
15180,37.25909222,127.4268664,3.553265596
15240,37.26673719,127.4848214,3.931198102
15300,37.27637517,127.5424813,4.314328941
15360,37.31819161,127.5517255,4.671703396
15420,37.36467835,127.5311604,5.007633718
15480,37.36675095,127.4730362,5.337208363
15540,37.35601362,127.4092528,5.627315516
15600,37.34925563,127.3466926,5.974696909
15660,37.34521587,127.2855963,6.243414363
15720,37.33837017,127.2250305,6.481328108
15780,37.33219682,127.1631315,6.708155351
15840,37.32460894,127.1024917,6.953151587
15900,37.31663047,127.0430601,7.147085126
15960,37.31260405,126.981312,7.298779623
16020,37.31953916,126.9206705,7.51365504
16080,37.32557371,126.8607308,7.671701651
16140,37.31729934,126.8058402,7.843517698
16200,37.26987807,126.7828878,7.970130827
16260,37.21243431,126.783788,8.130837849
16320,37.15666824,126.7827531,8.271398065
16380,37.10125756,126.7823896,8.390406212
16440,37.04553313,126.7833264,8.489322926
16500,36.98979349,126.7839701,8.59189756
16560,36.93394159,126.7836862,8.683897863
16620,36.87783646,126.7833031,8.788733469
16680,36.82144477,126.7831414,8.861997166
16740,36.764362,126.781826,8.903536338
16800,36.73910489,126.7538201,8.915705321
16860,36.78659253,126.7233132,8.911185931
16920,36.84904289,126.7200262,8.895171225
16980,36.91128518,126.7197684,8.877920049
17040,36.97214938,126.719276,8.883539727
17100,37.03088343,126.7183703,8.893690026
17160,37.08868042,126.7176628,8.897236074
17220,37.14604224,126.7155175,8.887085822
17280,37.20368005,126.7148903,8.890764843
17340,37.26129259,126.7150746,8.888200446
17400,37.31916795,126.7160444,8.877950758
17460,37.34792795,126.6848922,8.892412034
17520,37.30929204,126.6556558,8.912458918
17580,37.24899597,126.6519644,8.889178877
17640,37.18710059,126.6508922,8.87505345
17700,37.12532608,126.650479,8.884151104
17760,37.06366846,126.6510258,8.879206388
17820,37.00194713,126.651691,8.873604096
17880,36.94072842,126.6518386,8.903319382
17940,36.87953195,126.6512011,8.895104316
18000,36.81811884,126.6501905,8.887296545
18060,36.75682676,126.6482356,8.887735476
18120,36.69550462,126.6481674,8.880847139
18180,36.63433448,126.6481334,8.896589936
18240,36.57347219,126.6483541,8.921564185
18300,36.51257432,126.6501539,8.936831023
18360,36.45141338,126.6512141,8.939479239
18420,36.39022991,126.6502054,8.924382135
18480,36.32940523,126.6493839,8.915713514
18540,36.26867144,126.6492058,8.913578143
18600,36.20850752,126.6487315,8.907711845
18660,36.14860333,126.6492227,8.909531433
18720,36.08916535,126.6490571,8.907849456
18780,36.02882559,126.6503945,8.910821005
18840,35.96858826,126.6496023,8.928221881
18900,35.9090996,126.6473046,8.942690742
18960,35.85033007,126.6423977,8.951710559
19020,35.83827927,126.6026393,8.948285543
19080,35.89372851,126.5844975,8.936497303
19140,35.95712668,126.5842154,8.942196445
19200,36.02040422,126.583679,8.944995845
19260,36.08425101,126.5827427,8.928735521
19320,36.14872118,126.5850529,8.920764311
19380,36.21272846,126.5848936,8.917596969
19440,36.27654507,126.5833388,8.91849449
19500,36.33972462,126.5808081,8.926971086
19560,36.40235021,126.5767931,8.926690818
19620,36.46570292,126.5796208,8.93991188
19680,36.52881441,126.5825379,8.936292366
19740,36.59138668,126.5822528,8.936126275
19800,36.65348881,126.5827354,8.933304662
19860,36.71588578,126.5835971,8.909950409
19920,36.77842389,126.5827747,8.900925476
19980,36.84045492,126.5825972,8.895725425
20040,36.90273261,126.5838281,8.899447343
20100,36.9649545,126.5835503,8.894391889
20160,37.02700963,126.5830173,8.901800698
20220,37.08895925,126.5835664,8.90871959
20280,37.1510277,126.5846222,8.901047916
20340,37.21234208,126.5854988,8.915017
20400,37.27311399,126.5858541,8.892663592
20460,37.33387414,126.5837522,8.873862362
20520,37.35958544,126.544005,8.898512475
20580,37.3137583,126.5175238,8.888644609
20640,37.25072922,126.5171217,8.903468703
20700,37.18732292,126.5165047,8.89583173
20760,37.12396602,126.5160909,8.907427565
20820,37.06111323,126.5167493,8.895997506
20880,36.99825504,126.5165389,8.898090476
20940,36.93613014,126.5162388,8.904969279
21000,36.87397913,126.5159059,8.900160721
21060,36.81174441,126.5170177,8.91086398
21120,36.75033999,126.5162871,8.918339857
21180,36.68894785,126.5156674,8.920640679
21240,36.62698342,126.5158739,8.907627662
21300,36.56454903,126.5158857,8.916666066
21360,36.50259015,126.5169742,8.938105633
21420,36.44149767,126.5171422,8.923961762
21480,36.38045796,126.5159492,8.918247834
21540,36.31989965,126.5164322,8.926282781
21600,36.25906088,126.5163897,8.91819547
21660,36.19819111,126.5156678,8.923540889
21720,36.13675047,126.5159163,8.921231208
21780,36.07560936,126.5152108,8.920401435
21840,36.01468783,126.5149017,8.917778391
21900,35.95434363,126.5152971,8.923835758
21960,35.89427341,126.5123596,8.907588093
22020,35.85079737,126.4883234,8.924434939
22080,35.88343763,126.4474814,8.915087321
22140,35.94901599,126.4504735,8.897375737
22200,36.01634026,126.4506724,8.892570924
22260,36.08282504,126.4506546,8.92355294
22320,36.14919099,126.4496924,8.913419712
22380,36.21577153,126.4483319,8.905478289
22440,36.28275105,126.4508214,8.912226926
22500,36.34909704,126.4511221,8.919624642
22560,36.41551054,126.4506997,8.92024762
22620,36.48248005,126.4533547,8.917480891
22680,36.54948789,126.4522199,8.909367566
22740,36.61556672,126.4494284,8.925979456
22800,36.68118526,126.4479796,8.907264733
22860,36.74739296,126.4480105,8.89920909
22920,36.81337019,126.4504826,8.903219173
22980,36.87833932,126.4509291,8.905373273
23040,36.94255616,126.448102,8.892525936
23100,37.00694254,126.4472353,8.886920408
23160,37.07070368,126.4482782,8.898457024
23220,37.13348373,126.4493111,8.912086183
23280,37.1965118,126.4495954,8.893005941
23340,37.25954221,126.4489535,8.892357699
23400,37.32207931,126.4480481,8.882549169
23460,37.36508453,126.4187992,8.89050194
23520,37.33497753,126.381855,8.874890226
23580,37.27204714,126.3818796,8.899274639
23640,37.20944063,126.3814715,8.899455427
23700,37.14639243,126.3818522,8.891575445
23760,37.08342286,126.38161,8.898430088
23820,37.02031858,126.3835035,8.893566396
23880,36.95768384,126.383654,8.905204542
23940,36.89532201,126.3833697,8.886808326
24000,36.83346221,126.384917,8.910518699
24060,36.771611,126.3848195,8.908257921
24120,36.70948665,126.3843353,8.914049096
24180,36.64799644,126.384018,8.935022865
24240,36.58664203,126.3835888,8.912430634
24300,36.52570204,126.3838913,8.904212334
24360,36.46480607,126.3842613,8.897320363
24420,36.4043626,126.3834192,8.910339524
24480,36.34328164,126.383514,8.896294978
24540,36.28176952,126.3832019,8.892630407
24600,36.22053628,126.3837258,8.917473167
24660,36.15955289,126.383905,8.916946306
24720,36.09890966,126.3829,8.918141193
24780,36.03841666,126.3835945,8.924896738
24840,35.9780168,126.3834558,8.902234313
24900,35.94269404,126.3503759,8.92874707
24960,35.98883236,126.3212681,8.924011247
25020,36.05590497,126.3173051,8.933839704
25080,36.12330985,126.3172725,8.924056923
25140,36.19128014,126.3167862,8.918691345
25200,36.25873458,126.3179166,8.932213788
25260,36.32650656,126.3187114,8.917483431
25320,36.39382905,126.3178739,8.914177619
25380,36.46078248,126.3162435,8.913225758
25440,36.52824632,126.3169599,8.910161002
25500,36.59606307,126.3177017,8.910185446
25560,36.66347652,126.317304,8.91745654
25620,36.73020597,126.3150596,8.929515842
25680,36.79713188,126.313538,8.919085329
25740,36.86419763,126.3150294,8.918344748
25800,36.93100662,126.3163567,8.900719243
25860,36.99793958,126.3161042,8.883623686
25920,37.06443653,126.3162184,8.893542378
25980,37.12988898,126.3173658,8.913106706
26040,37.19464232,126.3165849,8.904007138
26100,37.25970029,126.3181663,8.895608306
26160,37.32380679,126.3160311,8.902750468
26220,37.3577598,126.279062,8.901754865
26280,37.31329532,126.2525768,8.887800019
26340,37.25021146,126.2529141,8.876543942
26400,37.18789484,126.2504261,8.899325569
26460,37.12588457,126.2489546,8.897640563
26520,37.06391683,126.2491137,8.904454209
26580,37.00242851,126.2490967,8.907540889
26640,36.94104335,126.24831,8.916385882
26700,36.87924784,126.249842,8.91734674
26760,36.81723337,126.250991,8.92786123
26820,36.75543693,126.250004,8.914284003
26880,36.69386115,126.2497504,8.917312232
26940,36.63254103,126.2505423,8.914990607
27000,36.57148521,126.2505801,8.919953529
27060,36.51101436,126.2498873,8.919251302
27120,36.45025401,126.2488865,8.924832411
27180,36.38888456,126.2496615,8.902900129
27240,36.32710429,126.2503591,8.911067177
27300,36.27468064,126.2306745,8.934625323
27360,36.29434643,126.1853261,8.922238446
27420,36.36099957,126.1819226,8.911303794
27480,36.42915186,126.1827408,8.916904856
27540,36.49741164,126.1835737,8.914493006
27600,36.56538581,126.1836208,8.907811699
27660,36.63315849,126.1837126,8.91052461
27720,36.70076156,126.1834495,8.907164318
27780,36.76832222,126.1832314,8.913684735
27840,36.83606975,126.1837902,8.91026129
27900,36.90389252,126.1841089,8.898092014
27960,36.97151189,126.1841139,8.892239961
28020,37.0390073,126.1839652,8.885599979
28080,37.10440601,126.1943431,8.882844828
28140,37.14205851,126.2677732,8.903592364
28200,37.17119422,126.3542195,8.909970226
28260,37.20039682,126.4410091,8.89806822
28320,37.22992509,126.527869,8.897623269
28380,37.26019833,126.6144433,8.895624852
28440,37.29065456,126.7007544,8.910618149
28500,37.32265943,126.7867342,8.903096893
28560,37.35523591,126.8730607,8.899179674
28620,37.38727479,126.9607131,8.888015498
28680,37.42201851,127.0455208,8.901023793
28740,37.46903914,127.1068279,8.904433272
28800,37.53172091,127.1252933,8.894905337
28860,37.5509337,127.1999158,8.871884445
28920,37.54626945,127.298316,8.873399269
28980,37.54112123,127.3971646,8.86467913
29040,37.53801502,127.4959367,8.897787845
29100,37.53101384,127.5905487,8.894860129
29160,37.48183871,127.6160824,8.891973224
29220,37.43124333,127.5804671,8.883467098
29280,37.38394261,127.5387724,8.885070694
29340,37.34187744,127.4906558,8.888178379
29400,37.32090122,127.4323043,8.889722926
29460,37.31533547,127.3664533,8.895346061
29520,37.30875325,127.3000577,8.901832413
29580,37.2752002,127.2944793,8.405861496
29640,37.2738063,127.39588,7.714685879
29700,37.28267344,127.4984257,6.923079836
29760,37.29342071,127.5946285,5.980973593
29820,37.34967548,127.6331816,4.724469067
29880,37.42201752,127.6097951,3.629737036
29940,37.44244187,127.532772,2.44137365
30000,37.4056221,127.4705507,2.007998607
30060,37.36690271,127.4329012,1.93888496
30120,37.32354093,127.4142488,1.956655317
30180,37.26940093,127.4044626,1.961093385
30240,37.20927432,127.3920882,1.950592485
30300,37.15023826,127.3737325,1.554277658
30360,37.1140741,127.3257247,1.115714011
30420,37.10960792,127.2663828,0.864069256
30480,37.10551706,127.2137802,0.795006336
30540,37.1011844,127.162217,0.639976983
30600,37.09732572,127.1113768,0.392421028
30660,37.0934987,127.0643035,0.151478507
30720,37.090962,127.0337804,0.037598491
