src/Components/missions/KORUS-AQ/Tracks/KORUSAQ-DC8TRK_MODEL_20160601_RA.ICT
35,1001
Project Office
NSERC - National Suborbital Education and Research Center
DC-8 (N817NA) Data Acquisition and Distribution
KORUS-AQ 2016
1,1
2016,06,01,2016,06,02
1
UTC_mid,seconds, mid time UTC from midnight of the starting data collecting day 
3
1,1,1
-9999,-9999,-9999
Lat_60s, degN, 60 second average of IWG1 latitude
Lon_60s, degE, 60 second average of IWG1 longitude
AltP_60s, km, 60 second average of IWG1 pressure altitude
1
Data from IWG1 file posted on: http://asp-archive.arc.nasa.gov
17
PI_CONTACT_INFO: Melissa Yang melissa.yang@nasa.gov
Platform: DC-8 N817NA
LOCATION: Included in data records
ASSOCIATED_DATA: N/A
INSTRUMENT_INFO:http://www.nserc.und.edu/PDFs/ExperimenterHandbook.pdf
DATA_INFO: data averaged into 60s intervals
UNCERTAINTY: Reference DC-8 Experimenter Handbook located at https://airbornescience.nasa.gov/sites/default/files/DC8_Experimenter_Handbook_Jan2011v2.pdf
ULOD_FLAG: -7777
ULOD_VALUE: N/A
LLOD_FLAG: -8888
LLOD_VALUE: N/A;
DM_CONTACT_INFO: Gao Chen 
PROJECT_INFO: N/A
STIPULATIONS_ON_USE: N/A
OTHER_COMMENTS: N/A
REVISION: RA
UTC_mid,Lat_60s,Lon_60s,AltP_60s
82710,37.09335,127.0399,0.096911
82770,37.09693,127.0976,0.486263
82830,37.10348,127.1706,0.849056
82890,37.13944,127.2376,1.592463
82950,37.20412,127.2705,1.944995
83010,37.27484,127.2952,2.146407
83070,37.34679,127.3176,2.149317
83130,37.4207,127.3217,2.149135
83190,37.49355,127.3253,2.148063
83250,37.56499,127.331,2.148987
83310,37.62558,127.3146,2.05202
83370,37.64657,127.2448,1.638777
83430,37.64715,127.1752,1.241161
83490,37.6075,127.1409,0.864702
83550,37.56045,127.1332,0.654792
83610,37.51297,127.1249,0.370535
83670,37.46523,127.1165,0.123942
83730,37.41319,127.1101,0.415717
83790,37.37086,127.1452,1.037646
83850,37.34349,127.217,1.25601
83910,37.31567,127.299,0.764723
83970,37.29485,127.3882,0.472029
84030,37.28285,127.4705,0.437906
84090,37.28122,127.5496,0.69376
84150,37.28338,127.6261,1.10363
84210,37.32381,127.6718,1.539758
84270,37.38443,127.6585,1.970745
84330,37.40149,127.5868,2.384796
84390,37.39721,127.503,2.812069
84450,37.34698,127.4616,3.206714
84510,37.28636,127.4978,3.575619
84570,37.27999,127.5925,3.995034
84630,37.31819,127.6617,4.432671
84690,37.38392,127.6523,4.864105
84750,37.40149,127.571,5.301737
84810,37.38863,127.4865,5.741335
84870,37.31708,127.4681,5.979251
84930,37.24716,127.5314,6.181044
84990,37.25742,127.6297,6.539006
85050,37.31832,127.6702,6.835186
85110,37.38304,127.6545,7.076125
85170,37.40099,127.5727,7.231852
85230,37.39492,127.4727,7.297237
85290,37.34871,127.3738,7.320742
85350,37.28275,127.2777,7.317592
85410,37.18968,127.205,7.315952
85470,37.09421,127.13,7.316378
85530,36.99863,127.052,7.314224
85590,36.90244,126.9724,7.314966
85650,36.80553,126.8924,7.314473
85710,36.70124,126.8299,7.311689
85770,36.57759,126.8299,7.315591
85830,36.45214,126.8358,7.314468
85890,36.32731,126.832,7.314331
85950,36.20336,126.8176,7.314514
86010,36.0791,126.8042,7.314209
86070,35.95471,126.7908,7.313229
86130,35.83051,126.7774,7.314443
86190,35.70694,126.764,7.313442
86250,35.58365,126.7509,7.312518
86310,35.46135,126.7379,7.31333
86370,35.3412,126.7248,7.312101
86430,35.22345,126.7123,7.311171
86490,35.10769,126.7,7.310785
86550,34.99362,126.6878,7.310745
86610,34.88093,126.6758,7.311054
86670,34.76943,126.6641,7.310836
86730,34.659,126.6525,7.311222
86790,34.54956,126.6409,7.311014
86850,34.44092,126.6297,7.31171
86910,34.33313,126.6185,7.31076
86970,34.23086,126.6087,7.262988
87030,34.13355,126.601,6.597823
87090,34.03047,126.5825,5.742544
87150,33.9262,126.5546,5.099217
87210,33.88636,126.4755,4.778644
87270,33.9466,126.451,4.314449
87330,34.01785,126.5072,3.607536
87390,34.08895,126.569,3.088244
87450,34.15731,126.6298,2.681757
87510,34.22266,126.6881,2.281184
87570,34.29432,126.7218,1.874032
87630,34.37173,126.7282,1.571513
87690,34.44479,126.7349,1.545712
87750,34.51533,126.7417,1.545661
87810,34.58678,126.7488,1.547693
87870,34.66112,126.7564,1.547942
87930,34.73677,126.7637,1.547607
87990,34.81255,126.7729,1.549593
88050,34.86449,126.8281,1.544914
88110,34.89872,126.9055,1.546738
88170,34.96276,126.9218,1.546159
88230,35.03395,126.9067,1.548364
88290,35.105,126.8941,1.547957
88350,35.17571,126.8837,1.548587
88410,35.24615,126.8739,1.547561
88470,35.31622,126.8633,1.548394
88530,35.38748,126.8543,1.554429
88590,35.46311,126.8557,1.558371
88650,35.54274,126.8578,1.553002
88710,35.61962,126.8655,1.549679
88770,35.69033,126.8753,1.546393
88830,35.76232,126.8826,1.54907
88890,35.83628,126.8901,1.550111
88950,35.91175,126.8981,1.549786
89010,35.98834,126.9068,1.549811
89070,36.06566,126.9154,1.549446
89130,36.14283,126.9237,1.549496
89190,36.21693,126.932,1.548577
89250,36.28665,126.9401,1.548384
89310,36.35234,126.9476,1.547876
89370,36.41643,126.955,1.548602
89430,36.48403,126.9626,1.550919
89490,36.55548,126.9703,1.552087
89550,36.62782,126.9785,1.551772
89610,36.69812,126.9866,1.550177
89670,36.7647,126.9942,1.550081
89730,36.82925,127.002,1.550152
89790,36.89653,127.0096,1.552529
89850,36.96546,127.017,1.552255
89910,37.03535,127.0251,1.551798
89970,37.10571,127.0302,1.552682
90030,37.13652,126.9759,1.551732
90090,37.0887,126.9351,1.548821
90150,37.02116,126.9406,1.550594
90210,36.95236,126.9676,1.553312
90270,36.88136,126.9998,1.481287
90330,36.80495,126.9975,1.191677
90390,36.73153,126.9903,1.100668
90450,36.65732,126.9824,1.103838
90510,36.58163,126.9738,1.104595
90570,36.50583,126.9649,1.099124
90630,36.43142,126.9564,1.095492
90690,36.35908,126.9482,1.095659
90750,36.28616,126.9401,1.096924
90810,36.21189,126.932,1.097189
90870,36.13651,126.9234,1.097463
90930,36.06057,126.9149,1.096757
90990,35.98466,126.9067,1.096681
91050,35.90925,126.8982,1.096686
91110,35.83418,126.8898,1.096985
91170,35.75922,126.8815,1.097189
91230,35.6843,126.8733,1.096792
91290,35.60953,126.8651,1.097255
91350,35.53473,126.8566,1.092622
91410,35.46458,126.8291,1.09345
91470,35.40288,126.777,1.151727
91530,35.34344,126.7241,1.233475
91590,35.28203,126.6706,1.23128
91650,35.21955,126.6168,1.103914
91710,35.15813,126.5641,1.091402
91770,35.08874,126.5343,1.091722
91830,35.01263,126.5249,1.093013
91890,34.93973,126.539,1.092012
91950,34.87792,126.5919,1.092738
92010,34.82737,126.6601,1.093312
92070,34.77548,126.7269,1.092596
92130,34.71429,126.7653,1.092373
92190,34.64458,126.7605,1.093648
92250,34.56525,126.7472,1.093145
92310,34.48496,126.739,1.091494
92370,34.40796,126.7315,1.091169
92430,34.33055,126.7256,1.091677
92490,34.25259,126.7164,1.081171
92550,34.19358,126.6678,1.03475
92610,34.13999,126.6774,0.685251
92670,34.17456,126.7263,0.350759
92730,34.24772,126.7343,0.344815
92790,34.32172,126.7377,0.400594
92850,34.39325,126.7414,0.389006
92910,34.46513,126.7423,0.380975
92970,34.54055,126.7495,0.386527
93030,34.6158,126.7569,0.412918
93090,34.68884,126.7525,0.422087
93150,34.75652,126.7321,0.46421
93210,34.8168,126.6823,0.363611
93270,34.86304,126.6163,0.328595
93330,34.91876,126.5817,0.353665
93390,34.97987,126.5494,0.348752
93450,35.04209,126.5062,0.387274
93510,35.11327,126.5047,0.440482
93570,35.18373,126.5353,0.478282
93630,35.2557,126.5625,0.451927
93690,35.32064,126.609,0.404348
93750,35.3801,126.668,0.43909
93810,35.44168,126.7175,0.482133
93870,35.49425,126.78,0.427949
93930,35.54288,126.842,0.401295
93990,35.61036,126.8631,0.390708
94050,35.68396,126.8732,0.363982
94110,35.75547,126.8826,0.366222
94170,35.83262,126.8898,0.36641
94230,35.90671,126.8983,0.360065
94290,35.98141,126.9075,0.35942
94350,36.05954,126.9151,0.3718
94410,36.13606,126.9226,0.345211
94470,36.20776,126.9313,0.363276
94530,36.28178,126.9395,0.370911
94590,36.35734,126.948,0.389433
94650,36.42783,126.9564,0.434487
94710,36.49618,126.9638,0.46925
94770,36.57099,126.965,0.458638
94830,36.64542,126.9788,0.595137
94890,36.72301,126.993,0.475559
94950,36.79748,126.9989,0.42166
95010,36.87224,127.0067,0.407319
95070,36.94665,127.0145,0.369382
95130,37.01998,127.0232,0.358633
95190,37.09387,127.0282,0.3597
95250,37.12626,126.9691,0.387066
95310,37.10627,126.8823,0.403388
95370,37.08139,126.7972,0.346415
95430,37.05564,126.7127,0.347741
95490,37.04879,126.6193,0.348574
95550,37.04425,126.5321,0.351216
95610,37.03042,126.45,0.347472
95670,37.0106,126.3628,0.401787
95730,36.95939,126.3463,0.361447
95790,36.95766,126.4139,0.367817
95850,37.01712,126.4224,0.351236
95910,37.0248,126.3562,0.356179
95970,36.97861,126.3515,0.348544
96030,37.0108,126.4034,0.352273
96090,37.06896,126.441,0.366471
96150,37.07816,126.4007,0.368391
96210,37.02078,126.4046,0.364861
96270,36.98253,126.3827,0.364465
96330,37.01441,126.3736,0.336845
96390,36.99235,126.4387,0.45909
96450,36.99217,126.5223,0.362041
96510,37.00099,126.6014,0.353482
96570,37.01472,126.684,0.359253
96630,37.03438,126.768,0.726907
96690,37.051,126.8443,1.371854
96750,37.07182,126.9283,1.59291
96810,37.0964,127.0215,1.807982
96870,37.14318,127.0943,1.916181
96930,37.1963,127.1614,2.13455
96990,37.25145,127.2314,2.133757
97050,37.30645,127.3016,1.985686
97110,37.36885,127.3235,1.859331
97170,37.43479,127.3015,1.843207
97230,37.51257,127.2973,1.658935
97290,37.58624,127.3041,1.459352
97350,37.64384,127.2932,1.342232
97410,37.65596,127.2289,1.283838
97470,37.62925,127.1633,1.087912
97530,37.57674,127.1349,0.776641
97590,37.5234,127.1266,0.539755
97650,37.47749,127.1186,0.179847
97710,37.42892,127.1101,0.318465
97770,37.36668,127.1075,0.801634
97830,37.31358,127.1592,1.090305
97890,37.30686,127.2412,1.201903
97950,37.3121,127.326,0.96807
98010,37.30565,127.4139,0.480314
98070,37.28208,127.4925,0.533974
98130,37.28139,127.5778,0.948111
98190,37.30121,127.6548,1.380018
98250,37.36501,127.667,1.825401
98310,37.40006,127.6138,2.272294
98370,37.39999,127.5263,2.738445
98430,37.35346,127.4641,3.208868
98490,37.28423,127.4982,3.69949
98550,37.27898,127.6006,4.16654
98610,37.3341,127.6642,4.629028
98670,37.39664,127.6243,5.082144
98730,37.39912,127.523,5.536209
98790,37.33618,127.4685,5.997488
98850,37.27466,127.541,6.438351
98910,37.29531,127.6473,6.748434
98970,37.36939,127.6623,6.954057
99030,37.40289,127.5727,7.001241
99090,37.39192,127.4555,7.004167
99150,37.33564,127.3474,7.004695
99210,37.25617,127.2627,7.007428
99270,37.13856,127.2563,7.001479
99330,37.01961,127.237,7.006874
99390,36.90559,127.2636,7.0085
99450,36.83258,127.3831,7.004751
99510,36.80413,127.5304,7.006453
99570,36.72321,127.6353,6.999214
99630,36.62207,127.7223,7.001022
99690,36.53398,127.833,7.003527
99750,36.44426,127.9429,7.005482
99810,36.35349,128.0522,7.005503
99870,36.26223,128.1618,7.004095
99930,36.17053,128.2715,7.005772
99990,36.07388,128.3713,7.006458
100050,35.95447,128.4045,7.000143
100110,35.83144,128.4235,7.005492
100170,35.7085,128.4381,7.003704
100230,35.58566,128.4513,7.004929
100290,35.46306,128.4668,7.004197
100350,35.34077,128.4898,7.00501
100410,35.21866,128.5127,7.005889
100470,35.10091,128.5546,7.002246
100530,35.00283,128.651,7.003882
100590,34.97118,128.7918,7.003344
100650,34.98287,128.9388,6.999772
100710,34.9934,129.0676,6.996816
100770,34.98592,129.1826,7.000992
100830,34.9698,129.2998,7.002262
100890,34.97958,129.4178,6.999859
100950,35.04367,129.4564,7.000606
101010,35.08929,129.3865,6.996521
101070,35.08149,129.3021,6.997293
101130,35.00881,129.3108,6.992117
101190,34.97431,129.4106,6.964649
101250,35.02061,129.4718,6.594353
101310,35.08324,129.4375,6.13601
101370,35.10146,129.3683,5.675284
101430,35.05801,129.2938,5.2156
101490,34.98705,129.3062,4.773493
101550,34.98744,129.3897,4.32434
101610,35.04032,129.3777,3.85698
101670,35.04118,129.2935,3.396071
101730,34.97723,129.2748,2.96479
101790,34.9372,129.3514,2.962493
101850,34.95934,129.4368,3.044154
101910,35.02724,129.4662,3.043575
101970,35.07306,129.4112,3.041416
102030,35.06451,129.3183,3.044871
102090,35.04936,129.2215,3.071038
102150,35.03271,129.1203,3.067212
102210,35.01607,129.016,3.067431
102270,34.99898,128.91,3.066831
102330,34.9818,128.8034,3.066593
102390,34.97318,128.6997,3.070042
102450,35.02292,128.6266,3.06258
102510,35.08755,128.5662,3.066054
102570,35.15805,128.5239,3.065313
102630,35.23708,128.51,3.065993
102690,35.31521,128.495,3.06608
102750,35.39297,128.4805,3.065501
102810,35.47055,128.4659,3.066171
102870,35.54802,128.4555,3.06643
102930,35.62406,128.4474,3.066801
102990,35.69582,128.4397,3.065617
103050,35.76584,128.4324,3.065206
103110,35.83841,128.4232,3.06766
103170,35.91329,128.4112,3.067019
103230,35.98925,128.3993,3.066075
103290,36.0579,128.3874,2.969743
103350,36.11488,128.3422,2.357501
103410,36.16973,128.274,1.797858
103470,36.2256,128.2052,1.334206
103530,36.28033,128.1406,1.245499
103590,36.33431,128.0754,1.248369
103650,36.38832,128.0099,1.248974
103710,36.441,127.9461,1.24966
103770,36.49251,127.884,1.248227
103830,36.5438,127.8238,1.237488
103890,36.59355,127.762,1.303381
103950,36.64223,127.7011,1.261714
104010,36.69644,127.6499,1.266312
104070,36.75665,127.6108,1.267247
104130,36.81039,127.5639,1.268374
104190,36.81427,127.4893,1.271128
104250,36.82262,127.4099,1.259413
104310,36.84103,127.3363,1.258209
104370,36.88955,127.2779,1.25347
104430,36.94304,127.2134,1.254415
104490,36.99873,127.1468,1.256325
104550,37.04998,127.0859,1.252316
104610,37.09652,127.0338,1.191783
104670,37.13521,126.9883,0.933262
104730,37.10669,126.9854,0.898525
104790,37.07634,127.0494,0.926582
104850,37.03309,127.1084,0.686364
104910,36.98556,127.1672,0.402168
104970,36.93715,127.2263,0.441848
105030,36.88951,127.285,0.677067
105090,36.84156,127.3493,0.715813
105150,36.81905,127.429,0.673247
105210,36.80748,127.5138,0.681832
105270,36.79149,127.5979,0.499151
105330,36.73877,127.6434,0.613761
105390,36.67416,127.674,0.687212
105450,36.62157,127.7275,0.717123
105510,36.57656,127.7813,0.827984
105570,36.53316,127.83,0.844784
105630,36.48891,127.8804,0.833105
105690,36.44322,127.9313,0.7198
105750,36.40445,127.9854,0.694375
105810,36.36413,128.0382,0.668269
105870,36.31955,128.0944,0.703636
105930,36.27111,128.1511,0.598089
105990,36.22468,128.2039,0.544505
106050,36.17638,128.2638,0.447848
106110,36.12752,128.3223,0.445882
106170,36.07682,128.3773,0.442859
106230,36.0114,128.3959,0.400715
106290,35.94376,128.4056,0.405755
106350,35.87759,128.4169,0.4156
106410,35.81089,128.4269,0.400832
106470,35.74668,128.4337,0.474406
106530,35.68661,128.4402,0.348356
106590,35.62589,128.447,0.348031
106650,35.56334,128.4543,0.350114
106710,35.50021,128.4652,0.433761
106770,35.50563,128.492,0.899688
106830,35.56619,128.4616,0.944585
106890,35.63255,128.4475,0.942208
106950,35.70285,128.4388,0.945647
107010,35.77196,128.4317,0.943173
107070,35.84217,128.4232,0.944738
107130,35.91148,128.3982,0.946165
107190,35.93402,128.3208,0.945586
107250,35.98047,128.2878,0.943234
107310,36.03043,128.3375,0.945738
107370,36.0875,128.3662,0.943986
107430,36.14201,128.3124,0.944438
107490,36.19077,128.2511,0.945043
107550,36.2398,128.1899,0.946399
107610,36.29083,128.1267,0.944189
107670,36.34136,128.0662,0.944905
107730,36.38988,128.0089,0.943849
107790,36.43599,127.953,0.94455
107850,36.4827,127.8958,0.944763
107910,36.53096,127.837,0.945205
107970,36.57937,127.7782,0.946658
108030,36.62576,127.7216,0.94395
108090,36.67423,127.6678,0.944204
108150,36.73525,127.6256,0.945683
108210,36.79288,127.5818,0.945129
108270,36.81141,127.5053,0.944529
108330,36.81401,127.4176,0.94615
108390,36.8445,127.3398,0.945037
108450,36.89573,127.2773,0.944916
108510,36.94496,127.2177,0.985373
108570,36.99874,127.1887,1.00142
108630,37.05876,127.2137,1.324295
108690,37.12177,127.2387,1.834073
108750,37.18924,127.2656,2.147631
108810,37.25956,127.3144,2.138045
108870,37.32476,127.3738,2.164268
108930,37.38717,127.4096,2.153869
108990,37.4532,127.4028,1.931284
109050,37.51618,127.3912,1.873392
109110,37.57396,127.3628,1.868653
109170,37.61171,127.313,1.538422
109230,37.63809,127.2544,1.282756
109290,37.64567,127.1864,1.067293
109350,37.61377,127.1436,0.920892
109410,37.56691,127.1345,0.708401
109470,37.52235,127.1265,0.430713
109530,37.48019,127.1191,0.201458
109590,37.43694,127.1115,0.356403
109650,37.38453,127.1066,1.061075
109710,37.32514,127.1299,1.317193
109770,37.31004,127.2055,1.550944
109830,37.31094,127.2852,1.53893
109890,37.30782,127.36,1.499398
109950,37.29348,127.4469,0.826826
110010,37.28187,127.5433,0.467634
110070,37.28584,127.6301,0.835391
110130,37.33531,127.6686,1.282167
110190,37.39174,127.6433,1.731162
110250,37.40105,127.5616,2.181255
110310,37.3871,127.483,2.627808
110370,37.3232,127.4665,3.06769
110430,37.28037,127.5266,3.520338
110490,37.29722,127.6123,3.973159
110550,37.3625,127.6438,4.423623
110610,37.38868,127.593,4.877978
110670,37.32196,127.5717,5.316941
110730,37.2603,127.618,5.752571
110790,37.2928,127.6831,6.068527
110850,37.36581,127.6676,6.437152
110910,37.40053,127.594,6.911187
110970,37.40139,127.4994,7.278695
111030,37.37921,127.4065,7.305776
111090,37.32497,127.3292,7.306386
111150,37.27424,127.2604,7.309251
111210,37.21196,127.2112,7.310054
111270,37.15202,127.2766,7.147143
111330,37.16433,127.3891,6.439393
111390,37.24432,127.4348,5.803747
111450,37.3302,127.4485,5.311297
111510,37.41385,127.4538,4.815525
111570,37.48006,127.4246,4.270715
111630,37.44262,127.3632,3.725707
111690,37.35756,127.3818,3.19504
111750,37.27592,127.414,2.807807
111810,37.19928,127.446,2.41647
111870,37.12304,127.4704,1.964324
111930,37.0904,127.4152,1.559387
111990,37.11268,127.3417,1.361313
112050,37.11151,127.2825,1.129619
112110,37.10752,127.2309,0.95914
112170,37.10302,127.1794,0.706328
112230,37.09909,127.1296,0.463834
112290,37.09668,127.0818,0.217551
112350,37.09325,127.0379,0.058517
112410,37.09129,127.0168,0.052349
112470,37.08818,127.0152,0.05142
