src/Components/missions/KORUS-AQ/Tracks/KORUSAQ-B200TRK_MODEL_20160528_RA.ICT
35,1001
GeoTASO Team
NASA GSFC
B-200 (N817NA) GeoTASO
KORUS-AQ 2016
1,1
2016,05,28,2016,06,06
1
UTC_mid,seconds, mid time UTC from midnight of the starting data collecting day 
3
1,1,1
-9999,-9999,-9999
Lat, degN, 60 second average of latitude
Lon, degE, 60 second average of longitude
AltGPS, km, 60 second average of GPS altitude
1
Data from GeoTASO instrument
17
PI_CONTACT_INFO: Scott Janz
Platform: B-200 King Air
LOCATION: Included in data records
ASSOCIATED_DATA: N/A
INSTRUMENT_INFO:http://www.nserc.und.edu/PDFs/ExperimenterHandbook.pdf
DATA_INFO: data averaged into 60s intervals
UNCERTAINTY: Reference DC-8 Experimenter Handbook located at https://airbornescience.nasa.gov/sites/default/files/DC8_Experimenter_Handbook_Jan2011v2.pdf
ULOD_FLAG: -7777
ULOD_VALUE: N/A
LLOD_FLAG: -8888
LLOD_VALUE: N/A;
DM_CONTACT_INFO: Gao Chen 
PROJECT_INFO: N/A
STIPULATIONS_ON_USE: N/A
OTHER_COMMENTS: N/A
REVISION: RA
UTC_mid,Lat,Lon,AltGPS
10900,37.08793346,127.0292372,0.034883145
10960,37.08794479,127.0292147,0.037169254
11020,37.08790973,127.0292525,0.036778602
11080,37.08790653,127.0292537,0.037732985
11140,37.08790687,127.0292524,0.037151482
11200,37.08791039,127.0292544,0.036197249
11260,37.08790811,127.0292554,0.036332161
11320,37.08790657,127.0292546,0.036559545
11380,37.0879088,127.0292524,0.036829137
11440,37.08790931,127.0292537,0.036818579
11500,37.08792357,127.0292527,0.037817288
11560,37.08792327,127.0292533,0.037981464
11620,37.08787779,127.0293054,0.031522961
11680,37.08862434,127.0305351,0.032448867
11740,37.08915568,127.0351132,0.033628064
11800,37.08959529,127.0404174,0.033981139
11860,37.0905472,127.044321,0.034095943
11920,37.09117112,127.0449258,0.034330336
11980,37.09117158,127.0449254,0.034323271
12040,37.09117191,127.0449251,0.034299468
12100,37.09117218,127.0449244,0.034212573
12160,37.09117216,127.0449239,0.034034632
12220,37.09117198,127.0449243,0.033987139
12280,37.09117505,127.0449203,0.033971838
12340,37.0917538,127.0444667,0.034010178
12400,37.09185904,127.0443158,0.034331844
12460,37.09164848,127.0417837,0.034464958
12520,37.08805062,127.0054415,0.247215273
12580,37.07462703,126.9568826,0.75422963
12640,37.0432144,126.9789011,1.291538758
12700,37.03229921,127.0365438,1.84760101
12760,37.04613465,127.0895947,2.188781796
12820,37.07568836,127.145336,2.223693004
12880,37.10169334,127.2071976,2.214344469
12940,37.1439301,127.2447471,2.217067711
13000,37.19838197,127.2579221,2.47591634
13060,37.2497029,127.269705,2.969169645
13120,37.29935717,127.2831051,3.376332008
13180,37.33978482,127.3203014,3.797468635
13240,37.37083572,127.3683938,4.220133457
13300,37.39208187,127.4215298,4.574634099
13360,37.36931551,127.4757347,4.886328437
13420,37.31984681,127.4750566,5.177415022
13480,37.30675148,127.4210921,5.487287378
13540,37.32809895,127.3688234,5.790167082
13600,37.35092231,127.3192479,6.054889402
13660,37.37383007,127.2693598,6.280882121
13720,37.39647507,127.2211626,6.530323422
13780,37.41925106,127.1731538,6.719569616
13840,37.44552478,127.1272601,6.874278033
13900,37.49507123,127.1171598,6.952451106
13960,37.54316103,127.1468311,6.979829083
14020,37.52723694,127.2261762,7.18618257
14080,37.51996028,127.3081888,7.414546304
14140,37.51945214,127.3918132,7.607736981
14200,37.51900724,127.4762733,7.793662869
14260,37.51878929,127.5606663,7.976469766
14320,37.51798274,127.6447216,8.132444808
14380,37.51777655,127.7301702,8.253129971
14440,37.51691036,127.8180407,8.364669209
14500,37.49341204,127.8797658,8.505133298
14560,37.46725434,127.8447091,8.606734924
14620,37.46306217,127.7926394,8.718055885
14680,37.46246399,127.7395519,8.814998988
14740,37.46176455,127.6872491,8.89671442
14800,37.46097902,127.63411,8.898110341
14860,37.46024238,127.5804921,8.897729782
14920,37.46032013,127.5266995,8.896497784
14980,37.4602609,127.4730406,8.895774146
15040,37.46102502,127.4196103,8.898374421
15100,37.46111235,127.365987,8.899130552
15160,37.46050952,127.3120465,8.898436383
15220,37.46096279,127.2581055,8.898103789
15280,37.46095994,127.2034552,8.900767946
15340,37.46045969,127.1480224,8.900584652
15400,37.46078854,127.091711,8.903342685
15460,37.46988977,127.0375735,8.904476367
15520,37.4921246,126.9879508,8.902145886
15580,37.51500817,126.9381355,8.896908343
15640,37.53842751,126.8884403,8.896353951
15700,37.56256001,126.8386639,8.892743259
15760,37.5872741,126.7890021,8.897130545
15820,37.61173536,126.7392282,8.898472017
15880,37.61744882,126.6878261,8.890240375
15940,37.56981694,126.6866424,8.909753474
16000,37.53716185,126.7684726,8.897302996
16060,37.49515294,126.8303699,8.921254066
16120,37.46623475,126.7979668,8.904676658
16180,37.46409332,126.7411946,8.907134636
16240,37.46287163,126.6841476,8.908315415
16300,37.46183624,126.6267949,8.904031643
16360,37.4616372,126.5693356,8.903278125
16420,37.46166727,126.5118046,8.902071648
16480,37.46156846,126.4544109,8.904836549
16540,37.46172804,126.3969263,8.905163993
16600,37.45501107,126.3431715,8.905836663
16660,37.41465839,126.3724105,8.908988022
16720,37.40543606,126.4654291,8.910152967
16780,37.40607428,126.5623307,8.907957144
16840,37.40592221,126.6597393,8.910706314
16900,37.40667952,126.757744,8.908438727
16960,37.40695428,126.856492,8.904709115
17020,37.40732439,126.9557388,8.906249277
17080,37.4075026,127.0549221,8.902691165
17140,37.40733883,127.1542857,8.899692286
17200,37.40736814,127.2535216,8.897819156
17260,37.40676495,127.3526279,8.903989301
17320,37.40671056,127.4519592,8.904634902
17380,37.40644795,127.551475,8.900690884
17440,37.40593908,127.6511821,8.898732373
17500,37.40552299,127.7507885,8.899047574
17560,37.40343076,127.849973,8.895052228
17620,37.36641742,127.898232,8.914218881
17680,37.35187229,127.8524949,8.91142455
17740,37.35083589,127.7961312,8.906528554
17800,37.3505346,127.7392301,8.90773261
17860,37.35076331,127.6822534,8.906465096
17920,37.35090008,127.6247447,8.903467301
17980,37.35131683,127.5667519,8.903591282
18040,37.35139222,127.5088222,8.906352824
18100,37.35105504,127.4512433,8.915622656
18160,37.35101638,127.3933004,8.909463233
18220,37.35095692,127.3348923,8.908278357
18280,37.3509079,127.2762664,8.906706656
18340,37.35131502,127.217565,8.911512592
18400,37.35220544,127.1588546,8.903932974
18460,37.35171217,127.1000434,8.907819221
18520,37.35086638,127.041565,8.911199843
18580,37.35089713,126.9827036,8.904591956
18640,37.35071157,126.9239172,8.904777434
18700,37.35029291,126.8653269,8.904974934
18760,37.35015042,126.8066275,8.904435885
18820,37.35040533,126.7476248,8.900940844
18880,37.35023723,126.688535,8.907840544
18940,37.35055675,126.6295236,8.905199538
19000,37.3507914,126.5701777,8.900806009
19060,37.35065605,126.5108935,8.904931613
19120,37.35080251,126.4514051,8.896242155
19180,37.35042973,126.3912286,8.889907567
19240,37.35126373,126.332399,8.907582663
19300,37.35093059,126.2734829,8.902479652
19360,37.31667079,126.262806,8.893319906
19420,37.29903031,126.3511815,8.923647001
19480,37.2972503,126.450735,8.911864285
19540,37.2964474,126.5514493,8.91151206
19600,37.29675662,126.6524045,8.917183709
19660,37.29687517,126.7535507,8.910510129
19720,37.29701312,126.8544159,8.914397282
19780,37.29794547,126.9553554,8.909556399
19840,37.29798205,127.0562343,8.907304669
19900,37.29642813,127.1570249,8.907887384
19960,37.29680432,127.2577278,8.910599904
20020,37.2971066,127.3585753,8.908793708
20080,37.29674786,127.4594635,8.907195938
20140,37.29662495,127.5601804,8.908463529
20200,37.2958746,127.6608135,8.908703061
20260,37.29493079,127.7616034,8.910507381
20320,37.28840846,127.8592109,8.912836204
20380,37.24607338,127.8780134,8.914140704
20440,37.23871354,127.8236796,8.911560987
20500,37.23857227,127.765775,8.913510661
20560,37.23900239,127.7075154,8.913448381
20620,37.23955551,127.6491651,8.913224556
20680,37.23943213,127.5906617,8.91345807
20740,37.23956832,127.5318645,8.913149001
20800,37.23983771,127.4728227,8.91198927
20860,37.2400372,127.4136507,8.91245932
20920,37.2404394,127.3543675,8.911156175
20980,37.24045301,127.2948169,8.914166324
21040,37.24054223,127.2352383,8.915306357
21100,37.24051748,127.1758414,8.915257688
21160,37.24065582,127.1166714,8.91256539
21220,37.24063792,127.0572812,8.910446615
21280,37.24026494,126.9979154,8.91458273
21340,37.24025473,126.9389457,8.91837041
21400,37.2401285,126.8800993,8.916357258
21460,37.2398764,126.8210409,8.914024613
21520,37.23873793,126.7617939,8.91836714
21580,37.23964682,126.7025879,8.921221329
21640,37.23940521,126.6434045,8.922050589
21700,37.23937806,126.5844048,8.922154757
21760,37.23858885,126.5247405,8.912822392
21820,37.23826564,126.4650251,8.912276272
21880,37.2372484,126.4055757,8.906221721
21940,37.20103029,126.3988246,8.915481677
22000,37.18451904,126.4894301,8.922312561
22060,37.18432706,126.5905657,8.912594909
22120,37.18508175,126.692008,8.924313567
22180,37.18555311,126.7936976,8.915040725
22240,37.18679304,126.8958479,8.915552872
22300,37.18740021,126.9979816,8.915715126
22360,37.18611828,127.1002066,8.921370819
22420,37.18584904,127.2023838,8.920590442
22480,37.18639932,127.3049711,8.91096029
22540,37.18702044,127.4083684,8.902100157
22600,37.18706806,127.5107846,8.916202481
22660,37.18584098,127.6128614,8.907033795
22720,37.1843098,127.7152714,8.908847333
22780,37.18399285,127.8171286,8.907504415
22840,37.15322446,127.8832618,8.915949814
22900,37.13400163,127.8420289,8.89296059
22960,37.13310743,127.7844169,8.913610282
23020,37.13181669,127.7261354,8.912379422
23080,37.13106492,127.6674839,8.912745707
23140,37.13003455,127.6087126,8.907577783
23200,37.12984312,127.5501127,8.908363457
23260,37.12982955,127.4916049,8.915732822
23320,37.12921573,127.4331898,8.91500334
23380,37.12941806,127.3746244,8.918784055
23440,37.12993823,127.3157562,8.913645934
23500,37.13053343,127.2568461,8.915702653
23560,37.13033802,127.1977969,8.913086273
23620,37.1304187,127.1390377,8.917003305
23680,37.13034118,127.0802679,8.916299486
23740,37.1304593,127.0215335,8.915074646
23800,37.13038908,126.9628469,8.918165047
23860,37.13030486,126.9040399,8.916761752
23920,37.13031533,126.8449813,8.915702212
23980,37.1299638,126.7856379,8.918425736
24040,37.12976353,126.7262607,8.919701608
24100,37.12949395,126.6668091,8.920048968
24160,37.12925386,126.6067106,8.918409284
24220,37.12896002,126.5462883,8.919724001
24280,37.12850944,126.4855539,8.922204377
24340,37.12756096,126.4248881,8.926379509
24400,37.09456361,126.3935602,8.928545041
24460,37.05713877,126.4618674,8.924128042
24520,37.06014789,126.5620226,8.926529745
24580,37.06613419,126.6628003,8.93005926
24640,37.0707695,126.7640115,8.923455998
24700,37.07238101,126.8656338,8.920725898
24760,37.07234851,126.9673983,8.92097364
24820,37.07231394,127.0693041,8.922607436
24880,37.07221873,127.1715695,8.921953039
24940,37.0718947,127.274119,8.918400761
25000,37.05235636,127.3610977,8.923738861
25060,37.01870088,127.3420365,8.923464381
25120,37.0167722,127.2845239,8.921430016
25180,37.01693659,127.2264801,8.921987973
25240,37.01698199,127.1677326,8.916915995
25300,37.01712084,127.1082249,8.913124867
25360,37.01639888,127.0487752,8.923232754
25420,37.01642382,126.9890514,8.92429633
25480,37.01635997,126.9291054,8.921651374
25540,37.01655989,126.8688822,8.919826952
25600,37.0167997,126.8087728,8.921273736
25660,37.01702895,126.7486795,8.920636782
25720,37.01726921,126.6885086,8.919396905
25780,37.01707589,126.6286657,8.926104275
25840,37.01677428,126.5688983,8.918232868
25900,37.01456846,126.5095047,8.918804427
25960,36.97617334,126.5031512,8.923579125
26020,36.96267844,126.5945614,8.929157864
26080,36.96199184,126.6966334,8.922584357
26140,36.96190112,126.7994343,8.919833217
26200,36.96191862,126.9023112,8.927568475
26260,36.9618217,127.0049899,8.930701012
26320,36.96119447,127.1077693,8.918778505
26380,36.96075315,127.2106594,8.924254409
26440,36.96199146,127.3134725,8.906723326
26500,36.99735455,127.3709068,8.931988102
26560,37.04655699,127.3468642,8.910266985
26620,37.09393021,127.315856,8.917143825
26680,37.14222643,127.2862529,8.928399749
26740,37.19167112,127.2579218,8.918090638
26800,37.24073862,127.2278373,8.910673468
26860,37.29066293,127.1984311,8.915609204
26920,37.33811826,127.1648656,8.90625463
26980,37.3842205,127.1311525,8.928036075
27040,37.43897704,127.1182297,8.885871484
27100,37.4974684,127.1190463,8.896574408
27160,37.55273073,127.1347104,8.912992308
27220,37.56419496,127.2157572,8.904533829
27280,37.54876408,127.3119931,8.909116469
27340,37.53456216,127.4101548,8.907058741
27400,37.529119,127.5103104,8.906159192
27460,37.51278108,127.5995426,8.911421977
27520,37.45600876,127.604001,8.918422708
27580,37.40864867,127.564382,8.908826411
27640,37.36574756,127.5193036,8.912170662
27700,37.32952641,127.4705661,8.914771917
27760,37.31914624,127.4102326,8.91266072
27820,37.30848774,127.3489526,8.911625234
27880,37.29085959,127.2945268,8.863653879
27940,37.24668562,127.3347046,7.997544546
28000,37.25096115,127.4386607,7.062279189
28060,37.26221913,127.5333184,6.048192143
28120,37.31002775,127.5664645,5.011419353
28180,37.36813429,127.5472779,3.925712068
28240,37.39120814,127.4905195,3.122673249
28300,37.38393309,127.4341355,2.700464389
28360,37.36854359,127.3874653,2.383202549
28420,37.32766414,127.3842951,2.110013192
28480,37.28436214,127.3732608,1.890176324
28540,37.24128879,127.3545915,1.72856974
28600,37.19776063,127.3361589,1.651177216
28660,37.15204953,127.3133912,1.510633936
28720,37.11551322,127.2703401,1.22561696
28780,37.10552719,127.2131869,0.881610508
28840,37.10101277,127.1603415,0.614187601
28900,37.09742931,127.1147649,0.390976335
28960,37.09407399,127.0715659,0.18159839
29020,37.09138857,127.0388008,0.041758457
29080,37.09021829,127.030233,0.035025709
29140,37.08818007,127.0296323,0.034602321
29200,37.08779974,127.0293629,0.034315701
29260,37.0878023,127.0293627,0.03470475
29320,37.08780264,127.0293628,0.034797244
