src/Components/missions/KORUS-AQ/Tracks/KORUSAQ-DC8TRK_MODEL_20160501_RA.ICT
35,1001
Project Office
NSERC - National Suborbital Education and Research Center
DC-8 (N817NA) Data Acquisition and Distribution
KORUS-AQ 2016
1,1
2016,05,01,2016,05,01
1
UTC_mid,seconds, mid time UTC from midnight of the starting data collecting day 
3
1,1,1
-9999,-9999,-9999
Lat, degN, 60 second average of IWG1 latitude
Lon, degE, 60 second average of IWG1 longitude
AltP, km, 60 second average of IWG1 pressure altitude
1
Data from IWG1 file posted on: http://asp-archive.arc.nasa.gov
17
PI_CONTACT_INFO: Melissa Yang melissa.yang@nasa.gov
Platform: DC-8 N817NA
LOCATION: Included in data records
ASSOCIATED_DATA: N/A
INSTRUMENT_INFO:http://www.nserc.und.edu/PDFs/ExperimenterHandbook.pdf
DATA_INFO: data averaged into 60s intervals
UNCERTAINTY: Reference DC-8 Experimenter Handbook located at https://airbornescience.nasa.gov/sites/default/files/DC8_Experimenter_Handbook_Jan2011v2.pdf
ULOD_FLAG: -7777
ULOD_VALUE: N/A
LLOD_FLAG: -8888
LLOD_VALUE: N/A;
DM_CONTACT_INFO: Gao Chen 
PROJECT_INFO: N/A
STIPULATIONS_ON_USE: N/A
OTHER_COMMENTS: N/A
REVISION: RA
UTC_mid,Lat,Lon,AltP_60s
83170,37.09141,127.0173,0.057653
83230,37.06746,126.9787,0.380771
83290,37.02603,127.0107,0.68262
83350,37.05141,127.0605,0.937219
83410,37.11263,127.0423,1.159307
83470,37.17212,127.0142,1.191844
83530,37.22929,127.0085,1.326413
83590,37.28131,127.0536,1.471183
83650,37.33675,127.1016,1.493804
83710,37.3931,127.1517,1.491889
83770,37.44772,127.1988,1.362512
83830,37.48798,127.1856,1.033353
83890,37.51921,127.1655,1.112728
83950,37.55544,127.2206,1.198743
84010,37.5913,127.2881,1.198799
84070,37.64031,127.3345,1.195786
84130,37.6701,127.2942,1.199845
84190,37.66655,127.2259,1.198006
84250,37.64305,127.1703,1.038052
84310,37.60203,127.1415,0.793029
84370,37.56112,127.1333,0.629199
84430,37.51723,127.1257,0.354716
84490,37.47154,127.1175,0.112771
84550,37.42412,127.114,0.246675
84610,37.38881,127.1573,0.655574
84670,37.36066,127.2256,0.857458
84730,37.32354,127.2938,0.873521
84790,37.29315,127.3607,0.863366
84850,37.29661,127.4303,0.825602
84910,37.28967,127.5054,0.813125
84970,37.3187,127.567,1.111829
85030,37.37291,127.5374,1.535272
85090,37.37738,127.465,1.948261
85150,37.3249,127.4377,2.404115
85210,37.2879,127.4962,2.933705
85270,37.32102,127.5752,3.555482
85330,37.39238,127.5672,4.200078
85390,37.41106,127.4847,4.798802
85450,37.35626,127.4414,5.29402
85510,37.29166,127.4858,5.78837
85570,37.28042,127.585,6.155131
85630,37.34108,127.6603,6.503975
85690,37.41635,127.6305,6.706728
85750,37.40691,127.5354,6.703461
85810,37.35139,127.4444,6.704863
85870,37.29395,127.3533,6.704381
85930,37.2361,127.2603,6.702059
85990,37.17424,127.1613,6.703151
86050,37.10808,127.0587,6.70466
86110,37.01981,126.9893,6.705539
86170,36.92254,126.9365,6.702557
86230,36.82613,126.8827,6.702095
86290,36.72866,126.8336,6.699804
86350,36.62178,126.8284,6.704508
86410,36.51224,126.8332,6.704315
86470,36.40272,126.8367,6.703603
86530,36.29415,126.8278,6.701317
86590,36.18592,126.8159,6.703141
86650,36.07774,126.804,6.70277
86710,35.96962,126.7925,6.702511
86770,35.86162,126.7808,6.703471
86830,35.7537,126.7691,6.701582
86890,35.64549,126.7576,6.702816
86950,35.53614,126.7458,6.704132
87010,35.4262,126.7339,6.702079
87070,35.31602,126.7221,6.702826
87130,35.20563,126.7103,6.702115
87190,35.09571,126.6985,6.702694
87250,34.98634,126.687,6.701272
87310,34.87743,126.6755,6.702664
87370,34.76809,126.664,6.702577
87430,34.65815,126.6526,6.702745
87490,34.54797,126.6409,6.702323
87550,34.43744,126.6292,6.702496
87610,34.32656,126.6178,6.702603
87670,34.21593,126.6064,6.702455
87730,34.10695,126.5948,6.700708
87790,33.99935,126.5834,6.70086
87850,33.89475,126.5589,6.709008
87910,33.84988,126.4564,6.696308
87970,33.8585,126.3275,6.700078
88030,33.86691,126.1987,6.702989
88090,33.87514,126.0735,6.700642
88150,33.8828,125.9625,6.700078
88210,33.8897,125.864,6.698295
88270,33.89554,125.7645,6.703634
88330,33.90162,125.6621,6.70275
88390,33.90885,125.5578,6.704843
88450,33.91778,125.4529,6.703593
88510,33.92549,125.3475,6.701028
88570,33.93311,125.2445,6.702836
88630,33.9398,125.1442,6.702572
88690,33.95243,125.0482,6.657594
88750,34.01609,125.0203,6.212154
88810,34.03289,125.1027,5.635467
88870,33.97284,125.1029,5.06383
88930,33.9995,125.0389,4.551289
88990,34.0498,125.0923,4.047967
89050,33.99702,125.1409,3.531707
89110,33.92478,125.1189,3.09374
89170,33.89312,125.1786,2.874462
89230,33.92289,125.2625,2.724257
89290,33.96076,125.3453,2.727335
89350,33.99919,125.4261,2.725542
89410,34.03628,125.5028,2.722819
89470,34.07258,125.5843,2.728229
89530,34.10946,125.6708,2.728443
89590,34.13628,125.7625,2.728387
89650,34.14842,125.8583,2.727467
89710,34.16028,125.9508,2.725501
89770,34.17118,126.0404,2.726954
89830,34.18245,126.1309,2.727975
89890,34.19414,126.2235,2.727985
89950,34.20584,126.3183,2.727371
90010,34.21775,126.4144,2.727701
90070,34.22929,126.5106,2.727853
90130,34.24048,126.6046,2.726883
90190,34.25794,126.6923,2.726324
90250,34.32268,126.7255,2.725298
90310,34.39955,126.7313,2.727985
90370,34.47695,126.7382,2.728824
90430,34.5554,126.7457,2.727736
90490,34.63524,126.7533,2.727371
90550,34.71561,126.7615,2.727833
90610,34.7956,126.7692,2.72731
90670,34.87476,126.7767,2.726847
90730,34.95271,126.7841,2.727528
90790,35.03038,126.7918,2.727157
90850,35.10948,126.7995,2.727767
90910,35.18982,126.8101,2.727203
90970,35.27185,126.821,2.552273
91030,35.35611,126.8331,2.161433
91090,35.43811,126.8411,1.750568
91150,35.51529,126.8153,1.386545
91210,35.59224,126.8059,1.036213
91270,35.67151,126.8079,0.641894
91330,35.74663,126.8145,0.391668
91390,35.8177,126.8177,0.37085
91450,35.88939,126.8252,0.371079
91510,35.95964,126.8363,0.387071
91570,36.02732,126.8458,0.441122
91630,36.0952,126.8584,0.359776
91690,36.16013,126.8636,0.376103
91750,36.23105,126.8675,0.407629
91810,36.30255,126.8733,0.459085
91870,36.36893,126.8855,0.577317
91930,36.43893,126.8964,0.637464
91990,36.51222,126.9042,0.579674
92050,36.58397,126.914,0.507258
92110,36.65255,126.9176,0.502778
92170,36.72282,126.9213,0.500639
92230,36.79305,126.9307,0.603407
92290,36.86583,126.9442,0.492674
92350,36.93755,126.9271,0.34733
92410,36.99961,126.9376,0.421477
92470,37.05446,126.9908,0.504154
92530,37.05031,127.0489,0.807796
92590,36.98398,127.062,0.95696
92650,36.91899,127.0671,1.192784
92710,36.86111,127.041,1.191463
92770,36.80114,127.0031,1.193221
92830,36.73709,126.9904,1.192566
92890,36.67372,126.9844,1.192042
92950,36.60769,126.9765,1.193363
93010,36.54053,126.9688,1.194603
93070,36.47582,126.9612,1.191834
93130,36.41321,126.9546,1.192515
93190,36.34927,126.9477,1.19346
93250,36.28211,126.9434,1.193998
93310,36.22136,126.9756,1.193907
93370,36.16005,126.9846,1.191397
93430,36.10034,126.9796,1.193836
93490,36.03621,126.9601,1.194293
93550,35.97048,126.932,1.194135
93610,35.90366,126.9352,1.194572
93670,35.84081,126.9484,1.192185
93730,35.77618,126.9459,1.191631
93790,35.70891,126.9375,1.194105
93850,35.64026,126.9299,1.194862
93910,35.57481,126.9223,1.193119
93970,35.51515,126.9156,1.19065
94030,35.46434,126.8997,1.193373
94090,35.42634,126.8544,1.386789
94150,35.36878,126.8342,1.870334
94210,35.30378,126.8238,1.971228
94270,35.23511,126.8157,2.084177
94330,35.16875,126.8068,2.366045
94390,35.10178,126.799,2.4054
94450,35.0328,126.7922,2.405212
94510,34.96322,126.7849,2.404293
94570,34.89342,126.7782,2.40444
94630,34.82329,126.7717,2.403267
94690,34.75281,126.7649,2.405355
94750,34.68227,126.7579,2.404186
94810,34.61192,126.7515,2.404943
94870,34.54113,126.7443,2.404501
94930,34.47048,126.7378,2.405878
94990,34.40242,126.7313,2.404344
95050,34.33788,126.7245,2.403714
95110,34.27128,126.7191,2.404801
95170,34.21432,126.7458,2.408971
95230,34.24187,126.8138,2.409256
95290,34.31386,126.7915,2.401103
95350,34.3843,126.7428,2.405172
95410,34.46667,126.7373,2.491171
95470,34.55231,126.7457,2.706405
95530,34.63709,126.7536,2.72289
95590,34.72191,126.7619,2.723103
95650,34.80527,126.7699,2.722875
95710,34.88507,126.779,2.722362
95770,34.96388,126.7864,2.72223
95830,35.0447,126.7933,2.723317
95890,35.12713,126.8014,2.723327
95950,35.21063,126.813,2.723779
96010,35.29519,126.8245,2.72192
96070,35.3803,126.8359,2.723835
96130,35.46598,126.8477,2.723495
96190,35.55197,126.8589,2.723251
96250,35.63579,126.8683,2.722661
96310,35.71668,126.8775,2.722519
96370,35.7961,126.8856,2.721579
96430,35.87586,126.8942,2.722809
96490,35.95589,126.9031,2.723058
96550,36.03725,126.9123,2.722783
96610,36.12045,126.9215,2.723068
96670,36.20487,126.9311,2.723312
96730,36.2902,126.9407,2.723449
96790,36.37525,126.9503,2.723098
96850,36.4577,126.9597,2.722407
96910,36.5374,126.9688,2.722169
96970,36.61148,126.9932,2.722595
97030,36.68004,127.0318,2.721864
97090,36.74607,127.0695,2.692009
97150,36.81372,127.1043,2.39461
97210,36.883,127.1415,2.128627
97270,36.95131,127.1803,2.132228
97330,37.02224,127.2195,2.131309
97390,37.09534,127.2597,2.13203
97450,37.16935,127.3008,2.13201
97510,37.2442,127.3415,2.130923
97570,37.31759,127.3789,2.134697
97630,37.38882,127.3738,2.123135
97690,37.45744,127.3553,1.90847
97750,37.52104,127.3398,1.80818
97810,37.58039,127.3263,1.74308
97870,37.63925,127.3174,1.408532
97930,37.68964,127.3034,1.252885
97990,37.70741,127.2442,1.25032
98050,37.68708,127.188,1.191732
98110,37.6452,127.1552,1.057407
98170,37.60117,127.1409,0.846557
98230,37.55771,127.1323,0.60804
98290,37.51453,127.1252,0.367467
98350,37.47105,127.1175,0.133345
98410,37.42057,127.1127,0.3064
98470,37.37988,127.1623,0.668878
98530,37.35144,127.2346,0.831718
98590,37.31996,127.3046,0.885703
98650,37.28894,127.379,0.902858
98710,37.28309,127.4578,1.131824
98770,37.28624,127.5412,1.596116
98830,37.33894,127.5859,2.059371
98890,37.3975,127.5469,2.515474
98950,37.40235,127.4603,3.072105
99010,37.37625,127.3913,3.434049
99070,37.31748,127.4276,3.93702
99130,37.28287,127.5057,4.429704
99190,37.31833,127.5858,4.820625
99250,37.38627,127.5582,5.220604
99310,37.40088,127.4598,5.83248
99370,37.36668,127.3927,6.380835
99430,37.29848,127.3996,6.734068
99490,37.279,127.4948,6.990745
99550,37.32814,127.5802,7.259645
99610,37.40627,127.5424,7.304948
99670,37.39483,127.4307,7.286396
99730,37.32422,127.3332,7.29425
99790,37.2516,127.2378,7.298588
99850,37.17909,127.1426,7.299198
99910,37.105,127.0494,7.300305
99970,37.01293,126.9852,7.300244
100030,36.91467,126.9319,7.301545
100090,36.81653,126.8774,7.300229
100150,36.71682,126.8303,7.299294
100210,36.6088,126.8287,7.30189
100270,36.49999,126.8338,7.299172
100330,36.39178,126.8367,7.30092
100390,36.28731,126.8268,7.298883
100450,36.18497,126.8157,7.296404
100510,36.07974,126.8045,7.302363
100570,35.97607,126.7932,7.300244
100630,35.8743,126.782,7.298939
100690,35.77343,126.7711,7.298781
100750,35.67219,126.7604,7.300447
100810,35.56966,126.7496,7.301118
100870,35.46885,126.7384,7.301255
100930,35.37089,126.7277,7.297526
100990,35.27266,126.7173,7.297532
101050,35.17252,126.7068,7.299462
101110,35.06831,126.6963,7.300458
101170,34.96,126.6844,7.301971
101230,34.84935,126.6725,7.301347
101290,34.73844,126.6607,7.300097
101350,34.62805,126.6492,7.300331
101410,34.51799,126.6377,7.299609
101470,34.40879,126.6263,7.300366
101530,34.30041,126.6151,7.297958
101590,34.19226,126.6036,7.299665
101650,34.08425,126.5924,7.296643
101710,33.97627,126.5811,7.298812
101770,33.87828,126.5451,7.308286
101830,33.85257,126.4344,7.291095
101890,33.8596,126.3127,7.296343
101950,33.86678,126.1918,7.277796
102010,33.87467,126.0784,6.928744
102070,33.8824,125.9697,6.336939
102130,33.88348,125.8599,5.653344
102190,33.87283,125.7545,4.988255
102250,33.79977,125.7384,4.386463
102310,33.77541,125.836,3.774089
102370,33.8334,125.9316,3.371484
102430,33.87534,126.0224,3.145165
102490,33.87102,126.1197,2.857408
102550,33.86577,126.2128,2.730022
102610,33.85969,126.3081,2.734935
102670,33.87296,126.3984,2.736692
102730,33.93556,126.4572,2.735605
102790,34.00268,126.5121,2.738105
102850,34.07126,126.5685,2.737404
102910,34.13857,126.6245,2.737937
102970,34.20535,126.6795,2.737231
103030,34.27753,126.7208,2.735204
103090,34.36091,126.7287,2.737927
103150,34.44652,126.7353,2.73811
103210,34.53264,126.7429,2.737343
103270,34.61669,126.7514,2.736596
103330,34.69896,126.76,2.735158
103390,34.78207,126.768,2.736347
103450,34.86662,126.7758,2.737653
103510,34.95243,126.7841,2.738181
103570,35.03981,126.7927,2.736083
103630,35.12662,126.8016,2.737439
103690,35.21199,126.8133,2.737033
103750,35.29685,126.8244,2.73588
103810,35.38062,126.8359,2.737439
103870,35.46353,126.8475,2.736977
103930,35.54507,126.8578,2.73718
103990,35.62462,126.8667,2.736225
104050,35.70343,126.8758,2.736565
104110,35.78273,126.8843,2.737642
104170,35.86433,126.8925,2.73778
104230,35.9463,126.9024,2.737561
104290,36.02779,126.9117,2.713355
104350,36.10818,126.9197,2.403394
104410,36.18808,126.9291,2.024024
104470,36.26755,126.9382,1.64623
104530,36.34647,126.9467,1.284387
104590,36.42302,126.9557,0.965286
104650,36.49765,126.9637,0.644413
104710,36.56822,126.9708,0.499415
104770,36.63459,126.9767,0.521833
104830,36.70197,126.9909,0.483392
104890,36.76658,126.9825,0.447111
104950,36.82833,126.9502,0.533034
105010,36.89676,126.9394,0.452293
105070,36.9594,126.962,0.483184
105130,37.02048,126.9893,0.495996
105190,37.06317,127.029,0.583814
105250,37.02437,127.0472,0.875828
105310,36.96924,127.0224,1.222802
105370,36.90716,127.0128,1.234028
105430,36.8418,127.0017,1.233561
105490,36.77893,126.9952,1.23156
105550,36.71998,126.9891,1.230371
105610,36.65979,126.9826,1.23188
105670,36.59321,126.9748,1.23256
105730,36.52793,126.9669,1.233002
105790,36.46533,126.9598,1.231443
105850,36.40536,126.9533,1.231534
105910,36.34577,126.9468,1.232342
105970,36.28381,126.94,1.233053
106030,36.21859,126.9327,1.233251
106090,36.15606,126.9257,1.232662
106150,36.09552,126.9182,1.231174
106210,36.033,126.9116,1.233018
106270,35.97353,126.9053,1.230787
106330,35.91386,126.8992,1.232454
106390,35.85318,126.8922,1.233282
106450,35.79352,126.8852,1.23189
106510,35.7379,126.8785,1.23061
106570,35.67724,126.8726,1.232865
106630,35.61499,126.8658,1.23096
106690,35.55995,126.859,1.233698
106750,35.50194,126.8495,1.252921
106810,35.48631,126.7905,1.44654
106870,35.54387,126.7862,1.614038
106930,35.59596,126.8441,1.955434
106990,35.66157,126.8748,2.288103
107050,35.74027,126.881,2.458314
107110,35.81833,126.8883,2.44985
107170,35.89506,126.8961,2.446955
107230,35.9748,126.9049,2.45777
107290,36.05559,126.9142,2.588712
107350,36.13449,126.9235,2.747752
107410,36.21221,126.9323,2.760843
107470,36.29152,126.941,2.761595
107530,36.37115,126.9609,2.76165
107590,36.45041,126.988,2.761732
107650,36.52835,127.0129,2.76001
107710,36.60148,127.0383,2.76001
107770,36.67167,127.0622,2.759933
107830,36.7445,127.0888,2.760797
107890,36.8231,127.1183,2.762778
107950,36.90587,127.1478,2.733629
108010,36.9868,127.1753,2.494133
108070,37.0648,127.1998,2.187991
108130,37.1343,127.2234,2.166666
108190,37.19954,127.2475,2.168119
108250,37.26825,127.2712,2.16853
108310,37.33929,127.2955,2.168921
108370,37.4087,127.3191,2.082708
108430,37.47583,127.3408,1.86501
108490,37.53758,127.3475,1.857756
108550,37.59505,127.3315,1.776811
108610,37.63913,127.2908,1.472006
108670,37.65875,127.2304,1.225398
108730,37.6487,127.1727,1.016061
108790,37.60944,127.1434,0.866541
108850,37.56938,127.1344,0.723397
108910,37.5286,127.1277,0.486639
108970,37.48821,127.1206,0.235915
109030,37.44865,127.1134,0.124902
109090,37.4018,127.1227,0.430291
109150,37.36852,127.1896,0.750443
109210,37.33619,127.2595,0.789727
109270,37.30466,127.3284,0.786938
109330,37.28292,127.3993,1.016985
109390,37.28245,127.4831,1.437157
109450,37.29762,127.5654,1.840667
109510,37.3632,127.5846,2.361062
109570,37.40363,127.532,2.742143
109630,37.4049,127.4505,3.224154
109690,37.39845,127.3688,3.709553
109750,37.34541,127.3537,4.204208
109810,37.29296,127.4123,4.694108
109870,37.25364,127.4965,5.17402
109930,37.22151,127.5869,5.476428
109990,37.26137,127.6688,5.468996
110050,37.33427,127.6756,5.47148
110110,37.33837,127.5988,5.079924
110170,37.29096,127.5145,4.004061
110230,37.21343,127.5116,3.349955
110290,37.20914,127.6055,3.085358
110350,37.28503,127.6319,2.819552
110410,37.36201,127.621,2.772156
110470,37.41909,127.5859,2.689723
110530,37.42205,127.5022,2.258583
110590,37.41157,127.4234,2.139894
110650,37.36593,127.3809,2.159996
110710,37.30383,127.3787,2.042825
110770,37.243,127.3988,1.837253
110830,37.19637,127.4415,1.475948
110890,37.15291,127.4401,1.226373
110950,37.1288,127.3905,1.233033
111010,37.11901,127.3323,1.145388
111070,37.11145,127.2705,0.941039
111130,37.10511,127.2083,0.715162
111190,37.10053,127.1491,0.539486
111250,37.0977,127.0955,0.295966
111310,37.09387,127.0447,0.072741
111370,37.09166,127.0183,0.043063
111430,37.0902,127.0144,0.043581
111490,37.08777,127.0167,0.043068
111550,37.08809,127.0221,0.043561
111610,37.08827,127.0265,0.044008
111670,37.08788,127.0267,0.044259
