src/Components/missions/KORUS-AQ/Tracks/KORUSAQ-DC8TRK_MODEL_20160516_RA.ICT
35,1001
Project Office
NSERC - National Suborbital Education and Research Center
DC-8 (N817NA) Data Acquisition and Distribution
KORUS-AQ 2016
1,1
2016,05,16,2016,05,18
1
UTC_mid,seconds, mid time UTC from midnight of the starting data collecting day 
3
1,1,1
-9999,-9999,-9999
Lat, degN, 60 second average of IWG1 latitude
Lon, degE, 60 second average of IWG1 longitude
AltP, km, 60 second average of IWG1 pressure altitude
1
Data from IWG1 file posted on: http://asp-archive.arc.nasa.gov
17
PI_CONTACT_INFO: Melissa Yang melissa.yang@nasa.gov
Platform: DC-8 N817NA
LOCATION: Included in data records
ASSOCIATED_DATA: N/A
INSTRUMENT_INFO:http://www.nserc.und.edu/PDFs/ExperimenterHandbook.pdf
DATA_INFO: data averaged into 60s intervals
UNCERTAINTY: Reference DC-8 Experimenter Handbook located at https://airbornescience.nasa.gov/sites/default/files/DC8_Experimenter_Handbook_Jan2011v2.pdf
ULOD_FLAG: -7777
ULOD_VALUE: N/A
LLOD_FLAG: -8888
LLOD_VALUE: N/A;
DM_CONTACT_INFO: Gao Chen 
PROJECT_INFO: N/A
STIPULATIONS_ON_USE: N/A
OTHER_COMMENTS: N/A
REVISION: RA
UTC_mid,Lat,Lon,AltP_60s
82470,37.0932,127.0445,-0.01646
82530,37.09303,127.0353,-0.0146
82590,37.08857,126.9855,0.24639
82650,37.07041,126.9219,0.643717
82710,37.02143,126.939,1.246139
82770,37.03469,127.0112,1.788124
82830,37.07957,127.0701,2.076165
82890,37.12826,127.1252,2.093859
82950,37.1753,127.1804,2.098594
83010,37.22462,127.2369,2.096739
83070,37.27268,127.2902,2.094311
83130,37.32654,127.3303,2.094083
83190,37.39186,127.3209,2.094205
83250,37.45213,127.3066,1.974794
83310,37.5058,127.2965,1.597243
83370,37.55739,127.2909,1.302415
83430,37.60377,127.2774,1.216762
83490,37.64098,127.2306,1.21285
83550,37.64316,127.1732,0.979089
83610,37.59792,127.1435,0.75184
83670,37.55016,127.1315,0.548757
83730,37.50307,127.1234,0.266578
83790,37.45668,127.115,0.060833
83850,37.41108,127.1288,0.371587
83910,37.37066,127.1914,0.754192
83970,37.3323,127.2658,0.773587
84030,37.30271,127.3425,0.571358
84090,37.29535,127.422,0.415955
84150,37.2853,127.5019,0.429158
84210,37.28326,127.5832,0.787044
84270,37.2957,127.6552,1.240643
84330,37.35365,127.6684,1.683583
84390,37.39932,127.6251,1.999493
84450,37.40041,127.5343,2.418705
84510,37.36316,127.4704,2.828239
84570,37.28953,127.4656,3.218825
84630,37.22956,127.4961,3.485733
84690,37.23759,127.5759,3.735837
84750,37.3022,127.5894,4.084132
84810,37.36891,127.5673,4.478924
84870,37.38883,127.4936,4.873554
84930,37.32566,127.4656,5.272136
84990,37.28158,127.5458,5.676895
85050,37.30385,127.6425,6.057057
85110,37.37612,127.6559,6.435654
85170,37.41806,127.5909,6.758671
85230,37.39386,127.5033,7.091289
85290,37.31637,127.4653,7.283226
85350,37.24576,127.4035,7.294682
85410,37.20226,127.2979,7.297257
85470,37.1568,127.1844,7.296653
85530,37.10916,127.0692,7.29713
85590,37.02808,126.9896,7.290658
85650,36.92697,126.9366,7.29234
85710,36.82537,126.8823,7.291542
85770,36.72153,126.8322,7.291608
85830,36.60659,126.8265,7.292035
85890,36.48878,126.8331,7.292772
85950,36.3705,126.8348,7.290867
86010,36.25313,126.8211,7.292695
86070,36.13537,126.8086,7.291237
86130,36.01817,126.796,7.291634
86190,35.90172,126.7835,7.290831
86250,35.78584,126.771,7.29111
86310,35.67051,126.7585,7.29076
86370,35.55554,126.7462,7.290643
86430,35.44091,126.734,7.291298
86490,35.32669,126.7217,7.291674
86550,35.21265,126.7098,7.29173
86610,35.09897,126.6977,7.29109
86670,34.98548,126.6857,7.291613
86730,34.87218,126.6737,7.290663
86790,34.75907,126.6619,7.291182
86850,34.64622,126.65,7.291461
86910,34.5334,126.6384,7.293158
86970,34.42067,126.6265,7.292299
87030,34.30812,126.6148,7.293066
87090,34.19585,126.6031,7.292101
87150,34.08375,126.5915,7.291684
87210,33.97176,126.5797,7.291761
87270,33.87643,126.5347,7.291227
87330,33.8567,126.4169,7.288784
87390,33.86354,126.293,7.142089
87450,33.87021,126.1728,6.42683
87510,33.87749,126.0455,5.313334
87570,33.88609,125.9127,4.448729
87630,33.89451,125.7864,3.893556
87690,33.90383,125.6657,3.174736
87750,33.96156,125.5918,2.444846
87810,34.01992,125.6652,1.786534
87870,34.03688,125.7767,1.488862
87930,34.05352,125.8732,1.466438
87990,34.07179,125.9619,1.196701
88050,34.09304,126.0526,0.685272
88110,34.11498,126.1446,0.328051
88170,34.13554,126.2301,0.260274
88230,34.15566,126.3128,0.261087
88290,34.17566,126.396,0.263215
88350,34.19339,126.4725,0.371404
88410,34.21308,126.5518,0.393802
88470,34.2321,126.6326,0.392323
88530,34.25897,126.7065,0.392394
88590,34.31949,126.7275,0.394797
88650,34.38005,126.7326,0.395757
88710,34.44183,126.7384,0.3864
88770,34.50717,126.7436,0.335935
88830,34.57005,126.7488,0.41054
88890,34.63219,126.754,0.471622
88950,34.69708,126.7598,0.414995
89010,34.76109,126.7657,0.640954
89070,34.81953,126.7861,0.978215
89130,34.83947,126.8624,1.398732
89190,34.84425,126.9494,1.463304
89250,34.88075,127.0114,1.461084
89310,34.93124,127.0596,1.461953
89370,34.98447,127.1002,1.478595
89430,35.03703,127.1467,1.466012
89490,35.09704,127.1639,1.466342
89550,35.16086,127.1683,1.467724
89610,35.22204,127.1423,1.46783
89670,35.27863,127.1082,1.457543
89730,35.32907,127.0618,1.223823
89790,35.37733,127.0096,1.056975
89850,35.42512,126.9595,1.102426
89910,35.47413,126.9062,0.915528
89970,35.5256,126.8621,0.69023
90030,35.59052,126.8634,0.380492
90090,35.6545,126.8702,0.309067
90150,35.71994,126.8764,0.298872
90210,35.78814,126.8831,0.336413
90270,35.85778,126.8921,0.328031
90330,35.92734,126.9003,0.323662
90390,35.99442,126.9077,0.308275
90450,36.06219,126.9157,0.361427
90510,36.13035,126.9227,0.331241
90570,36.19667,126.9301,0.349885
90630,36.26379,126.9375,0.320822
90690,36.33166,126.9454,0.356565
90750,36.39893,126.9526,0.364891
90810,36.46673,126.9604,0.475712
90870,36.53723,126.968,0.519953
90930,36.60691,126.9732,0.532465
90990,36.67517,126.9884,0.554325
91050,36.74439,126.9957,0.42607
91110,36.8113,126.997,0.373309
91170,36.87924,127.0062,0.431414
91230,36.94678,127.0141,0.365587
91290,37.01039,127.0135,0.395966
91350,37.07445,127.0138,0.288077
91410,37.07445,127.0488,0.312369
91470,37.01515,127.0293,0.593542
91530,36.94773,127.0161,0.704418
91590,36.87894,127.0074,0.710372
91650,36.80892,126.9991,0.71472
91710,36.73803,126.991,0.713674
91770,36.66839,126.983,0.769513
91830,36.60108,126.976,0.736376
91890,36.5316,126.9675,0.739663
91950,36.4624,126.9597,0.738942
92010,36.39417,126.9523,0.738754
92070,36.3268,126.9448,0.738896
92130,36.25973,126.9373,0.73913
92190,36.1912,126.93,0.739079
92250,36.12039,126.9218,0.73949
92310,36.04726,126.9134,0.739303
92370,35.9725,126.9049,0.739831
92430,35.89857,126.8967,0.738769
92490,35.82674,126.8886,0.738393
92550,35.75584,126.8812,0.737926
92610,35.68429,126.8737,0.738774
92670,35.61207,126.8655,0.738855
92730,35.54125,126.8576,0.775147
92790,35.47414,126.8488,0.861604
92850,35.40457,126.8417,0.791149
92910,35.34436,126.8284,0.807049
92970,35.30885,126.7617,0.728883
93030,35.27789,126.6928,0.732485
93090,35.22859,126.6428,0.732429
93150,35.16228,126.623,0.734624
93210,35.09353,126.6177,0.734106
93270,35.02657,126.6384,0.73344
93330,34.96673,126.6889,0.733125
93390,34.9093,126.7404,0.735178
93450,34.84313,126.7694,0.824159
93510,34.77267,126.7666,0.813486
93570,34.69847,126.7602,0.720019
93630,34.62852,126.7531,0.720603
93690,34.5564,126.7464,0.724535
93750,34.4832,126.739,0.723631
93810,34.40985,126.7318,0.723788
93870,34.33812,126.7248,0.722234
93930,34.26578,126.7185,0.721832
93990,34.21298,126.751,0.78231
94050,34.24563,126.7844,0.993968
94110,34.29467,126.7456,1.205926
94170,34.35262,126.7238,1.332301
94230,34.41518,126.7316,1.328278
94290,34.47766,126.7383,1.330863
94350,34.53684,126.7443,1.329558
94410,34.59684,126.7499,1.330498
94470,34.66532,126.7564,1.329634
94530,34.73313,126.7635,1.328999
94590,34.79673,126.7699,1.327231
94650,34.85596,126.7747,1.327069
94710,34.9187,126.7798,1.328242
94770,34.987,126.7872,1.329949
94830,35.05649,126.7945,1.329624
94890,35.12311,126.8013,1.32747
94950,35.18615,126.8098,1.327353
95010,35.24782,126.8182,1.327236
95070,35.31178,126.8266,1.328694
95130,35.37815,126.8355,1.329106
95190,35.44661,126.845,1.327902
95250,35.51636,126.8547,1.328887
95310,35.58603,126.8625,1.329126
95370,35.65164,126.87,1.327079
95430,35.71298,126.8762,1.327003
95490,35.77665,126.8827,1.327495
95550,35.84217,126.8905,1.328847
95610,35.90554,126.8979,1.327257
95670,35.97058,126.9051,1.327749
95730,36.03692,126.9126,1.329197
95790,36.09865,126.9193,1.327414
95850,36.15802,126.9255,1.327186
95910,36.22,126.9323,1.328278
95970,36.28659,126.9402,1.328537
96030,36.35696,126.9482,1.328491
96090,36.42825,126.9563,1.328435
96150,36.49525,126.9635,1.327434
96210,36.55389,126.9705,1.324722
96270,36.60889,126.9768,1.327932
96330,36.67057,126.9831,1.32905
96390,36.73561,126.9907,1.329223
96450,36.80048,126.9983,1.32776
96510,36.86444,127.0082,1.373957
96570,36.92468,127.0454,1.619824
96630,36.98686,127.0911,1.899127
96690,37.05187,127.1387,2.086325
96750,37.11701,127.1865,2.085477
96810,37.17613,127.2302,2.08247
96870,37.23039,127.2703,1.983171
96930,37.28306,127.3083,1.796791
96990,37.34215,127.3292,1.790288
97050,37.40624,127.3343,1.793133
97110,37.46975,127.3417,1.792163
97170,37.53214,127.3472,1.77737
97230,37.59021,127.3332,1.582202
97290,37.63624,127.3004,1.479347
97350,37.64923,127.2351,1.282664
97410,37.64271,127.1768,1.069843
97470,37.60279,127.1425,0.792643
97530,37.55843,127.133,0.587654
97590,37.5153,127.1253,0.331673
97650,37.4727,127.1178,0.091735
97710,37.428,127.1155,0.273121
97770,37.3882,127.1637,0.713582
97830,37.35168,127.2331,0.771525
97890,37.31544,127.3017,0.651053
97950,37.2946,127.3785,0.649006
98010,37.28618,127.4589,0.501381
98070,37.28285,127.5382,0.483042
98130,37.2831,127.6119,0.909945
98190,37.30618,127.6658,1.359946
98250,37.36473,127.6674,1.827068
98310,37.40174,127.622,2.283333
98370,37.40161,127.5429,2.738973
98430,37.38249,127.4744,3.19534
98490,37.32042,127.4659,3.640704
98550,37.28042,127.5204,4.103106
98610,37.28318,127.6125,4.573087
98670,37.32863,127.6658,5.024831
98730,37.38846,127.6488,5.478627
98790,37.40104,127.5698,5.936269
98850,37.38944,127.4873,6.396543
98910,37.32263,127.4667,6.844101
98970,37.27786,127.5404,6.985218
99030,37.29816,127.6389,6.983781
99090,37.35558,127.6363,6.985899
99150,37.33558,127.5625,6.982414
99210,37.26818,127.5013,6.980092
99270,37.19377,127.4386,6.980255
99330,37.11626,127.373,6.979549
99390,37.03786,127.3065,6.978894
99450,36.95659,127.2522,6.978096
99510,36.87213,127.3005,6.978457
99570,36.79813,127.397,6.975505
99630,36.7182,127.4966,6.977964
99690,36.63356,127.6001,6.977293
99750,36.54573,127.7067,6.975962
99810,36.45711,127.8143,6.977486
99870,36.371,127.9186,6.973301
99930,36.28644,128.021,6.973336
99990,36.20269,128.1219,6.97263
100050,36.11912,128.2224,6.973809
100110,36.03486,128.3231,6.974931
100170,35.95003,128.4242,6.975424
100230,35.86455,128.5257,6.974606
100290,35.77141,128.6144,6.972686
100350,35.66322,128.6779,6.972874
100410,35.55336,128.7436,6.974489
100470,35.44213,128.8099,6.974799
100530,35.33025,128.8767,6.973936
100590,35.21814,128.9429,6.972818
100650,35.12444,129.0233,6.975409
100710,35.08244,129.1402,6.975602
100770,35.05008,129.2511,6.973092
100830,35.01936,129.3607,6.978137
100890,35.03712,129.4605,6.977746
100950,35.11663,129.5117,6.897065
101010,35.17884,129.4733,6.225626
101070,35.14307,129.3872,5.390434
101130,35.06377,129.3242,4.654941
101190,35.05367,129.2218,4.276786
101250,35.004,129.1469,3.88527
101310,34.96721,129.0732,3.349147
101370,35.02591,129.0195,2.816911
101430,35.10528,129.0025,2.353635
101490,35.17751,128.9679,1.967616
101550,35.24545,128.9269,1.607642
101610,35.31111,128.8877,1.507383
101670,35.37383,128.8506,1.475989
101730,35.43403,128.816,1.143096
101790,35.49544,128.7769,0.782254
101850,35.54898,128.7229,1.036625
101910,35.60337,128.6593,1.134283
101970,35.66122,128.6072,1.463065
102030,35.70314,128.6516,1.508628
102090,35.71449,128.7277,1.514368
102150,35.72483,128.8024,1.466027
102210,35.75316,128.8492,1.094364
102270,35.79828,128.8241,0.835756
102330,35.82754,128.7771,0.598576
102390,35.85063,128.7361,0.407858
102450,35.87379,128.6941,0.167818
102510,35.89812,128.6503,0.192954
102570,35.91955,128.5891,0.507416
102630,35.93404,128.5172,0.570692
102690,35.94873,128.4416,0.578627
102750,35.96412,128.3646,0.669336
102810,35.99172,128.2949,0.813943
102870,36.04365,128.2464,0.913867
102930,36.09875,128.2022,0.766054
102990,36.15278,128.1613,0.51626
103050,36.20554,128.1218,0.713125
103110,36.25911,128.0794,0.695371
103170,36.3152,128.0363,0.799125
103230,36.37197,127.9876,0.769976
103290,36.42732,127.9381,0.781985
103350,36.47954,127.8879,0.925261
103410,36.53093,127.8332,0.973521
103470,36.58153,127.7764,0.994583
103530,36.63322,127.7197,0.931702
103590,36.68609,127.6627,0.94332
103650,36.74365,127.6122,0.672983
103710,36.79358,127.5537,0.629077
103770,36.83083,127.4856,0.575696
103830,36.82226,127.4199,0.650667
103890,36.80777,127.3604,0.624698
103950,36.8586,127.3143,0.808091
104010,36.91167,127.2613,0.671424
104070,36.96019,127.2024,0.359791
104130,37.00579,127.1467,0.324968
104190,37.04603,127.0965,0.310281
104250,37.07601,127.037,0.381716
104310,37.05079,126.9716,0.777184
104370,37.00082,126.9699,1.028045
104430,36.97092,127.046,1.039256
104490,36.96649,127.1198,1.041735
104550,36.96242,127.1925,1.044555
104610,36.92173,127.2469,1.04429
104670,36.86032,127.2792,1.044925
104730,36.79693,127.3097,1.042878
104790,36.73769,127.3476,1.042162
104850,36.67953,127.3899,1.042391
104910,36.62515,127.4399,1.045134
104970,36.6056,127.518,1.042614
105030,36.61571,127.6035,1.043528
105090,36.6178,127.6873,1.043127
105150,36.5846,127.7589,1.072606
105210,36.5421,127.8271,1.09122
105270,36.49351,127.8919,1.135167
105330,36.43816,127.9408,1.055756
105390,36.38238,127.9817,1.065459
105450,36.32391,128.0259,1.069203
105510,36.26767,128.0696,1.044651
105570,36.2125,128.1118,1.046363
105630,36.15372,128.157,1.046709
105690,36.09498,128.2015,1.046805
105750,36.03766,128.245,1.044758
105810,35.984,128.2859,1.045251
105870,35.93151,128.3259,1.045997
105930,35.87846,128.3664,1.045505
105990,35.82541,128.4072,1.046795
106050,35.77815,128.4562,1.051133
106110,35.73329,128.5075,1.266068
106170,35.68549,128.5654,1.158758
106230,35.63713,128.6261,1.05789
106290,35.59141,128.6815,1.193617
106350,35.56869,128.7369,1.543075
106410,35.60872,128.7181,1.905955
106470,35.63504,128.6372,1.93519
106530,35.67938,128.5729,1.933646
106590,35.72529,128.5231,1.95102
106650,35.76709,128.4749,1.948058
106710,35.81064,128.4253,1.959844
106770,35.85825,128.3862,1.954261
106830,35.90436,128.3509,1.954327
106890,35.95,128.3158,1.955272
106950,35.99569,128.2812,1.954698
107010,36.04212,128.2463,1.956948
107070,36.09245,128.208,1.958787
107130,36.1443,128.168,1.953148
107190,36.1899,128.1339,1.958909
107250,36.23926,128.096,1.959412
107310,36.29422,128.0524,1.954896
107370,36.34549,128.0138,1.953235
107430,36.39386,127.9763,1.953748
107490,36.44151,127.9384,1.954347
107550,36.47941,127.887,1.956567
107610,36.51361,127.8297,1.955444
107670,36.54855,127.7723,1.955973
107730,36.58397,127.7148,1.955018
107790,36.61953,127.657,1.956755
107850,36.65517,127.5981,1.955353
107910,36.69139,127.5387,1.954728
107970,36.72994,127.482,1.955312
108030,36.77276,127.4295,1.955785
108090,36.81557,127.3767,1.955739
108150,36.85823,127.3242,1.954738
108210,36.90087,127.2718,1.955764
108270,36.94345,127.2189,1.955109
108330,36.9863,127.1659,1.955231
108390,37.0293,127.1126,1.955302
108450,37.07337,127.0606,1.956745
108510,37.12253,127.0688,1.953941
108570,37.16237,127.1275,1.954444
108630,37.20298,127.1863,1.975592
108690,37.24484,127.2458,2.081596
108750,37.28805,127.3076,1.847301
108810,37.3364,127.3473,1.804157
108870,37.39813,127.3561,1.808028
108930,37.46019,127.3645,1.804523
108990,37.51727,127.3691,1.809562
109050,37.57557,127.3541,1.80659
109110,37.62275,127.3207,1.58847
109170,37.64312,127.2596,1.249827
109230,37.65493,127.1952,1.081933
109290,37.63884,127.1498,0.846811
109350,37.59238,127.1387,0.764657
109410,37.55147,127.1323,0.547787
109470,37.51057,127.1242,0.321132
109530,37.46938,127.1171,0.089134
109590,37.43105,127.1261,0.46829
109650,37.44213,127.1806,0.908299
109710,37.46926,127.2405,0.961248
109770,37.44781,127.2925,0.892668
109830,37.39711,127.3165,0.688081
109890,37.34352,127.3078,0.673217
109950,37.29928,127.3371,0.636956
110010,37.28605,127.4073,0.703351
110070,37.28293,127.4821,0.486212
110130,37.28296,127.5586,0.546964
110190,37.28296,127.6281,0.967181
110250,37.31693,127.6701,1.312484
110310,37.37766,127.6634,1.572997
110370,37.40045,127.6103,1.92091
110430,37.40192,127.5377,2.362606
110490,37.38387,127.4738,2.796007
110550,37.32322,127.4659,3.223392
110610,37.28308,127.5136,3.661928
110670,37.2823,127.596,4.10303
110730,37.30707,127.6613,4.540402
110790,37.36855,127.6654,4.973462
110850,37.40047,127.6097,5.408518
110910,37.39994,127.5283,5.851794
110970,37.37272,127.4697,6.27855
111030,37.30637,127.4738,6.673194
111090,37.27499,127.5526,6.904781
111150,37.27684,127.6589,6.341293
111210,37.3027,127.7705,5.139573
111270,37.39611,127.7946,4.059875
111330,37.44702,127.7132,3.433973
111390,37.40308,127.6155,3.228335
111450,37.34833,127.5369,2.886243
111510,37.27305,127.5194,2.534696
111570,37.20806,127.4826,2.198644
111630,37.16306,127.4136,1.966107
111690,37.12486,127.3511,1.567444
111750,37.11,127.2817,1.026119
111810,37.10653,127.2148,0.667984
111870,37.10131,127.1559,0.505963
111930,37.09738,127.103,0.291455
111990,37.09457,127.0542,0.060305
112050,37.09177,127.0202,-0.00918
