src/Components/missions/KORUS-AQ/Tracks/KORUSAQ-B200TRK_MODEL_20160517_RA.ICT
35,1001
GeoTASO Team
NASA GSFC
B-200 (N817NA) GeoTASO
KORUS-AQ 2016
1,1
2016,05,17,2016,05,23
1
UTC_mid,seconds, mid time UTC from midnight of the starting data collecting day 
3
1,1,1
-9999,-9999,-9999
Lat, degN, 60 second average of latitude
Lon, degE, 60 second average of longitude
AltGPS, km, 60 second average of GPS altitude
1
Data from GeoTASO instrument
17
PI_CONTACT_INFO: Scott Janz
Platform: B-200 King Air
LOCATION: Included in data records
ASSOCIATED_DATA: N/A
INSTRUMENT_INFO:http://www.nserc.und.edu/PDFs/ExperimenterHandbook.pdf
DATA_INFO: data averaged into 60s intervals
UNCERTAINTY: Reference DC-8 Experimenter Handbook located at https://airbornescience.nasa.gov/sites/default/files/DC8_Experimenter_Handbook_Jan2011v2.pdf
ULOD_FLAG: -7777
ULOD_VALUE: N/A
LLOD_FLAG: -8888
LLOD_VALUE: N/A;
DM_CONTACT_INFO: Gao Chen 
PROJECT_INFO: N/A
STIPULATIONS_ON_USE: N/A
OTHER_COMMENTS: N/A
REVISION: RA
UTC_mid,Lat,Lon,AltGPS
13520,37.08793686,127.0292373,0.034549531
13580,37.08794,127.029235,0.034647407
13640,37.0879432,127.0292327,0.034746942
13700,37.0879464,127.0292303,0.034846477
13760,37.08794959,127.029228,0.034946013
13820,37.08795173,127.0292284,0.033608773
13880,37.08795988,127.0292079,0.034069133
13940,37.08791898,127.0292483,0.033559272
14000,37.08791758,127.0292488,0.034215941
14060,37.08791489,127.0292515,0.032918622
14120,37.08791401,127.029252,0.032144374
14180,37.08792309,127.0292501,0.033365471
14240,37.08789707,127.029258,0.029418777
14300,37.08792347,127.0292496,0.033433437
14360,37.087901,127.0292585,0.030588723
14420,37.08791,127.0292584,0.032598959
14480,37.08791585,127.0292575,0.033657747
14540,37.08792151,127.0292584,0.034785108
14600,37.08823607,127.0297093,0.031550146
14660,37.08892232,127.0323074,0.031946764
14720,37.08929698,127.0368213,0.032215624
14780,37.08967834,127.0412867,0.032389791
14840,37.09102921,127.0442557,0.032309775
14900,37.09092576,127.0338001,0.059262847
14960,37.08472864,126.9871776,0.48640611
15020,37.05995799,126.9444812,0.976545204
15080,37.01488911,126.9190187,1.467789991
15140,36.98640162,126.9447829,1.885654392
15200,37.01728678,126.9912229,2.194512733
15260,37.05744157,127.0373086,2.317647275
15320,37.09620809,127.0844396,2.695424077
15380,37.13715833,127.1342573,2.831714605
15440,37.1595985,127.1981427,2.901506726
15500,37.1683958,127.267903,3.285394503
15560,37.17656689,127.338858,3.668975966
15620,37.18345414,127.4070615,4.149163317
15680,37.19399824,127.4721898,4.546523934
15740,37.23014427,127.4845815,4.887037212
15800,37.25862631,127.4401779,5.240794581
15860,37.28562443,127.3927986,5.555375945
15920,37.31326818,127.3451739,5.872624345
15980,37.34082585,127.2981069,6.167449406
16040,37.36808897,127.2506644,6.438414001
16100,37.39519947,127.2030941,6.686995538
16160,37.42285044,127.1558743,6.934685007
16220,37.45558942,127.1162751,7.148993712
16280,37.50587991,127.1172988,7.353779481
16340,37.54547293,127.1531826,7.515648566
16400,37.52893173,127.22656,7.776607162
16460,37.51335786,127.3010821,7.969232617
16520,37.51754886,127.3782212,8.177427767
16580,37.51909036,127.4542309,8.346690124
16640,37.51911212,127.531198,8.468747557
16700,37.51874915,127.6089577,8.594391557
16760,37.5183083,127.6871159,8.71214429
16820,37.51813067,127.7688554,8.719624806
16880,37.51585377,127.8549058,8.718661553
16940,37.47999705,127.8820667,8.723733223
17000,37.46278086,127.8188615,8.729642578
17060,37.46223844,127.7472559,8.728932962
17120,37.46239768,127.6737975,8.720955112
17180,37.46234872,127.6000652,8.719080554
17240,37.46180108,127.5263673,8.715313745
17300,37.46186242,127.452745,8.719829789
17360,37.46144827,127.3793418,8.723326412
17420,37.46206077,127.3060035,8.722516793
17480,37.46162111,127.2325533,8.721405305
17540,37.46142948,127.1591012,8.724647852
17600,37.46231675,127.0855684,8.720306498
17660,37.48394097,127.0190274,8.722689823
17720,37.51115223,126.9535872,8.727154521
17780,37.53383577,126.8852242,8.723139057
17840,37.56782162,126.8239101,8.723997537
17900,37.6065972,126.7665964,8.723895753
17960,37.61530023,126.7016443,8.720740712
18020,37.56626654,126.7027197,8.718608561
18080,37.53300006,126.7801422,8.7295649
18140,37.49874498,126.8440885,8.731783673
18200,37.46608997,126.7980149,8.713796145
18260,37.46265224,126.7233743,8.728138203
18320,37.46268663,126.648143,8.735801802
18380,37.46271107,126.5726447,8.73262849
18440,37.46202361,126.4966787,8.735110458
18500,37.46213321,126.4212658,8.742252115
18560,37.44855639,126.3548762,8.741443345
18620,37.40695246,126.384623,8.717791456
18680,37.40719993,126.4727782,8.733198419
18740,37.40714946,126.5626747,8.744696407
18800,37.40799042,126.652441,8.751827683
18860,37.40785994,126.74262,8.748743455
18920,37.40792958,126.8327568,8.746414825
18980,37.4086206,126.9232041,8.731232296
19040,37.40816898,127.0146811,8.712159734
19100,37.40745182,127.1052984,8.747413295
19160,37.40814565,127.1959181,8.716129946
19220,37.40726177,127.2876431,8.724611152
19280,37.40730521,127.3793261,8.723607168
19340,37.40742621,127.4707524,8.724627216
19400,37.40709435,127.5625088,8.726067888
19460,37.40571461,127.6543511,8.72430984
19520,37.40611221,127.746543,8.731319527
19580,37.4047496,127.839079,8.734135112
19640,37.37159698,127.8926505,8.738709623
19700,37.35249047,127.8377685,8.724393133
19760,37.35248846,127.7652237,8.735131135
19820,37.35147618,127.6928342,8.73480695
19880,37.35129661,127.6194645,8.722448897
19940,37.35132983,127.5456122,8.722848978
20000,37.35157637,127.4711874,8.724265875
20060,37.35141977,127.3963682,8.725990344
20120,37.3521033,127.321231,8.724571084
20180,37.3520357,127.2458842,8.722539009
20240,37.35215874,127.170794,8.722180577
20300,37.35199171,127.0956999,8.725864823
20360,37.35210526,127.0207335,8.725770863
20420,37.35197416,126.945922,8.723719061
20480,37.35260587,126.8710957,8.724657207
20540,37.35204378,126.7958235,8.724879698
20600,37.35116549,126.72043,8.725209345
20660,37.35117511,126.6448192,8.72365781
20720,37.3509588,126.5689809,8.723562567
20780,37.35062071,126.4927162,8.727886256
20840,37.35026731,126.4160038,8.723913191
20900,37.33938879,126.3453994,8.729443069
20960,37.29698957,126.3677705,8.729000335
21020,37.29345394,126.4557113,8.727344782
21080,37.29404266,126.545791,8.727177038
21140,37.29478568,126.6360185,8.726624439
21200,37.29489952,126.7266855,8.727018491
21260,37.2948122,126.817886,8.728445962
21320,37.29499111,126.9095353,8.72764867
21380,37.29551695,127.0014287,8.726144747
21440,37.29513381,127.0935207,8.726699575
21500,37.29518095,127.1856732,8.725916885
21560,37.29588588,127.2778561,8.727220236
21620,37.29470512,127.3704039,8.728602291
21680,37.29495063,127.463278,8.730257919
21740,37.29532539,127.5557594,8.746862309
21800,37.29477516,127.6482326,8.74115474
21860,37.29386782,127.7410951,8.742742516
21920,37.29313114,127.8342505,8.732529099
21980,37.2669732,127.8992097,8.737810264
22040,37.2425991,127.8515866,8.758070373
22100,37.23906565,127.7785883,8.737325248
22160,37.23912821,127.7045649,8.751012603
22220,37.23913463,127.6299603,8.752200015
22280,37.23950425,127.5551732,8.75743391
22340,37.2394336,127.4800122,8.761815007
22400,37.239209,127.4044871,8.746924352
22460,37.23975412,127.3288176,8.73649041
22520,37.24070432,127.2533587,8.735977093
22580,37.24073614,127.1779201,8.744181426
22640,37.24063724,127.1024377,8.73935621
22700,37.24107101,127.0265644,8.746678333
22760,37.24097758,126.9501957,8.737643658
22820,37.24111193,126.8733888,8.735508104
22880,37.24079458,126.7968447,8.739281954
22940,37.24049279,126.7201535,8.739374493
23000,37.23923382,126.6436616,8.743429651
23060,37.2388255,126.5666644,8.747203221
23120,37.23933385,126.4892455,8.743712599
23180,37.239291,126.4115443,8.735365204
23240,37.22010307,126.3512957,8.734420893
23300,37.18675406,126.4034922,8.724873628
23360,37.18402916,126.4923252,8.739070084
23420,37.18414063,126.5816655,8.741616952
23480,37.1846936,126.6715919,8.730116726
23540,37.18444845,126.7620813,8.726072611
23600,37.18540753,126.8528117,8.725770975
23660,37.18528133,126.9437159,8.726839456
23720,37.1854983,127.0347723,8.728437064
23780,37.18538311,127.1260755,8.730238515
23840,37.18558932,127.2174005,8.731478601
23900,37.18550374,127.3089143,8.732654373
23960,37.18507494,127.4006645,8.732052695
24020,37.18436825,127.4928202,8.728213933
24080,37.18456251,127.5851309,8.728607036
24140,37.18533057,127.6776307,8.729504943
24200,37.18444689,127.7704403,8.726196598
24260,37.17990389,127.8619501,8.732263828
24320,37.13859639,127.8856807,8.7406063
24380,37.12881229,127.8178853,8.732092774
24440,37.12905062,127.7429118,8.731730676
24500,37.12906447,127.6676693,8.730178665
24560,37.12948668,127.5920418,8.724428721
24620,37.12937053,127.5161916,8.728096381
24680,37.1300924,127.4402981,8.7331768
24740,37.13015546,127.3640964,8.730825877
24800,37.1303035,127.2874381,8.730605746
24860,37.1305437,127.210646,8.729981166
24920,37.13049252,127.1336687,8.729798344
24980,37.13018885,127.0570657,8.729777181
25040,37.13052359,126.9806545,8.729227447
25100,37.13028438,126.9037526,8.725925726
25160,37.12985853,126.826656,8.730461075
25220,37.12987683,126.7495136,8.736325798
25280,37.12970591,126.6726836,8.745684987
25340,37.13013356,126.5957496,8.743791932
25400,37.13023334,126.5189178,8.736410724
25460,37.12947209,126.4418791,8.740440702
25520,37.10579167,126.384049,8.746830788
25580,37.07245273,126.4388267,8.742280638
25640,37.0718224,126.529118,8.749986856
25700,37.07210932,126.620215,8.757276651
25760,37.07221086,126.7114064,8.761668372
25820,37.07260047,126.8029307,8.750603333
25880,37.07238875,126.8944542,8.732996682
25940,37.07228443,126.985806,8.734757529
26000,37.07221182,127.0767774,8.733649426
26060,37.07189548,127.1675968,8.733618379
26120,37.07218457,127.2583942,8.736824649
26180,37.06762255,127.3482562,8.737248343
26240,37.02286048,127.3819591,8.745015718
26300,37.01114602,127.3179045,8.738554802
26360,37.01581497,127.2421791,8.736594164
26420,37.01702931,127.1661929,8.734730816
26480,37.01704489,127.0902727,8.744738458
26540,37.01709997,127.0145896,8.750812786
26600,37.01754981,126.9380228,8.736796055
26660,37.01773445,126.8613832,8.746477512
26720,37.01772802,126.7843398,8.749913742
26780,37.017061,126.707226,8.754606219
26840,37.0170383,126.6298118,8.750939485
26900,37.01693996,126.5519778,8.742899568
26960,37.00097108,126.4856379,8.736098258
27020,36.96289774,126.5252613,8.734538766
27080,36.96212636,126.6159782,8.731168956
27140,36.96176883,126.7075575,8.733680815
27200,36.96213309,126.7992338,8.732700501
27260,36.9622792,126.8911354,8.734531739
27320,36.96166778,126.9833067,8.736226525
27380,36.96137931,127.0759056,8.736354608
27440,36.97153012,127.1604609,8.73495948
27500,37.00499379,127.2236831,8.734135989
27560,37.03953035,127.2858981,8.733226329
27620,37.07406691,127.3481131,8.732316669
27680,37.10860346,127.410328,8.731407009
27740,37.14314002,127.472543,8.730497349
27800,37.17767657,127.534758,8.729587689
27860,37.21221313,127.596973,8.728678029
27920,37.24674969,127.659188,8.727768369
27980,37.27858868,127.6843161,8.731035931
28040,37.30103842,127.6183153,8.728054021
28100,37.32274994,127.5476473,8.727790612
28160,37.34471865,127.4774219,8.730677834
28220,37.37354531,127.4202207,8.72738609
28280,37.40491754,127.3675987,8.726414011
28340,37.43628977,127.3149766,8.725441932
28400,37.467662,127.2623545,8.724469853
28460,37.49903423,127.2097325,8.723497774
28520,37.53027132,127.158013,8.722405227
28580,37.51516312,127.1656811,8.730047461
28640,37.45004867,127.1863619,8.730800035
28700,37.39069974,127.235055,8.731060717
28760,37.33168761,127.2875552,8.732564524
28820,37.28646676,127.3530379,8.500801296
28880,37.29070881,127.4476213,7.737814283
28940,37.3013765,127.5460857,6.904704028
29000,37.31082575,127.6422319,5.943492628
29060,37.33934172,127.7098015,5.095947274
29120,37.37056596,127.6744055,4.459294931
29180,37.37521809,127.6128363,3.856595608
29240,37.37794578,127.5470923,3.150610548
29300,37.34835046,127.4982419,2.531266579
29360,37.29688039,127.4866768,2.025127433
29420,37.24946385,127.4697546,1.907269277
29480,37.21430875,127.4273604,1.705516291
29540,37.18055702,127.380893,1.262125099
29600,37.14777401,127.3367795,1.02770018
29660,37.11838152,127.2941663,1.002549825
29720,37.10696631,127.2445777,0.978189554
29780,37.10330381,127.1935239,0.79320348
29840,37.09993411,127.1487863,0.548681803
29900,37.09671386,127.1050914,0.33699749
29960,37.09353325,127.0643618,0.138481756
30020,37.09113075,127.0358298,0.032063641
30080,37.08934825,127.0297983,0.0297825
30140,37.08790205,127.0294714,0.029925932