src/Components/missions/KORUS-AQ/Tracks/KORUSAQ-HANSEOTRK_MODEL_20160503_RA.ICT
35,1001
Hanseo King Air HL5200 Navigation System
NIER
Hanseo King Air HL5200
KORUS-AQ 2016
1,1
2016,05,03,2016,05,10
1
UTC_mid,seconds, mid time UTC from midnight of the starting data collecting day 
3
1,1,1
-9999,-9999,-9999
Lat, degN, 60 second average of latitude
Lon, degE, 60 second average of longitude
AltGPS, km, 60 second average of GPS altitude
1
Data from GeoTASO instrument
17
PI_CONTACT_INFO: Jinsoo Park
Platform: Hanseo King Air HL 5200
LOCATION: Included in data records
ASSOCIATED_DATA: N/A
INSTRUMENT_INFO:Garmin GPS
DATA_INFO: data averaged into 60s intervals
UNCERTAINTY: TBD
ULOD_FLAG: -7777
ULOD_VALUE: N/A
LLOD_FLAG: -8888
LLOD_VALUE: N/A;
DM_CONTACT_INFO: Gao Chen 
PROJECT_INFO: N/A
STIPULATIONS_ON_USE: N/A
OTHER_COMMENTS: N/A
REVISION: RA
UTC_mid,Lat,Lon,AltGPS
84620,37.09,127.0436,0.009333
84656,37.09138,127.0448,0.022
84744,37.09014,127.0282,0.08548
84799,37.08645,126.9971,0.611045
84860,37.09835,126.9691,1.108538
84919,37.12504,126.9452,1.238267
84979,37.15106,126.9113,1.2473
85039,37.17844,126.8769,1.246
85099,37.20647,126.8436,1.245367
85159,37.21333,126.7996,1.249133
85219,37.21346,126.7528,1.2539
85279,37.21313,126.7068,1.254467
85339,37.21322,126.6621,1.1351
85399,37.213,126.6179,0.9495
85459,37.21263,126.5702,0.947533
85519,37.2125,126.5217,0.9463
85579,37.21215,126.4734,1.129133
85639,37.21219,126.4253,1.26
85699,37.21183,126.3758,1.2628
85759,37.21157,126.3259,1.2645
85819,37.21119,126.276,1.2639
85879,37.21083,126.226,1.261533
85939,37.21057,126.176,1.259533
85999,37.21019,126.1265,1.258333
86059,37.20977,126.0764,1.2582
86119,37.20929,126.0245,1.258267
86179,37.20898,125.9722,1.258567
86239,37.20853,125.9231,1.260667
86299,37.20813,125.8783,1.262133
86359,37.20771,125.8345,1.262933
86419,37.20724,125.7904,1.266733
86479,37.20678,125.746,1.271233
86539,37.20615,125.7011,1.2885
86599,37.2055,125.653,1.416433
86659,37.20511,125.6054,1.424967
86719,37.20462,125.5604,1.428133
86779,37.20407,125.516,1.4282
86839,37.20353,125.4716,1.427733
86899,37.20292,125.4274,1.4278
86959,37.20236,125.3835,1.4298
87019,37.20177,125.3395,1.427167
87079,37.20115,125.2952,1.4256
87139,37.20049,125.2507,1.420867
87199,37.19979,125.2063,1.422433
87259,37.19909,125.1616,1.423167
87319,37.19838,125.1167,1.430133
87379,37.19764,125.0717,1.430167
87440,37.19688,125.026,1.425258
87500,37.19632,124.9809,1.222724
87559,37.19536,124.9339,0.859133
87619,37.1945,124.8872,0.798933
87679,37.19346,124.8405,0.793367
87739,37.19272,124.7938,0.7979
87799,37.19183,124.7471,0.7966
87859,37.19088,124.7002,0.796133
87919,37.1824,124.6569,0.8043
87979,37.13865,124.6484,0.815533
88039,37.08888,124.6491,0.8204
88099,37.03915,124.6494,0.8143
88159,36.98937,124.6493,0.8144
88219,36.93942,124.6494,0.8148
88279,36.88981,124.6493,0.8138
88340,36.8398,124.6494,0.816161
88400,36.79051,124.6492,0.813633
88460,36.74105,124.6494,0.817133
88520,36.69189,124.6494,0.8171
88580,36.64247,124.6493,0.814467
88640,36.59252,124.6493,0.818233
88700,36.54203,124.6492,0.8181
88760,36.49143,124.6491,0.820333
88819,36.4414,124.6492,0.818933
88879,36.39151,124.6493,0.8192
88939,36.34144,124.6494,0.8208
88999,36.29176,124.6493,0.822267
89059,36.2424,124.6492,0.823133
89119,36.19364,124.6492,0.828067
89179,36.14511,124.6492,0.8308
89239,36.0965,124.6492,0.827833
89299,36.04754,124.6493,0.8277
89359,35.99831,124.6494,0.832467
89419,35.949,124.6492,0.839067
89479,35.89943,124.6492,0.842867
89539,35.84992,124.6491,0.837667
89599,35.80097,124.6491,0.8364
89659,35.75229,124.6491,0.836267
89719,35.70363,124.6491,0.838133
89779,35.65512,124.6492,0.8387
89839,35.60668,124.6492,0.839867
89904,35.55751,124.6648,0.845021
89958,35.55024,124.7219,0.857321
90020,35.55255,124.792,0.845383
90080,35.55439,124.8611,0.839593
90139,35.55588,124.9293,0.834898
90200,35.55733,124.9986,0.8338
90259,35.55874,125.0675,0.840356
90320,35.56016,125.1373,0.843281
90380,35.56152,125.2056,0.843233
90440,35.56289,125.275,0.8395
90500,35.56417,125.3442,0.8386
90560,35.56542,125.4131,0.835967
90620,35.56665,125.4818,0.836117
90680,35.5678,125.5507,0.835305
90740,35.56894,125.6192,0.8323
90800,35.57021,125.6885,0.830456
90860,35.57122,125.7554,0.829283
90920,35.57217,125.8229,0.82765
90979,35.57308,125.8891,0.826393
91039,35.57398,125.956,0.83663
91099,35.5748,126.0219,0.835167
91159,35.57562,126.0875,0.8289
91219,35.58239,126.1507,0.830484
91280,35.60455,126.2078,0.832133
91340,35.62746,126.2635,0.8312
91400,35.65271,126.3175,0.831333
91460,35.67175,126.3733,0.832633
91523,35.66966,126.44,0.851714
91584,35.66652,126.5055,1.205684
91635,35.65734,126.5592,1.296265
91699,35.61861,126.6093,1.299581
91760,35.58613,126.661,1.295778
91820,35.58144,126.7284,1.29845
91880,35.58227,126.7981,1.29985
91937,35.58316,126.8653,1.298891
91999,35.60927,126.9136,1.232767
92059,35.65318,126.9213,1.003367
92119,35.69731,126.9253,0.9844
92179,35.73778,126.9285,0.9823
92239,35.7749,126.9311,0.991533
92299,35.81443,126.9344,0.983133
92359,35.85417,126.9372,0.9878
92419,35.89399,126.9402,0.988667
92479,35.93344,126.9431,0.989867
92539,35.97234,126.9459,0.989967
92599,36.01152,126.9488,0.986967
92659,36.0509,126.9517,0.9863
92719,36.09051,126.9548,0.9851
92779,36.12921,126.9575,0.987333
92839,36.16783,126.9604,0.982267
92899,36.20594,126.9633,0.9868
92959,36.24332,126.9658,0.985733
93019,36.28188,126.9687,0.981233
93079,36.32218,126.9719,0.982533
93139,36.36226,126.975,1.039733
93199,36.40485,126.9811,1.114033
93259,36.44527,126.9869,1.114467
93319,36.48866,126.9929,1.238867
93379,36.53018,127.0007,1.270267
93439,36.56963,127.0072,1.265233
93499,36.60877,127.0142,1.266
93559,36.64843,127.0206,1.2567
93620,36.68178,127.0076,1.263467
93680,36.71843,127.0032,1.2623
93740,36.75551,127.0063,1.262
93800,36.79376,127.009,1.259733
93860,36.83151,127.0115,1.262033
93920,36.87117,127.0143,1.257233
93980,36.91065,127.0176,1.2572
94040,36.94997,127.0202,1.088933
94100,36.99169,127.0234,0.638333
94160,37.03117,127.0308,0.48531
94220,37.04632,127.0797,0.503567
94280,37.04497,127.1399,0.603667
94340,37.05955,127.1891,0.6194
94400,37.09321,127.1943,0.636867
94460,37.10005,127.1628,0.5637
94518,37.09789,127.1277,0.446
94581,37.0959,127.0956,0.24945
94641,37.09361,127.0657,0.1189
94693,37.09189,127.044,0.033286
94755,37.09075,127.0319,0.014833
94819,37.08856,127.0298,0.014
