src/Components/missions/KORUS-AQ/Tracks/KORUSAQ-DC8TRK_MODEL_20160506_RA.ICT
35,1001
Project Office
NSERC - National Suborbital Education and Research Center
DC-8 (N817NA) Data Acquisition and Distribution
KORUS-AQ 2016
1,1
2016,05,06,2016,05,09
1
UTC_mid,seconds, mid time UTC from midnight of the starting data collecting day 
3
1,1,1
-9999,-9999,-9999
Lat_60s, degN, 60 second average of IWG1 latitude
Lon_60s, degE, 60 second average of IWG1 longitude
AltP_60s, km, 60 second average of IWG1 pressure altitude
1
Data from IWG1 file posted on: http://asp-archive.arc.nasa.gov
17
PI_CONTACT_INFO: Melissa Yang melissa.yang@nasa.gov
Platform: DC-8 N817NA
LOCATION: Included in data records
ASSOCIATED_DATA: N/A
INSTRUMENT_INFO:http://www.nserc.und.edu/PDFs/ExperimenterHandbook.pdf
DATA_INFO: data averaged into 60s intervals
UNCERTAINTY: Reference DC-8 Experimenter Handbook located at https://airbornescience.nasa.gov/sites/default/files/DC8_Experimenter_Handbook_Jan2011v2.pdf
ULOD_FLAG: -7777
ULOD_VALUE: N/A
LLOD_FLAG: -8888
LLOD_VALUE: N/A;
DM_CONTACT_INFO: Gao Chen 
PROJECT_INFO: N/A
STIPULATIONS_ON_USE: N/A
OTHER_COMMENTS: N/A
REVISION: RA
UTC_mid,Lat_60s,Lon_60s,AltP_60s
[from data line 384]
105750,36.83387088,127.3448639,2.290241727
105810,36.7781582,127.4180603,3.076097382
105870,36.72212213,127.4916344,3.830604357
105930,36.65937992,127.5692311,3.957441793
105990,36.59556197,127.6452541,4.38714882
106050,36.53465087,127.719861,5.062697358
106110,36.4674139,127.8029594,5.180456834
106170,36.3927698,127.8929959,5.171338235
106230,36.31955625,127.9807291,5.171815755
106290,36.24745273,128.067976,5.170743875
106350,36.17410757,128.156662,5.171195995
106410,36.09897422,128.246584,5.172709834
106470,36.02289388,128.3373385,5.172552354
106530,35.94652178,128.4284564,5.173019714
106590,35.87001225,128.5194796,5.172877474
106650,35.8223763,128.6281414,5.171150275
106710,35.8413849,128.7548018,5.173807114
106770,35.86642742,128.8825779,5.172034194
106830,35.89073752,129.0114183,5.172694594
106890,35.91451835,129.1395092,5.172984154
106950,35.94196988,129.2652425,5.173212754
107010,36.00986192,129.3196649,5.170129195
107070,36.07867807,129.2836676,5.169905675
107130,36.125453,129.2149086,5.171165515
107190,36.16960717,129.1412115,5.170484795
107250,36.21340942,129.0651111,5.172222154
107310,36.25764943,128.98734,5.173004474
107370,36.30227853,128.9088278,5.173131474
107430,36.34731102,128.8295631,5.172034194
107490,36.39278697,128.749795,5.171871635
107550,36.4381056,128.6697063,5.173390554
107610,36.48321822,128.5900498,5.172674274
107670,36.52843667,128.509821,5.170997875
107730,36.57328317,128.4298125,5.171770035
107790,36.61824992,128.3500214,5.172242474
107850,36.6638088,128.2698641,5.171495715
107910,36.70971103,128.1891117,5.171663355
107970,36.75585937,128.1076956,5.172841914
108030,36.80227372,128.0259504,5.171510955
108090,36.84835055,127.9442196,5.172552354
108150,36.89099408,127.8686399,5.151592275
108210,36.92880247,127.8006678,4.744587768
108270,36.96342373,127.7299462,4.575916534
108330,36.99878025,127.6588468,4.580513933
108390,37.03437713,127.5890551,4.400834339
108450,37.06838318,127.5167084,3.996374912
108510,37.09768008,127.45152,3.950126594
108570,37.1385756,127.414258,3.594851725
108630,37.19149018,127.3880939,3.346140013
108690,37.24458505,127.3575897,3.352098853
108750,37.30052945,127.3283042,3.253841496
108810,37.36738872,127.3338976,2.613365276
108870,37.43861673,127.3460913,2.141697451
108930,37.50808242,127.353261,1.851502461
108990,37.56596945,127.3447466,1.716836745
109050,37.61520193,127.3236465,1.342557597
109110,37.6380701,127.2774611,1.24338076
109170,37.64542583,127.2164412,1.172235362
109230,37.63187023,127.16185,0.874628652
109290,37.59367847,127.1397801,0.821862694
109350,37.55144692,127.1317663,0.581964781
109410,37.50964738,127.1243391,0.334111589
109470,37.46986485,127.1171551,0.112897916
109530,37.4270382,127.1188946,0.401822907
109590,37.38452053,127.1768474,0.781110935
109650,37.34837437,127.2434578,0.752490216
109710,37.3131781,127.305871,0.695060818
109770,37.29290478,127.3792277,0.608401101
109830,37.28775788,127.4584494,0.445119746
109890,37.28484523,127.5385323,0.568055742
109950,37.2837495,127.6104269,0.993266968
110010,37.30776783,127.6650753,1.427683154
110070,37.3610544,127.6681453,1.87772542
110130,37.39856243,127.6373663,2.315311526
110190,37.40041075,127.5710679,2.760035032
110250,37.39775278,127.4997797,3.213211657
110310,37.35170458,127.4615078,3.660099243
110370,37.29043867,127.4919863,4.105650789
110430,37.28204445,127.5787468,4.549002694
110490,37.30483813,127.6543722,5.00483616
110550,37.35897728,127.666606,5.449910186
110610,37.39772993,127.6392374,5.841755973
110670,37.39983287,127.5707645,6.23648212
110730,37.39749535,127.498395,6.614027708
110790,37.34622573,127.4622545,6.904928819
110850,37.28534608,127.5215092,7.254249928
110910,37.27867707,127.6467448,6.412549835
110970,37.32229902,127.7625705,5.047579278
111030,37.42158225,127.7783631,4.170242987
111090,37.47060302,127.7082367,3.611834164
111150,37.44739437,127.6058893,3.185805058
111210,37.38103293,127.5423231,2.858058709
111270,37.30889802,127.4904556,2.48720348
111330,37.23862262,127.439106,2.070384414
111390,37.17042448,127.3874188,1.659869627
111450,37.11738107,127.3250685,1.393657315
111510,37.10806297,127.248888,1.064503806
111570,37.10250947,127.1816082,0.678306978
111630,37.09860132,127.1316862,0.433019186
111690,37.09699643,127.0854663,0.203128873
111750,37.09346868,127.0404654,0.024561799
111810,37.09153463,127.0174828,0.00852424
111870,37.08895387,127.0145044,0.00732536
111930,37.0876034,127.0166988,0.00720344
111990,37.08799532,127.0214396,0.0074168
112050,37.08829588,127.0259142,0.00780796
112110,37.087955,127.027016,0.0103632
