src/Components/missions/KORUS-AQ/Tracks/KORUSAQ-HANSEOTRK_MODEL_20160506_RA.ICT
35,1001
Hanseo King Air HL5200 Navigation System
NIER
Hanseo King Air HL5200
KORUS-AQ 2016
1,1
2016,05,06,2016,05,10
1
UTC_mid,seconds, mid time UTC from midnight of the starting data collecting day 
3
1,1,1
-9999,-9999,-9999
Lat, degN, 60 second average of latitude
Lon, degE, 60 second average of longitude
AltGPS, km, 60 second average of GPS altitude
1
Data from GeoTASO instrument
17
PI_CONTACT_INFO: Jinsoo Park
Platform: Hanseo King Air HL 5200
LOCATION: Included in data records
ASSOCIATED_DATA: N/A
INSTRUMENT_INFO:Garmin GPS
DATA_INFO: data averaged into 60s intervals
UNCERTAINTY: TBD
ULOD_FLAG: -7777
ULOD_VALUE: N/A
LLOD_FLAG: -8888
LLOD_VALUE: N/A;
DM_CONTACT_INFO: Gao Chen 
PROJECT_INFO: N/A
STIPULATIONS_ON_USE: N/A
OTHER_COMMENTS: N/A
REVISION: RA
UTC_mid,Lat,Lon,AltGPS
87289,37.34593,127.2136,1.191313
87349,37.3326,127.2742,1.196367
87409,37.32138,127.329,1.238567
87469,37.3385,127.3741,1.242967
87530,37.36728,127.4121,1.147167
87590,37.39124,127.4585,1.077633
87650,37.41419,127.5012,1.067533
87710,37.43579,127.5418,1.060533
87770,37.44828,127.5837,1.060433
87830,37.41558,127.6009,1.067767
87890,37.37116,127.5999,1.075333
87949,37.32501,127.5992,1.077655
88009,37.2775,127.5993,1.0792
88069,37.2313,127.607,1.0826
88129,37.21637,127.6576,1.147433
88189,37.21616,127.7202,1.4923
88249,37.21642,127.7812,1.542567
88309,37.21653,127.8419,1.5471
88370,37.21643,127.9042,1.54771
88429,37.21635,127.9653,1.5444
88490,37.21647,128.0271,1.542
88550,37.2311,128.0765,1.539967
88610,37.26633,128.0826,1.5533
88670,37.30171,128.0847,1.703367
88730,37.33839,128.0874,1.708667
88790,37.37336,128.0842,1.6996
88850,37.40748,128.084,1.708333
88910,37.44348,128.0838,1.703333
88970,37.47858,128.0839,1.705267
89030,37.51324,128.0842,1.703333
89090,37.53454,128.1162,1.700933
89150,37.5331,128.178,1.704267
89210,37.53311,128.2401,1.705967
89270,37.53294,128.3026,1.701733
89329,37.53276,128.3642,1.703194
89390,37.51009,128.4131,1.701967
89450,37.46144,128.4158,1.6983
89510,37.41314,128.416,1.7078
89570,37.36509,128.4159,1.702333
89630,37.31739,128.416,1.705433
89690,37.26835,128.4159,1.698533
89750,37.22057,128.4158,1.707233
89814,37.167,128.416,1.8008
89869,37.11789,128.4158,1.846233
89929,37.06761,128.4156,1.846667
89989,37.01784,128.4158,1.847767
90049,36.97024,128.4158,1.849767
90109,36.92089,128.4158,1.847933
90169,36.87234,128.4159,1.850967
90229,36.82572,128.4167,1.861
90289,36.77897,128.4342,1.8559
90349,36.73339,128.457,1.865
90409,36.69338,128.4929,1.8581
90469,36.65677,128.5363,1.854267
90529,36.62168,128.5783,1.863767
90589,36.5841,128.6214,1.864097
90650,36.54959,128.6704,1.860548
90709,36.5367,128.7313,1.840367
90774,36.51981,128.7987,1.507556
90825,36.50331,128.8526,1.25773
90890,36.48425,128.9155,1.2402
90950,36.46753,128.9705,1.237567
91010,36.45071,129.026,1.234167
91070,36.45534,129.0741,1.2424
91130,36.49305,129.0833,1.23869
91189,36.53081,129.084,1.238367
91249,36.56842,129.0836,1.2339
91309,36.60517,129.0837,1.2625
91369,36.6454,129.0838,1.515167
91429,36.68215,129.084,1.5461
91489,36.71684,129.0835,1.542433
91549,36.75309,129.0839,1.5452
91609,36.78993,129.084,1.533733
91669,36.8253,129.0839,1.547533
91729,36.86405,129.0838,1.540733
91789,36.90357,129.0839,1.5384
91849,36.94205,129.0839,1.542033
91909,36.981,129.0837,1.540867
91969,37.02098,129.0838,1.545367
92029,37.06157,129.0838,1.545267
92089,37.10013,129.0836,1.550033
92149,37.13709,129.0837,1.5454
92209,37.1726,129.0836,1.545067
92269,37.20785,129.0835,1.555633
92329,37.24943,129.0839,1.542433
92389,37.29184,129.0839,1.547367
92449,37.33339,129.0837,1.549833
92509,37.3734,129.0837,1.5589
92569,37.41014,129.0836,1.560733
92629,37.4472,129.0836,1.569667
92689,37.48738,129.084,1.563567
92749,37.52465,129.0838,1.572733
92809,37.56479,129.0839,1.566
92869,37.6027,129.084,1.575833
92929,37.63873,129.0837,1.571267
92989,37.67746,129.0836,1.5632
93049,37.71865,129.0839,1.562033
93109,37.75934,129.084,1.562733
93169,37.79806,129.0835,1.560633
93229,37.8382,129.0838,1.556367
93289,37.87669,129.0838,1.560733
93349,37.91621,129.0838,1.557867
93409,37.95659,129.0838,1.557267
93469,37.98365,129.0641,1.5542
93529,37.9741,129.0236,1.561533
93589,37.95825,128.9844,1.559967
93649,37.94158,128.9458,1.560267
93709,37.92452,128.906,1.634233
93769,37.90504,128.8616,1.858833
93829,37.88779,128.8206,1.8749
93889,37.8691,128.778,1.866967
93949,37.85205,128.7386,1.877933
94009,37.83443,128.6977,1.880067
94069,37.81567,128.6546,1.8817
94129,37.79001,128.611,1.884633
94189,37.75798,128.5708,2.014
94249,37.73057,128.5313,2.041233
94309,37.70298,128.4926,2.0308
94369,37.68654,128.4511,2.032767
94430,37.68001,128.4099,2.036267
94490,37.6854,128.3679,2.036767
94550,37.67224,128.3256,2.037667
94610,37.65347,128.2837,2.0303
94670,37.63663,128.2453,2.041433
94730,37.61931,128.2058,2.0355
94790,37.60239,128.1675,2.012067
94850,37.5851,128.1278,1.7417
94910,37.56588,128.0849,1.551833
94970,37.54714,128.0425,1.548233
95030,37.52829,128.0003,1.5471
95090,37.50879,127.9564,1.549067
95150,37.48846,127.9107,1.5444
95210,37.46984,127.8684,1.552433
95270,37.44984,127.8233,1.540567
95330,37.43017,127.7797,1.552867
95390,37.41096,127.7362,1.496233
95450,37.39077,127.6915,1.241133
95510,37.37139,127.6485,0.995167
95570,37.35229,127.6054,0.844067
95630,37.33245,127.5614,0.776833
95690,37.31239,127.5171,0.774933
95750,37.29359,127.4754,0.7794
95810,37.27526,127.4345,0.7777
95870,37.25642,127.3934,0.779433
95930,37.23809,127.3526,0.7783
95990,37.21978,127.312,0.773567
96050,37.20154,127.2716,0.778133
96110,37.18233,127.2293,0.7732
96170,37.15467,127.2013,0.777833
96230,37.11495,127.2017,0.7857
96290,37.09978,127.165,0.677033
96350,37.09779,127.1215,0.421233
96407,37.09523,127.0852,0.212808
96469,37.09247,127.052,0.063
96525,37.09091,127.0335,0.016
96600,37.08863,127.0297,0.019
