src/Components/missions/KORUS-AQ/Tracks/KORUSAQ-DC8TRK_MODEL_20160426_RA_L2.ICT
35,1001
Project Office
NSERC - National Suborbital Education and Research Center
DC-8 (N817NA) Data Acquisition and Distribution
KORUS-AQ 2016
1,1
2016,04,26,2016,04,27
1
UTC_mid,seconds, mid time UTC from midnight of the starting data collecting day 
3
1,1,1
-9999,-9999,-9999
Lat_60s, degN, 60 second average of IWG1 latitude
Lon_60s, degE, 60 second average of IWG1 longitude
AltP_60s, km, 60 second average of IWG1 pressure altitude
1
Data from IWG1 file posted on: http://asp-archive.arc.nasa.gov
17
PI_CONTACT_INFO: Melissa Yang melissa.yang@nasa.gov
Platform: DC-8 N817NA
LOCATION: Included in data records
ASSOCIATED_DATA: N/A
INSTRUMENT_INFO:http://www.nserc.und.edu/PDFs/ExperimenterHandbook.pdf
DATA_INFO: data averaged into 60s intervals
UNCERTAINTY: Reference DC-8 Experimenter Handbook located at https://airbornescience.nasa.gov/sites/default/files/DC8_Experimenter_Handbook_Jan2011v2.pdf
ULOD_FLAG: -7777
ULOD_VALUE: N/A
LLOD_FLAG: -8888
LLOD_VALUE: N/A;
DM_CONTACT_INFO: Gao Chen 
PROJECT_INFO: N/A
STIPULATIONS_ON_USE: N/A
OTHER_COMMENTS: N/A
REVISION: RA
UTC_mid,Lat_60s,Lon_60s,AltP_60s
71160,61.19945,-150.015,0.213213
71220,61.23955,-150.069,0.508681
71280,61.28283,-150.17,0.894862
71340,61.31618,-150.307,1.538097
71400,61.31659,-150.473,2.360137
71460,61.31343,-150.643,2.983377
71520,61.30996,-150.829,3.401583
71580,61.30541,-151.041,3.665001
71640,61.30058,-151.273,4.089222
71700,61.29543,-151.509,4.757455
71760,61.28965,-151.745,5.320304
71820,61.28384,-151.984,5.805825
71880,61.28438,-152.23,6.152434
71940,61.28549,-152.487,6.366286
72000,61.28604,-152.757,6.619113
72060,61.28599,-153.034,6.965909
72120,61.28535,-153.312,7.354128
72180,61.2841,-153.59,7.756088
72240,61.28229,-153.865,8.161573
72300,61.28011,-154.14,8.44901
72360,61.27723,-154.417,8.635568
72420,61.27366,-154.7,8.778092
72480,61.26939,-154.99,8.8548
72540,61.26464,-155.284,9.019469
72600,61.25896,-155.579,9.183735
72660,61.25279,-155.875,9.352945
72720,61.25024,-156.171,9.520799
72780,61.25197,-156.468,9.684212
72840,61.25297,-156.764,9.760061
72900,61.25318,-157.061,9.755693
72960,61.25266,-157.356,9.753935
73020,61.25122,-157.651,9.753777
73080,61.24911,-157.945,9.753625
73140,61.24662,-158.237,9.753605
73200,61.24347,-158.53,9.753224
73260,61.23973,-158.823,9.753945
73320,61.23531,-159.116,9.75427
73380,61.2302,-159.41,9.754519
73440,61.22464,-159.704,9.752944
73500,61.21823,-159.999,9.753234
73560,61.21115,-160.294,9.754545
73620,61.20345,-160.589,9.755749
73680,61.19523,-160.885,9.754682
73740,61.18627,-161.18,9.753447
73800,61.17652,-161.475,9.753625
73860,61.16635,-161.77,9.753315
73920,61.15546,-162.065,9.753737
73980,61.14395,-162.359,9.752441
74040,61.13176,-162.654,9.752665
74100,61.11827,-162.948,9.75393
74160,61.08797,-163.235,9.753706
74220,61.04457,-163.513,9.753945
74280,61.00395,-163.794,9.754031
74340,60.96313,-164.075,9.754428
74400,60.92161,-164.356,9.753884
74460,60.87933,-164.637,9.753559
74520,60.83623,-164.918,9.753264
74580,60.79259,-165.198,9.753793
74640,60.74822,-165.479,9.753544
74700,60.703,-165.759,9.753986
74760,60.65709,-166.04,9.753092
74820,60.61051,-166.32,9.754631
74880,60.56334,-166.6,9.754199
74940,60.51559,-166.879,9.752782
75000,60.46708,-167.157,9.752868
75060,60.41811,-167.435,9.752426
75120,60.3685,-167.712,9.754103
75180,60.31822,-167.989,9.753925
75240,60.2685,-168.266,9.755042
75300,60.21863,-168.54,9.754433
75360,60.16829,-168.811,9.753463
75420,60.11766,-169.08,9.753198
75480,60.06702,-169.348,9.754428
75540,60.01595,-169.613,9.754047
75600,59.96456,-169.876,9.753239
75660,59.91295,-170.138,9.754021
75720,59.86095,-170.398,9.755464
75780,59.80864,-170.655,9.752944
75840,59.75579,-170.911,9.752452
75900,59.70304,-171.166,9.753544
75960,59.64974,-171.419,9.753833
76020,59.59608,-171.671,9.753518
76080,59.54231,-171.921,9.753696
76140,59.49099,-172.173,9.753473
76200,59.43931,-172.424,9.753295
76260,59.38697,-172.673,9.752553
76320,59.33437,-172.922,9.7517
76380,59.28095,-173.172,9.753742
76440,59.22678,-173.422,9.755662
76500,59.17205,-173.672,9.755063
76560,59.11682,-173.921,9.753838
76620,59.0613,-174.168,9.753102
76680,59.00703,-174.416,9.753239
76740,58.95296,-174.663,9.75487
76800,58.89839,-174.908,9.752233
76860,58.84337,-175.153,9.752751
76920,58.78773,-175.398,9.753234
76980,58.73125,-175.643,9.75267
77040,58.67405,-175.888,9.754651
77100,58.61611,-176.135,9.75296
77160,58.55728,-176.382,9.754865
77220,58.49776,-176.629,9.755759
77280,58.4377,-176.876,9.756485
77340,58.37699,-177.123,9.754992
77400,58.3159,-177.369,9.755225
77460,58.25424,-177.615,9.75393
77520,58.19205,-177.86,9.754118
77580,58.1293,-178.105,9.755058
77640,58.06613,-178.349,9.756587
77700,58.00236,-178.592,9.756404
77760,57.93815,-178.835,9.757313
77820,57.87347,-179.076,9.756638
77880,57.8087,-179.316,9.757283
77940,57.74387,-179.554,9.754834
78000,57.67865,-179.789,9.754458
78060,57.61347,35.97685,9.754961
78120,57.54809,179.7446,9.754839
78180,57.48234,179.5139,9.753442
78240,57.41624,179.2841,9.753996
78300,57.3496,179.0549,9.755332
78360,57.28266,178.8264,9.754992
78420,57.21518,178.5988,9.753239
78480,57.14732,178.3719,9.754646
78540,57.07902,178.1454,9.755865
78600,57.01018,177.9198,9.755047
78660,56.94084,177.6949,9.754773
78720,56.87124,177.4706,9.755271
78780,56.80106,177.2474,9.757394
78840,56.73035,177.0256,9.756536
78900,56.6595,176.8047,9.756429
78960,56.58822,176.5852,9.755738
79020,56.51664,176.3667,9.755362
79080,56.44494,176.149,9.757384
79140,56.37292,175.9329,9.757587
79200,56.30072,175.7185,9.755449
79260,56.22839,175.5056,9.755769
79320,56.15602,175.294,9.755855
79380,56.08343,175.0837,9.755337
79440,56.01056,174.8746,9.756414
79500,55.93741,174.6668,9.75714
79560,55.86426,174.46,9.753407
79620,55.79093,174.2542,9.754346
79680,55.71712,174.0498,9.755164
79740,55.64312,173.8463,9.76762
79800,55.56871,173.6434,9.894829
79860,55.49354,173.4401,10.05591
79920,55.41853,173.2384,10.2978
79980,55.34409,173.04,10.37011
80040,55.26973,172.8436,10.36692
80100,55.19514,172.6484,10.36699
80160,55.12045,172.4539,10.36849
80220,55.04537,172.2604,10.36397
80280,54.97003,172.0676,10.36679
80340,54.89365,171.8767,10.36853
80400,54.81554,171.6884,10.36752
80460,54.7374,171.5004,10.36721
80520,54.65889,171.3133,10.36739
80580,54.58054,171.1268,10.36871
80640,54.50171,170.9417,10.36873
80700,54.42288,170.7578,10.36751
80760,54.34435,170.5754,10.36836
80820,54.26574,170.3947,10.36741
80880,54.18724,170.2154,10.36621
80940,54.10884,170.0376,10.36679
81000,54.03051,169.8613,10.36725
81060,53.9522,169.6864,10.36586
81120,53.87393,169.5126,10.3658
81180,53.79579,169.3397,10.36666
81240,53.72236,169.1623,10.36861
81300,53.65954,168.9733,10.36394
81360,53.59629,168.7854,10.36507
81420,53.53254,168.5984,10.36501
81480,53.46809,168.4119,10.3655
81540,53.40333,168.2245,10.36544
81600,53.33789,168.0368,10.36857
81660,53.27189,167.8489,10.36886
81720,53.20529,167.6609,10.36783
81780,53.13829,167.4728,10.36734
81840,53.07061,167.285,10.36631
81900,53.00264,167.097,10.36849
81960,52.93407,166.9096,10.36713
82020,52.86524,166.7223,10.36789
82080,52.79599,166.5351,10.36913
82140,52.7264,166.3486,10.36805
82200,52.65647,166.1631,10.36818
82260,52.58657,165.9782,10.36808
82320,52.5163,165.7945,10.36918
82380,52.44629,165.6118,10.36762
82440,52.37615,165.4306,10.3674
82500,52.30604,165.251,10.36822
82560,52.23602,165.0724,10.36576
82620,52.16588,164.8951,10.36658
82680,52.09569,164.719,10.36633
82740,52.02535,164.5439,10.36628
82800,51.95494,164.3693,10.36789
82860,51.88441,164.1952,10.36647
82920,51.81337,164.0219,10.36508
82980,51.74232,163.8489,10.36643
83040,51.6708,163.6765,10.36476
83100,51.59878,163.5041,10.36464
83160,51.52606,163.331,10.36658
83220,51.45247,163.1574,10.36621
83280,51.37815,162.9831,10.36715
83340,51.30334,162.8081,10.36897
83400,51.22786,162.6335,10.37157
83460,51.15237,162.4598,10.37255
83520,51.07678,162.287,10.37188
83580,51.00127,162.1158,10.36974
83640,50.92633,161.9465,10.36653
83700,50.85182,161.7796,10.36814
83760,50.77813,161.6143,10.36698
83820,50.70414,161.4515,10.36471
83880,50.63065,161.2902,10.36912
83940,50.55761,161.1307,10.36738
84000,50.48486,160.9725,10.36581
84060,50.41218,160.8157,10.3662
84120,50.33944,160.6596,10.36892
84180,50.26637,160.5038,10.36791
84240,50.19305,160.3483,10.36731
84300,50.11945,160.193,10.36843
84360,50.04554,160.0379,10.36749
84420,49.97104,159.883,10.36788
84480,49.89605,159.7283,10.36681
84540,49.82076,159.573,10.36828
84600,49.74496,159.4179,10.3708
84660,49.66906,159.2627,10.36863
84720,49.59278,159.1076,10.36744
84780,49.51602,158.9527,10.36865
84840,49.43926,158.7977,10.3699
84900,49.36216,158.6431,10.3698
84960,49.28487,158.4896,10.36957
85020,49.20768,158.337,10.36765
85080,49.13038,158.1855,10.36827
85140,49.05351,158.0342,10.36893
85200,48.97604,157.8841,10.36726
85260,48.89864,157.7342,10.36868
85320,48.82104,157.585,10.36857
85380,48.74328,157.4362,10.36833
85440,48.66539,157.288,10.36858
85500,48.58728,157.1405,10.37037
85560,48.50928,156.9938,10.36967
85620,48.43135,156.8482,10.36808
85680,48.35354,156.7033,10.36638
85740,48.27576,156.5589,10.36758
85800,48.1978,156.4155,10.37026
85860,48.11963,156.2728,10.36813
85920,48.04149,156.1302,10.36685
85980,47.96305,155.9883,10.36804
86040,47.88461,155.8467,10.36674
86100,47.8059,155.7055,10.36727
86160,47.72694,155.5647,10.36886
86220,47.64764,155.4242,10.36769
86280,47.56804,155.2839,10.3678
86340,47.48834,155.1438,10.36941
86400,47.40847,155.0041,10.36836
86460,47.32826,154.8648,10.36648
86520,47.24771,154.7257,10.3673
86580,47.16684,154.5867,10.36782
86640,47.08571,154.4475,10.36833
86700,47.00401,154.3086,10.36899
86760,46.92195,154.1697,10.36776
86820,46.83951,154.0308,10.36848
86880,46.75681,153.892,10.36896
86940,46.67369,153.7533,10.36894
87000,46.59033,153.6149,10.36926
87060,46.50673,153.4769,10.36979
87120,46.42304,153.3396,10.36912
87180,46.3395,153.203,10.36713
87240,46.25598,153.0671,10.36804
87300,46.17226,152.9321,10.36819
87360,46.0879,152.7984,10.3684
87420,46.00385,152.6648,10.36778
87480,45.91964,152.5318,10.36703
87540,45.8351,152.3996,10.36754
87600,45.75076,152.2677,10.36974
87660,45.66638,152.1363,10.36875
87720,45.58167,152.0056,10.36831
87780,45.49698,151.8751,10.36917
87840,45.41222,151.7452,10.3709
87900,45.32752,151.616,10.36975
87960,45.24276,151.4875,10.36948
88020,45.15823,151.36,10.36929
88080,45.07416,151.2333,10.36821
88140,44.99019,151.1078,10.36804
88200,44.90665,150.9832,10.37005
88260,44.82335,150.8596,10.3688
88320,44.74017,150.7369,10.36808
88380,44.65722,150.6149,10.37
88440,44.57438,150.4937,10.36956
88500,44.49174,150.3732,10.36898
88560,44.40924,150.2534,10.37221
88620,44.32659,150.1343,10.50151
88680,44.244,150.0158,10.67748
88740,44.16178,149.8977,10.84983
88800,44.07959,149.7803,10.97263
88860,43.99728,149.6635,10.97006
88920,43.9156,149.5479,10.96916
88980,43.83449,149.4337,10.96966
89040,43.75407,149.3209,10.97121
89100,43.67404,149.2095,10.96977
89160,43.59478,149.0989,10.96822
89220,43.51585,148.9896,10.96856
89280,43.43712,148.8807,10.9694
89340,43.35774,148.7718,10.97067
89400,43.27751,148.6622,10.97027
89460,43.1966,148.5516,10.9721
89520,43.11561,148.4412,10.97162
89580,43.03516,148.3324,10.96933
89640,42.9554,148.2251,10.96808
89700,42.8763,148.1187,10.96891
89760,42.79655,148.0122,10.96904
89820,42.71584,147.9046,10.9704
89880,42.63453,147.7965,10.97227
89940,42.55318,147.6889,10.97202
90000,42.47199,147.5819,10.97228
90060,42.39078,147.4755,10.97005
90120,42.30974,147.3693,10.96985
90180,42.22873,147.2635,10.97157
90240,42.14783,147.1583,10.97148
90300,42.06719,147.0537,10.97168
90360,41.98674,146.9499,10.97145
90420,41.93477,146.8346,10.97343
90480,41.95434,146.7078,10.96393
90540,41.98305,146.5827,10.97066
90600,42.01255,146.4581,10.96993
90660,42.04242,146.3339,10.97005
90720,42.07215,146.21,10.97115
90780,42.10151,146.086,10.97069
90840,42.13078,145.9618,10.96993
90900,42.15955,145.8377,10.97088
90960,42.18851,145.7137,10.96871
91020,42.21713,145.5896,10.97098
91080,42.24572,145.4657,10.97144
91140,42.27385,145.3418,10.97131
91200,42.302,145.218,10.97095
91260,42.33002,145.0945,10.97129
91320,42.35773,144.9709,10.96954
91380,42.38539,144.847,10.97099
91440,42.41268,144.7231,10.97144
91500,42.44022,144.5994,10.97029
91560,42.46726,144.4755,10.9702
91620,42.49426,144.3517,10.97047
91680,42.52134,144.2279,10.97217
91740,42.54794,144.1042,10.97278
91800,42.5744,143.9806,10.9726
91860,42.60072,143.8573,10.97115
91920,42.62671,143.7341,10.9721
91980,42.65275,143.6107,10.96988
92040,42.67858,143.4873,10.97233
92100,42.70432,143.3645,10.97438
92160,42.76005,143.2718,10.98173
92220,42.86669,143.3164,10.95813
92280,42.97441,143.4154,10.9686
92340,43.0818,143.5046,10.96971
92400,43.1864,143.5905,10.96704
92460,43.28772,143.6738,10.96566
92520,43.38507,143.7541,10.9649
92580,43.47865,143.8314,10.96792
92640,43.56938,143.9054,10.96699
92700,43.65349,143.987,10.82805
92760,43.66544,144.1311,10.10487
92820,43.57878,144.193,9.406778
92880,43.5083,144.1292,8.876335
92940,43.47661,144.0393,8.311418
93000,43.47413,143.9445,7.504445
93060,43.53348,143.8995,6.753992
93120,43.61123,143.969,6.366495
93180,43.63158,144.0799,6.072124
93240,43.56385,144.1014,5.653517
93300,43.53767,144.0255,5.081818
93360,43.5889,143.9694,4.467403
93420,43.64657,144.0162,3.874282
93480,43.60744,144.0874,3.393526
93540,43.54406,144.0399,3.118587
93600,43.49422,143.9814,2.829352
93660,43.49766,143.9165,2.205142
93720,43.54924,143.907,1.772112
93780,43.59629,143.9347,1.619169
93840,43.64034,143.9745,1.583934
93900,43.63839,144.0432,1.324407
93960,43.62202,144.1169,1.288461
94020,43.63931,144.1764,1.179195
94080,43.68846,144.1837,1.02997
94140,43.73156,144.1784,0.881065
94200,43.77412,144.1739,0.608254
94260,43.81646,144.171,0.35749
94320,43.85976,144.1666,0.133096
94380,43.91301,144.1572,0.581569
94440,43.95978,144.1056,1.830761
94500,43.93519,144.0246,2.928178
94560,43.8874,143.9444,3.441664
94620,43.82651,143.8466,3.908587
94680,43.75853,143.741,4.794854
94740,43.69093,143.6363,5.804337
94800,43.62407,143.535,6.722531
94860,43.55884,143.4357,7.507432
94920,43.49255,143.3347,7.943687
94980,43.42252,143.2283,8.31439
95040,43.34954,143.1182,8.687861
95100,43.27533,143.0062,9.115653
95160,43.20165,142.8955,9.626051
95220,43.12959,142.7874,10.11412
95280,43.05877,142.6814,10.54048
95340,42.98927,142.5777,10.91069
95400,42.92021,142.476,10.9595
95460,42.85176,142.3749,10.95852
95520,42.78391,142.2746,10.97302
95580,42.71612,142.1753,10.96943
95640,42.64791,142.0757,10.97736
95700,42.57928,141.9756,11.12088
95760,42.50971,141.8746,11.26681
95820,42.43801,141.771,11.36865
95880,42.36471,141.6656,11.51284
95940,42.29036,141.5589,11.58857
96000,42.2152,141.4515,11.59868
96060,42.14109,141.3458,11.59487
96120,42.06846,141.2426,11.59095
96180,41.9981,141.1426,11.58822
96240,41.92941,141.0455,11.58608
96300,41.86176,140.9504,11.5869
96360,41.79346,140.8566,11.59106
96420,41.70869,140.7802,11.58789
96480,41.61294,140.7164,11.58987
96540,41.5186,140.6517,11.58984
96600,41.42478,140.5872,11.58698
96660,41.33059,140.523,11.59042
96720,41.23594,140.4586,11.5911
96780,41.14102,140.3941,11.59271
96840,41.04636,140.3299,11.59183
96900,40.95206,140.2665,11.5838
96960,40.85899,140.204,11.5853
97020,40.76712,140.1422,11.58519
97080,40.67581,140.0813,11.58523
97140,40.58463,140.0205,11.58426
97200,40.49284,139.9594,11.58505
97260,40.39992,139.8978,11.58533
97320,40.30637,139.8349,11.58864
97380,40.21176,139.7716,11.587
97440,40.11647,139.708,11.58898
97500,40.02052,139.6442,11.58818
97560,39.92369,139.5813,11.5871
97620,39.82674,139.5184,11.58879
97680,39.72969,139.4556,11.58936
97740,39.63246,139.3929,11.58817
97800,39.5349,139.3303,11.58827
97860,39.437,139.2676,11.58677
97920,39.33886,139.2049,11.58943
97980,39.24041,139.1424,11.58817
98040,39.14156,139.0796,11.58669
98100,39.0425,139.0169,11.58957
98160,38.94324,138.9545,11.58521
98220,38.84379,138.8919,11.58618
98280,38.74412,138.8295,11.58856
98340,38.64426,138.767,11.58539
98400,38.55183,138.6939,11.58736
98460,38.46904,138.6087,11.59057
98520,38.3832,138.5265,11.58806
98580,38.29712,138.4447,11.59166
98640,38.21102,138.3632,11.5866
98700,38.12464,138.2819,11.58759
98760,38.03839,138.201,11.58923
98820,37.95366,138.1203,11.58585
98880,37.88706,138.0255,11.58738
98940,37.84631,137.9154,11.58659
99000,37.8015,137.8084,11.58521
99060,37.75379,137.7033,11.58399
99120,37.70611,137.5986,11.58531
99180,37.65829,137.4934,11.58508
99240,37.60999,137.387,11.58651
99300,37.56115,137.2797,11.58681
99360,37.51183,137.1713,11.58793
99420,37.46195,137.0623,11.58724
99480,37.41161,136.9527,11.58825
99540,37.36089,136.8427,11.58977
99600,37.3099,136.7326,11.58834
99660,37.25891,136.6222,11.58773
99720,37.20734,136.5119,11.58769
99780,37.15572,136.4014,11.58965
99840,37.10417,136.2912,11.5899
99900,37.05251,136.1814,11.58733
99960,37.00087,136.0718,11.58931
100020,36.94918,135.9623,11.57742
100080,36.89726,135.8529,11.57624
100140,36.84536,135.7436,11.57344
100200,36.79325,135.6346,11.5742
100260,36.74112,135.5259,11.57642
100320,36.6891,135.4175,11.5765
100380,36.63706,135.3097,11.57543
100440,36.5852,135.2023,11.57293
100500,36.53341,135.0954,11.57188
100560,36.48157,134.9888,11.57226
100620,36.42951,134.8823,11.57311
100680,36.37742,134.7759,11.57211
100740,36.32521,134.6698,11.57326
100800,36.28412,134.5589,11.57434
100860,36.27038,134.4387,11.57331
100920,36.25826,134.3181,11.57439
100980,36.24575,134.1979,11.57399
101040,36.23314,134.0778,11.57195
101100,36.22033,133.9577,11.57405
101160,36.20727,133.8381,11.57201
101220,36.19419,133.7185,11.57142
101280,36.181,133.5989,11.57288
101340,36.1676,133.4791,11.57202
101400,36.15411,133.3589,11.57342
101460,36.1404,133.2387,11.57361
101520,36.12661,133.1182,11.57296
101580,36.1128,132.9975,11.57449
101640,36.09868,132.8766,11.57345
101700,36.08429,132.7556,11.57382
101760,36.06997,132.6344,11.57041
101820,36.0554,132.5132,11.57437
101880,36.04071,132.392,11.57335
101940,36.02599,132.2708,11.57232
102000,36.01105,132.1496,11.57184
102060,35.99602,132.0281,11.57188
102120,35.98074,131.9062,11.57126
102180,35.96546,131.7837,11.57167
102240,35.94976,131.6607,11.57183
102300,35.93396,131.5372,11.57314
102360,35.9179,131.4133,11.57123
102420,35.90165,131.2888,11.57181
102480,35.88514,131.1638,11.57257
102540,35.86845,131.038,11.57267
102600,35.85146,130.9112,11.57415
102660,35.83475,130.7832,11.57546
102720,35.81878,130.6546,11.57393
102780,35.80238,130.5255,11.57304
102840,35.78664,130.3958,11.46667
102900,35.76917,130.2665,10.8912
102960,35.75737,130.1354,10.09143
103020,35.79577,130.0054,9.359316
103080,35.83925,129.8837,9.147871
103140,35.88065,129.7646,9.14594
103200,35.92336,129.6408,9.146016
103260,35.96829,129.5116,9.150446
103320,36.03039,129.3873,9.120815
103380,36.09786,129.2711,8.570732
103440,36.16585,129.1532,7.447422
103500,36.23525,129.0326,6.472997
103560,36.30189,128.9161,5.79089
103620,36.36357,128.8079,5.257287
103680,36.42202,128.7045,4.725619
103740,36.47859,128.6045,4.396079
103800,36.53617,128.5024,4.026708
103860,36.59299,128.401,3.682644
103920,36.65146,128.2975,3.683193
103980,36.7119,128.1894,3.660374
104040,36.75451,128.081,3.483732
104100,36.78273,127.9802,3.15436
104160,36.79633,127.8782,2.723596
104220,36.81269,127.7784,2.470399
104280,36.84594,127.6826,2.472197
104340,36.87548,127.5817,2.476038
104400,36.89665,127.4844,2.428662
104460,36.90868,127.3847,2.107153
104520,36.91998,127.2822,1.689831
104580,36.93426,127.1812,1.341973
104640,36.9472,127.0863,1.255923
104700,36.9539,126.9932,1.257386
104760,36.95954,126.9022,1.264229
104820,36.96395,126.8146,1.252545
104880,36.998,126.7616,1.053892
104940,37.051,126.7717,0.742132
105000,37.0727,126.8206,0.732495
105060,37.07752,126.878,0.695122
105120,37.08258,126.9268,0.463321
105180,37.08797,126.9749,0.232867
105240,37.09171,127.0194,0.060909
105300,37.09352,127.0417,0.050216
