src/Components/missions/KORUS-AQ/Tracks/KORUSAQ-B200TRK_MODEL_20160521_RA.ICT
35,1001
GeoTASO Team
NASA GSFC
B-200 (N817NA) GeoTASO
KORUS-AQ 2016
1,1
2016,05,21,2016,06,06
1
UTC_mid,seconds, mid time UTC from midnight of the starting data collecting day 
3
1,1,1
-9999,-9999,-9999
Lat, degN, 60 second average of latitude
Lon, degE, 60 second average of longitude
AltGPS, km, 60 second average of GPS altitude
1
Data from GeoTASO instrument
17
PI_CONTACT_INFO: Scott Janz
Platform: B-200 King Air
LOCATION: Included in data records
ASSOCIATED_DATA: N/A
INSTRUMENT_INFO:http://www.nserc.und.edu/PDFs/ExperimenterHandbook.pdf
DATA_INFO: data averaged into 60s intervals
UNCERTAINTY: Reference DC-8 Experimenter Handbook located at https://airbornescience.nasa.gov/sites/default/files/DC8_Experimenter_Handbook_Jan2011v2.pdf
ULOD_FLAG: -7777
ULOD_VALUE: N/A
LLOD_FLAG: -8888
LLOD_VALUE: N/A;
DM_CONTACT_INFO: Gao Chen 
PROJECT_INFO: N/A
STIPULATIONS_ON_USE: N/A
OTHER_COMMENTS: N/A
REVISION: RA
UTC_mid,Lat,Lon,AltGPS
85190,37.08780249,127.0189942,0.032222666
85250,37.0877349,127.0160496,0.031802127
85310,37.0878119,127.015921,0.031788772
85370,37.08800502,127.0154622,0.03165523
85430,37.08940005,127.0161267,0.031988207
85490,37.09137946,127.0486281,0.206650694
85550,37.09542685,127.1022049,0.655183566
85610,37.11095419,127.154748,1.151532153
85670,37.13440416,127.2022709,1.704956779
85730,37.1444188,127.2587021,2.153111389
85790,37.15283566,127.3202838,2.621519795
85850,37.16116024,127.3824076,3.041253383
85910,37.17075525,127.4473501,3.354951263
85970,37.20548728,127.495313,3.506021598
86030,37.26137301,127.5214745,3.493474792
86090,37.31622152,127.5462399,3.495611859
86150,37.37226819,127.5531286,3.497329081
86210,37.4289748,127.5416906,3.554163356
86270,37.48285359,127.5300369,3.938658577
86330,37.52053513,127.5513068,4.261258853
86390,37.4892218,127.5860705,4.662451051
86450,37.44074901,127.595486,5.004785232
86510,37.39055797,127.603918,5.294455928
86570,37.34353525,127.593459,5.594861695
86630,37.32645756,127.5339724,5.876846269
86690,37.31897403,127.4674584,6.13518977
86750,37.31126316,127.4004256,6.359172412
86810,37.30637876,127.3321214,6.566697929
86870,37.32860663,127.2732232,6.830498085
86930,37.36419127,127.223991,7.025630289
86990,37.39975016,127.1755576,7.228648933
87050,37.43568914,127.1292764,7.366432181
87110,37.48730553,127.1142141,7.383330834
87170,37.54268307,127.1378525,7.373803422
87230,37.54014251,127.2126657,7.469479321
87290,37.52582575,127.289541,7.661656358
87350,37.52620888,127.3702436,7.687307773
87410,37.52810296,127.4547432,7.691996586
87470,37.53037688,127.5417206,7.690772971
87530,37.51039622,127.6141103,7.691179732
87590,37.45380485,127.6013783,7.699015743
87650,37.4013876,127.558966,7.690765142
87710,37.3545779,127.5077373,7.692782802
87770,37.31784918,127.4496502,7.69307423
87830,37.31281433,127.3759698,7.689317935
87890,37.30935558,127.3008719,7.688240655
87950,37.31070146,127.2258639,7.690620406
88010,37.32020302,127.1517161,7.690119573
88070,37.33086049,127.0775794,7.689487972
88130,37.3416841,127.0032471,7.689377857
88190,37.35238427,126.9286231,7.69070484
88250,37.36300503,126.853946,7.691692828
88310,37.37373467,126.7793879,7.688403041
88370,37.3846458,126.7047037,7.687201538
88430,37.39507725,126.62979,7.688843847
88490,37.40542524,126.5551092,7.688224235
88550,37.41139434,126.4802272,7.6879985
88610,37.41089573,126.4046851,7.691818274
88670,37.41037629,126.3291214,7.690807089
88730,37.4095301,126.2535346,7.688372474
88790,37.40870703,126.1780411,7.689220971
88850,37.40806999,126.1022923,7.688808389
88910,37.40760939,126.0264359,7.688631612
88970,37.40722418,125.9505159,7.690929955
89030,37.40656602,125.8745827,7.690267935
89090,37.40561291,125.7984732,7.68785214
89150,37.38687317,125.7306912,7.701365489
89210,37.33110345,125.7123311,7.702621968
89270,37.27255135,125.7504859,7.709213531
89330,37.21804709,125.7985522,7.693509939
89390,37.2056279,125.8779152,7.695298503
89450,37.20604545,125.9652081,7.697696511
89510,37.20592155,126.0527934,7.698884802
89570,37.2061943,126.1404737,7.701670855
89630,37.20629869,126.2284679,7.700417996
89690,37.2060128,126.3165275,7.702824611
89750,37.20572257,126.4047995,7.701455776
89810,37.20536198,126.4935571,7.699659315
89870,37.20516094,126.5822196,7.709255656
89930,37.19213679,126.6650539,7.705695211
89990,37.13454856,126.6978346,7.710202213
90050,37.06785227,126.6994116,7.702134863
90110,37.00083018,126.6998333,7.710465085
90170,36.93368344,126.6997004,7.70527994
90230,36.86652154,126.6996928,7.706934738
90290,36.79948445,126.6998637,7.706770785
90350,36.73263629,126.7000002,7.706298746
90410,36.66605612,126.6997664,7.701679947
90470,36.59975715,126.6997111,7.705804405
90530,36.53366708,126.6998554,7.70679178
90590,36.4676211,126.6997992,7.705046381
90650,36.40155326,126.6998505,7.710479973
90710,36.33567618,126.6999943,7.714147754
90770,36.26965175,126.699726,7.705133276
90830,36.20323271,126.6991253,7.709678016
90890,36.13646165,126.6993381,7.707524533
90950,36.06963116,126.6996413,7.70302996
91010,36.00670742,126.6856704,7.70832617
91070,35.98788621,126.6239319,7.708799977
91130,36.03843711,126.5995363,7.708466711
91190,36.10242096,126.6004383,7.711737159
91250,36.16667798,126.6002983,7.705662853
91310,36.23132176,126.5999361,7.706267992
91370,36.29596776,126.5999437,7.705648726
91430,36.36084292,126.5997398,7.701543045
91490,36.42587969,126.599881,7.702511879
91550,36.490894,126.6003818,7.705948788
91610,36.55613204,126.6002006,7.699680388
91670,36.62159439,126.5996513,7.700043395
91730,36.68708374,126.5992792,7.701540785
91790,36.75243215,126.5990174,7.700252979
91850,36.8177065,126.5999558,7.699769301
91910,36.88264631,126.5993634,7.697380582
91970,36.94742171,126.599536,7.697260415
92030,37.01216821,126.6007157,7.694070367
92090,37.07674262,126.6001099,7.699064172
92150,37.13974231,126.5936603,7.705214304
92210,37.17930308,126.543391,7.699016986
92270,37.15253229,126.4982594,7.701128438
92330,37.08715765,126.5023027,7.697191302
92390,37.02081749,126.5004409,7.695533535
92450,36.95424512,126.4999236,7.698262566
92510,36.88743856,126.5002009,7.700293547
92570,36.82065251,126.4998927,7.699247639
92630,36.7537066,126.4998982,7.698737761
92690,36.68668886,126.49951,7.700125054
92750,36.61969181,126.4994064,7.709731679
92810,36.55301026,126.4996483,7.720360827
92870,36.48615131,126.5004604,7.711864441
92930,36.41946254,126.4997469,7.720696612
92990,36.35323894,126.4997451,7.714945259
93050,36.28728376,126.4998153,7.716248675
93110,36.22156114,126.4997332,7.713879759
93170,36.1555436,126.4998128,7.711724866
93230,36.08933149,126.4996441,7.714391131
93290,36.02632455,126.4923931,7.723533478
93350,36.03235511,126.4469371,7.715231086
93410,36.09467869,126.4348308,7.721228349
93470,36.15971759,126.4337675,7.716515118
93530,36.22530604,126.4336112,7.710885567
93590,36.2912367,126.4335721,7.710709038
93650,36.35726091,126.4332301,7.703523017
93710,36.42347723,126.4333077,7.710587266
93770,36.48909355,126.4331857,7.719164141
93830,36.55450107,126.4331692,7.711630066
93890,36.61980301,126.4331167,7.711635394
93950,36.68483234,126.4329321,7.704598973
94010,36.75007064,126.4337425,7.702497917
94070,36.81518721,126.4338172,7.704295252
94130,36.87973752,126.4336666,7.713487561
94190,36.94425817,126.4335375,7.705363661
94250,37.00918203,126.4337038,7.696750668
94310,37.073979,126.4334254,7.697150116
94370,37.13716918,126.4274536,7.704463199
94430,37.16131975,126.3715151,7.707251927
94490,37.11637499,126.3336016,7.706505019
94550,37.04973957,126.3332447,7.696883053
94610,36.98244226,126.3327375,7.695304209
94670,36.91486604,126.3326877,7.694336204
94730,36.84703298,126.3331835,7.697808593
94790,36.77937113,126.3335431,7.696686732
94850,36.71185203,126.3330378,7.695706615
94910,36.64443896,126.3324487,7.699444436
94970,36.57707502,126.3333627,7.697965099
95030,36.50994778,126.3331999,7.700077828
95090,36.44318013,126.3331341,7.700096882
95150,36.37670028,126.3330994,7.69929345
95210,36.31018684,126.3332614,7.699103285
95270,36.24349936,126.332927,7.700044918
95330,36.17635337,126.3329043,7.700148306
95390,36.10913645,126.3325057,7.70323161
95450,36.04240408,126.33051,7.702712554
95510,36.00009138,126.2849222,7.700920964
95570,36.03722964,126.2382275,7.70384196
95630,36.10385611,126.2341115,7.703961717
95690,36.17034373,126.232367,7.707140483
95750,36.23661886,126.2333691,7.698762576
95810,36.30271749,126.2332348,7.699234843
95870,36.36898166,126.2334527,7.697162903
95930,36.43526288,126.2334881,7.699936159
95990,36.50150633,126.2332207,7.695999581
96050,36.56775416,126.2335417,7.698349115
96110,36.6339078,126.2334438,7.699715578
96170,36.69978037,126.2334633,7.698051707
96230,36.76541782,126.2334455,7.695285527
96290,36.83069308,126.2333786,7.698731278
96350,36.89574091,126.233763,7.706753636
96410,36.96097046,126.2335974,7.700829349
96470,37.02624048,126.2334117,7.699522348
96530,37.09157697,126.2334985,7.698993982
96590,37.15279038,126.2201091,7.711882063
96650,37.18538533,126.160127,7.708565184
96710,37.17367927,126.1019016,7.70382834
