src/Components/missions/KORUS-AQ/Tracks/KORUSAQ-B200TRK_MODEL_20160525_RA.ICT
35,1001
GeoTASO Team
NASA GSFC
B-200 (N817NA) GeoTASO
KORUS-AQ 2016
1,1
2016,05,25,2016,06,06
1
UTC_mid,seconds, mid time UTC from midnight of the starting data collecting day 
3
1,1,1
-9999,-9999,-9999
Lat, degN, 60 second average of latitude
Lon, degE, 60 second average of longitude
AltGPS, km, 60 second average of GPS altitude
1
Data from GeoTASO instrument
17
PI_CONTACT_INFO: Scott Janz
Platform: B-200 King Air
LOCATION: Included in data records
ASSOCIATED_DATA: N/A
INSTRUMENT_INFO:http://www.nserc.und.edu/PDFs/ExperimenterHandbook.pdf
DATA_INFO: data averaged into 60s intervals
UNCERTAINTY: Reference DC-8 Experimenter Handbook located at https://airbornescience.nasa.gov/sites/default/files/DC8_Experimenter_Handbook_Jan2011v2.pdf
ULOD_FLAG: -7777
ULOD_VALUE: N/A
LLOD_FLAG: -8888
LLOD_VALUE: N/A;
DM_CONTACT_INFO: Gao Chen 
PROJECT_INFO: N/A
STIPULATIONS_ON_USE: N/A
OTHER_COMMENTS: N/A
REVISION: RA
UTC_mid,Lat,Lon,AltGPS
13340,37.08781086,127.0293411,0.032672474
13400,37.08781327,127.0293387,0.032644382
13460,37.0878159,127.0293361,0.032613736
13520,37.08781853,127.0293336,0.03258309
13580,37.08782115,127.029331,0.032552444
13640,37.08782378,127.0293284,0.032521798
13700,37.08782641,127.0293258,0.032491152
13760,37.08782904,127.0293232,0.032460506
13820,37.08783167,127.0293206,0.03242986
13880,37.0878343,127.0293181,0.032399214
13940,37.08783693,127.0293155,0.032368569
14000,37.08783955,127.0293129,0.032337923
14060,37.08784218,127.0293103,0.032307277
14120,37.08784481,127.0293077,0.032276631
14180,37.08784744,127.0293052,0.032245985
14240,37.08785007,127.0293026,0.032215339
14300,37.08785269,127.0293,0.032184693
14360,37.08785533,127.0292974,0.032154047
14420,37.08785795,127.0292948,0.032123401
14480,37.08786058,127.0292923,0.032092755
14540,37.08786321,127.0292897,0.03206211
14600,37.08786584,127.0292871,0.032031464
14660,37.08786847,127.0292845,0.032000818
14720,37.08787109,127.0292819,0.031970172
14780,37.08787373,127.0292793,0.031939526
14840,37.08787635,127.0292768,0.03190888
14900,37.08787898,127.0292742,0.031878234
14960,37.08788161,127.0292716,0.031847588
15020,37.08788424,127.029269,0.031816942
15080,37.08788687,127.0292664,0.031786296
15140,37.08788949,127.0292639,0.03175565
15200,37.08789212,127.0292613,0.031725005
15260,37.08789475,127.0292587,0.031694359
15320,37.08789738,127.0292561,0.031663713
15380,37.08790001,127.0292535,0.031633067
15440,37.08790264,127.029251,0.031602421
15500,37.08791127,127.0292456,0.032278443
15560,37.08792346,127.0292195,0.03254842
15620,37.0878882,127.0292581,0.031971152
15680,37.08788439,127.0292603,0.032356567
15740,37.08788483,127.0292601,0.031453572
15800,37.08788359,127.0292594,0.031295758
15860,37.08788025,127.0292619,0.031903965
15920,37.08788273,127.0292586,0.030579382
15980,37.08787862,127.0292627,0.031429662
16040,37.08788021,127.0292607,0.031174382
16100,37.08787971,127.029263,0.031637041
16160,37.08788034,127.0292618,0.031539401
16220,37.08793052,127.029405,0.031082239
16280,37.08882166,127.0315816,0.032128556
16340,37.08933865,127.037429,0.032811429
16400,37.08987053,127.0427185,0.033176428
16460,37.09151655,127.0444186,0.033402114
16520,37.09023244,127.024967,0.149592005
16580,37.06788494,127.0041466,0.652793737
16640,37.02821465,127.0084802,1.201321057
16700,36.98347586,126.9937668,1.714625574
16760,36.93988139,126.9804388,2.277676955
16820,36.89350411,126.9665646,2.746313679
16880,36.84653784,126.9541188,3.178451093
16940,36.79911935,126.9436002,3.597643408
17000,36.752722,126.9310442,3.982584205
17060,36.70670693,126.9189054,4.349145859
17120,36.66041549,126.9056804,4.635607059
17180,36.61013846,126.8916888,4.734835626
17240,36.55469627,126.8761136,4.710545946
17300,36.50161486,126.861235,4.961703626
17360,36.45206219,126.8505447,5.227214935
17420,36.40092221,126.8412317,5.465691239
17480,36.34792711,126.8345232,5.687100291
17540,36.29425012,126.8282676,5.896832721
17600,36.24131555,126.8213512,6.10219163
17660,36.18907109,126.8156033,6.307544485
17720,36.13707633,126.8096646,6.473512886
17780,36.08495581,126.803095,6.679610947
17840,36.03291144,126.7976832,6.82612383
17900,35.97964826,126.7911395,6.958999653
17960,35.92627492,126.783957,7.125126443
18020,35.8750992,126.7786763,7.300111357
18080,35.8235794,126.773458,7.495702758
18140,35.77286512,126.7679454,7.697285103
18200,35.72303156,126.7624505,7.898495272
18260,35.67209298,126.75776,8.039716221
18320,35.62036215,126.7515478,8.204552404
18380,35.56821459,126.7462581,8.355026578
18440,35.51553982,126.7411869,8.481301063
18500,35.46073671,126.7363328,8.583052684
18560,35.40448349,126.7305662,8.654311161
18620,35.34779015,126.7257094,8.770510541
18680,35.29127722,126.7200354,8.883181355
18740,35.23438126,126.7143483,8.961622215
18800,35.17611411,126.7072414,8.985316926
18860,35.11692203,126.7003807,8.983548951
18920,35.05703587,126.6925185,8.966870126
18980,34.99713832,126.688236,8.990180088
19040,34.93820427,126.681873,8.995722745
19100,34.87885869,126.6753638,8.993897759
19160,34.81861916,126.6691509,8.995261917
19220,34.75766639,126.6630114,8.99862705
19280,34.6967647,126.6561602,9.001572113
19340,34.63566381,126.6495406,9.005042529
19400,34.57424047,126.6434472,9.003651611
19460,34.51235964,126.6376686,9.000934241
19520,34.44976559,126.6339492,9.003117224
19580,34.38812789,126.6250114,9.008732914
19640,34.32582192,126.6174718,9.008951817
19700,34.26330283,126.6111282,9.005752266
19760,34.20043759,126.6047301,9.011921445
19820,34.137609,126.5979245,9.012679692
19880,34.07475623,126.5915406,9.013385556
19940,34.01193419,126.5849414,9.017195846
20000,33.94894457,126.5781053,9.018884929
20060,33.88538767,126.5717573,9.020447642
20120,33.82448686,126.5588366,9.021952909
20180,33.76738278,126.5349956,9.024762315
20240,33.70989654,126.5101168,9.027506494
20300,33.65226179,126.4852508,9.026167828
20360,33.59464826,126.4602636,9.027152718
20420,33.5367718,126.4352106,9.027699308
20480,33.47820755,126.4101123,9.031152054
20540,33.42010313,126.3847612,9.032520304
20600,33.36191271,126.3601378,9.034272334
20660,33.30409338,126.3353446,9.034404876
20720,33.24582572,126.3106142,9.034871078
20780,33.18711148,126.2865028,9.03789355
20840,33.12837193,126.2618624,9.041283684
20900,33.070274,126.2360707,9.042150034
20960,33.01202542,126.2095922,9.033539318
21020,32.95353103,126.1843925,9.042708415
21080,32.89543461,126.1590799,9.037811054
21140,32.83654954,126.1337518,9.045610997
21200,32.77728699,126.1086454,9.053527941
21260,32.71763275,126.0824927,9.045633918
21320,32.65767174,126.0557147,9.042145359
21380,32.5963143,126.0303646,9.009711095
21440,32.53515953,126.0037105,9.020099328
21500,32.47467952,125.9799691,9.036905609
21560,32.41452202,125.9548574,9.044552729
21620,32.35508556,125.9286774,9.044686697
21680,32.29485743,125.9039024,9.053468602
21740,32.23483371,125.8791195,9.050301919
21800,32.17530883,125.8528854,9.091213643
21860,32.1156086,125.8282047,9.06892911
21920,32.05464232,125.8029664,9.044621601
21980,32.0114273,125.7603891,9.053682703
22040,32.01031362,125.6926813,9.051825998
22100,32.01030507,125.6243238,9.059921311
22160,32.0086179,125.555045,9.048423483
22220,32.00657982,125.4853897,9.059085264
22280,32.00583599,125.4161238,9.05719747
22340,32.00525676,125.3465994,9.05776045
22400,32.00390532,125.2774277,9.060913755
22460,32.00271176,125.2073425,8.994721883
22520,32.00294095,125.1304529,8.75304961
22580,32.00674377,125.0486162,8.514599796
22640,32.00573117,124.9658979,8.386387066
22700,32.00467878,124.8877693,8.382997502
22760,32.00383631,124.8128676,8.385233373
22820,32.0027876,124.7399836,8.392553975
22880,32.00278882,124.6679168,8.391033558
22940,32.00261451,124.5960756,8.390089246
23000,32.00200023,124.5247724,8.392692052
23060,32.00188876,124.4537771,8.392383792
23120,32.00159856,124.3827551,8.39169972
23180,32.00802591,124.314166,8.394093836
23240,32.05665382,124.2820816,8.394961206
23300,32.11956882,124.2824725,8.390618512
23360,32.18275325,124.2828829,8.3911369
23420,32.24631767,124.2832839,8.386139876
23480,32.31017404,124.2833932,8.386202166
23540,32.37437597,124.2833542,8.388195136
23600,32.43844181,124.2841729,8.385113668
23660,32.50214941,124.2831808,8.383307041
23720,32.56589079,124.2832282,8.387413695
23780,32.62961175,124.2828192,8.386075093
23840,32.69352673,124.2838215,8.38007966
23900,32.75763879,124.2864565,8.38358589
23960,32.82218832,124.2902117,8.379324928
24020,32.88643265,124.2900226,8.376533756
24080,32.95070356,124.2909158,8.378247871
24140,33.01514118,124.2901186,8.37817341
24200,33.08022947,124.2920744,8.378843549
24260,33.14545014,124.2927805,8.375865128
24320,33.2111631,124.2934435,8.37387784
24380,33.27646428,124.2945832,8.400005478
24440,33.3418929,124.2961784,8.37365694
24500,33.40753885,124.2976095,8.394474273
24560,33.47317925,124.2979933,8.37560392
24620,33.53935885,124.2994482,8.373370861
24680,33.60631084,124.2996224,8.381088069
24740,33.6717717,124.3010003,8.399887189
24800,33.73829282,124.301309,8.372530358
24860,33.80563676,124.3017012,8.359278114
24920,33.87244433,124.3022842,8.374198003
24980,33.93944636,124.3032271,8.367224162
25040,34.00647534,124.301697,8.348665656
25100,34.07405843,124.3020022,8.38923545
25160,34.13822181,124.3027343,8.490119156
25220,34.20189221,124.3029506,8.578121988
25280,34.26306318,124.3028292,8.723102396
25340,34.32162697,124.3025265,8.856236458
25400,34.37897181,124.3012946,8.966235887
25460,34.43783904,124.3004076,9.000733976
25520,34.49920965,124.2991582,9.000327174
25580,34.56186175,124.2979885,9.000516972
25640,34.62472067,124.2961399,9.007868465
25700,34.68825389,124.2947314,9.007571839
25760,34.75180564,124.2945261,9.014574308
25820,34.81578702,124.2940456,9.012923625
25880,34.8802241,124.2944935,9.001004859
25940,34.94521556,124.2941059,8.991372797
26000,35.01021298,124.2928394,8.986041967
26060,35.0753422,124.2926252,8.993115114
26120,35.14064078,124.293633,8.981252133
26180,35.20538536,124.2926066,8.980366342
26240,35.26978853,124.2917489,8.975938797
26300,35.33480986,124.2922337,8.972413487
26360,35.40023345,124.2929771,8.971638303
26420,35.46590668,124.29276,8.969044389
26480,35.53143259,124.2918386,8.962200684
26540,35.59744446,124.2916139,8.956858914
26600,35.66383566,124.2916518,8.956823327
26660,35.72984442,124.2913792,8.957561872
26720,35.79600446,124.2907506,8.960324436
26780,35.86247029,124.2905078,8.953989161
26840,35.92933778,124.2903888,8.954021503
26900,35.99634647,124.2900952,8.948121009
26960,36.06298408,124.2892417,8.950579532
27020,36.13003303,124.2887617,8.942087514
27080,36.1975585,124.288564,8.94086151
27140,36.2646525,124.2874254,8.939596065
27200,36.332273,124.2878122,8.938199617
27260,36.3998104,124.2873707,8.932341191
27320,36.46711237,124.2869925,8.931410199
27380,36.53480963,124.2869819,8.92593787
27440,36.60213757,124.2868438,8.925878712
27500,36.66853982,124.2860275,8.924499717
27560,36.73492492,124.2858682,8.917194612
27620,36.80123718,124.2857788,8.918240531
27680,36.86723566,124.2849751,8.910458828
27740,36.9333873,124.2847832,8.912305284
27800,36.99943329,124.2844373,8.90329786
27860,37.06524407,124.2835679,8.903623368
27920,37.13112618,124.3021643,8.911273022
27980,37.17438398,124.3885793,8.906423911
28040,37.18077118,124.4976877,8.916784468
28100,37.18360927,124.6076204,8.911854478
28160,37.18645686,124.7179134,8.9133921
28220,37.18932364,124.8282191,8.915748559
28280,37.19231931,124.9393917,8.907957831
28340,37.19406872,125.0505173,8.902547896
28400,37.19545215,125.1619739,8.902137989
28460,37.1970079,125.2734177,8.898664235
28520,37.19907905,125.3844218,8.896762604
28580,37.20114183,125.4961727,8.8687469
28640,37.20376162,125.6069562,8.903050727
28700,37.20525199,125.7173419,8.919852841
28760,37.20576963,125.8275809,8.892539685
28820,37.20752036,125.9382282,8.916740952
28880,37.20895827,126.0484574,8.908785447
28940,37.20916129,126.157046,8.915931032
29000,37.20991263,126.262428,8.916820942
29060,37.2103627,126.3656582,8.920233443
29120,37.21070411,126.4679969,8.918618929
29180,37.21177138,126.5704889,8.916211196
29240,37.21191229,126.6738931,8.943062053
29300,37.21177166,126.7804585,8.901165241
29360,37.21291876,126.890102,8.912147094
29420,37.23191291,126.9904539,8.926848057
29480,37.29627746,127.0373292,8.928492726
29540,37.36562496,127.0716283,8.967602584
29600,37.43562998,127.1031384,8.954919429
29660,37.50603206,127.1189436,8.901155616
29720,37.57142663,127.1517231,8.914348949
29780,37.58558501,127.2532478,8.928123973
29840,37.57075161,127.3611913,8.916356631
29900,37.55378796,127.4683328,8.907752076
29960,37.52681206,127.5646257,8.922189227
30020,37.47315618,127.5930989,8.916367706
30080,37.42735855,127.5751734,8.912368999
30140,37.38801754,127.5482281,8.919052577
30200,37.35715994,127.5113344,8.917693828
30260,37.33051298,127.4712992,8.92790104
30320,37.32264938,127.4209361,8.921014268
30380,37.31652669,127.3697761,8.916851993
30440,37.30937242,127.3191756,8.910666347
30500,37.29158595,127.2781399,8.875185472
30560,37.3276412,127.2770378,8.536791504
30620,37.37351643,127.3565185,8.006672476
30680,37.3914703,127.4565776,7.456732837
30740,37.40098507,127.5586235,6.84320122
30800,37.36887976,127.6250972,5.980402709
30860,37.31298627,127.6440451,4.853530771
30920,37.32204266,127.6020209,3.726392481
30980,37.35451184,127.5553378,2.963076768
31040,37.34325565,127.524113,2.543513456
31100,37.30699263,127.5200501,2.179295382
31160,37.27432808,127.5024566,1.740571074
31220,37.23735625,127.4765427,1.359338415
31280,37.20021572,127.4523304,1.268103482
31340,37.16604187,127.4233917,1.276183223
31400,37.1388181,127.3852653,1.287850279
31460,37.11915419,127.3424697,1.213429498
31520,37.11155916,127.2880006,0.872856444
31580,37.10696811,127.2361672,0.784220079
31640,37.10278902,127.1883154,0.730441133
31700,37.09879218,127.1431414,0.495728497
31760,37.09661921,127.1001848,0.329417898
31820,37.09531588,127.0611698,0.136470219
31880,37.09299608,127.0348081,0.035010469
31940,37.09044646,127.0296326,0.033006786
32000,37.08803778,127.0295624,0.032298857
32060,37.08776947,127.0293415,0.032210744
