src/Components/missions/ACEPOL/Plans/ACEPOL-Flt-plan_er2_20171024_RG.ict
43, 1001
rferrare
NASA Ames Research Center
Simulated flight plan
ACEPOL
1,1
2017,10,24,2017,10,24
60
Start_UTC, seconds from midnight UTC, time keeping
7
1,1,1,1,1,1,1
-9999,-9999,-9999,-9999,-9999,-9999,-9999
Latitude, Degrees (North positive), Planned latitude position of the aircraft
Longitude, Degrees (East positive), Planned longitude position of the aircraft
Altitude, meters (above sea level), Planned altitude of the aircraft
speed, meters per second (m/s), Estimated speed of aircraft
Bearing, degrees from north, Direction of travel of the plane per respect to north
SZA, degrees from zenith, Elevation position of the sun in the sky per respect to zenith
AZI, degrees from north, Azimuthal position of the sun in the sky per respect to north
1
Simulated aircraft data interpolated from flight plan waypoints
21
-----------------------------------------------------------------------------
PI_CONTACT_INFO: rferrare
PLATFORM: er2
LOCATION: N/A
ASSOCIATED_DATA: N/A
INSTRUMENT_INFO: None
DATA_INFO: Compiled with flight planner: moving lines v1.09
UNCERTAINTY: Undefined
ULOD_FLAG: -7777
ULOD_VALUE: N/A
LLOD_FLAG: -8888
LLOD_VALUE: N/A
DM_CONTACT_INFO: Samuel LeBlanc, samuel.leblanc@nasa.gov
PROJECT_INFO: ACEPOL
STIPULATIONS_ON_USE: None
OTHER_COMMENTS: N/A
REVISION: RG
RG: Version 7 of the flight plan ict 
  RA: First iteration of the flight plan
-----------------------------------------------------------------------------
Start_UTC,Latitude,Longitude,Altitude,speed,Bearing,SZA,AZI
[from data line 227]
73020,35.994151191,-120.541407194,20000,212.000,164.890,48.566,190.032
73080,35.904150170,-120.511488137,20000,212.000,164.889,48.515,190.407
73140,35.814149149,-120.481569079,20000,212.000,164.889,48.465,190.782
73200,35.724148128,-120.451650021,20000,212.000,164.889,48.415,191.157
73260,35.613965284,-120.415316185,20000,212.000,165.010,48.357,191.547
73320,35.503711570,-120.378959824,20000,212.000,165.131,48.300,191.938
73380,35.393457856,-120.342603462,20000,212.000,165.253,48.242,192.328
73440,35.283204142,-120.306247101,20000,212.000,165.374,48.185,192.718
73500,35.172950428,-120.269890739,20000,212.000,165.496,48.127,193.109
73560,35.062696714,-120.233534377,20000,212.000,165.618,48.070,193.499
73620,34.963560912,-120.202417120,20000,212.000,153.369,48.029,193.882
73680,34.865714998,-120.171907696,20000,212.000,139.686,47.990,194.265
73740,34.767869083,-120.141398273,20000,212.000,126.002,47.952,194.648
73800,34.699306094,-120.035255304,20000,212.000,125.067,47.982,195.116
73860,34.632993268,-119.923300493,20000,212.000,125.111,48.017,195.592
73920,34.566680441,-119.811345682,20000,212.000,125.156,48.051,196.067
73980,34.500367614,-119.699390870,20000,212.000,125.200,48.086,196.542
74040,34.434054788,-119.587436059,20000,212.000,125.245,48.121,197.018
74100,34.367741961,-119.475481248,20000,212.000,125.289,48.156,197.493
74160,34.301429135,-119.363526436,20000,212.000,125.334,48.191,197.968
74220,34.235116308,-119.251571625,20000,212.000,125.378,48.226,198.444
74280,34.168803482,-119.139616814,20000,212.000,125.422,48.261,198.919
74340,34.102490655,-119.027662002,20000,212.000,125.467,48.296,199.394
74400,34.036177829,-118.915707191,20000,212.000,125.511,48.331,199.869
74460,33.969865002,-118.803752380,20000,212.000,125.556,48.366,200.345
74520,33.903552175,-118.691797568,20000,212.000,125.600,48.401,200.820
74580,33.837239349,-118.579842757,20000,212.000,125.645,48.436,201.295
74640,33.770926522,-118.467887946,20000,212.000,125.689,48.471,201.771
74700,33.704613696,-118.355933134,20000,212.000,125.733,48.506,202.246
74760,33.638300869,-118.243978323,20000,212.000,125.778,48.541,202.721
74820,33.571988043,-118.132023511,20000,212.000,125.822,48.576,203.197
74880,33.507766260,-118.026118546,20000,212.000,120.930,48.640,203.652
74940,33.443836191,-117.921057570,20000,212.000,115.350,48.708,204.105
75000,33.379906122,-117.815996595,20000,212.000,109.769,48.775,204.558
75060,33.315976053,-117.710935619,20000,212.000,104.189,48.843,205.011
75120,33.252045984,-117.605874643,20000,212.000,98.608,48.911,205.464
75180,33.188115915,-117.500813667,20000,212.000,93.028,48.979,205.917
75240,33.124185845,-117.395752692,20000,212.000,87.447,49.047,206.370
75300,33.060255776,-117.290691716,20000,212.000,81.867,49.115,206.823
75360,33.068045537,-117.160457529,20000,212.000,80.338,49.267,207.274
75420,33.086534898,-117.026419046,20000,212.000,79.869,49.436,207.718
75480,33.106047601,-116.891983007,20000,212.000,79.816,49.609,208.156
75540,33.125560304,-116.757546968,20000,212.000,79.762,49.783,208.594
75600,33.145073007,-116.623110929,20000,212.000,79.708,49.956,209.032
75660,33.164585709,-116.488674891,20000,212.000,79.655,50.129,209.470
75720,33.184098412,-116.354238852,20000,212.000,79.601,50.303,209.909
75780,33.203611115,-116.219802813,20000,212.000,79.547,50.476,210.347
75840,33.222067399,-116.093939117,20000,212.000,87.008,50.650,210.770
75900,33.238261506,-115.986431947,20000,212.000,110.558,50.824,211.160
75960,33.254455612,-115.878924777,20000,212.000,134.109,50.998,211.550
76020,33.270649719,-115.771417607,20000,212.000,157.659,51.172,211.941
76080,33.286843826,-115.663910437,20000,212.000,181.210,51.347,212.331
76140,33.303037932,-115.556403267,20000,212.000,204.761,51.521,212.722
76200,33.319232039,-115.448896096,20000,212.000,228.311,51.695,213.112
76260,33.335426145,-115.341388926,20000,212.000,251.862,51.869,213.503
76320,33.351620252,-115.233881756,20000,212.000,275.412,52.044,213.893
76380,33.367854975,-115.131879121,19990,211.928,298.086,52.216,214.277
76440,33.385140870,-115.172334226,19716,209.983,298.063,52.344,214.472
76500,33.402426766,-115.212789332,19442,208.038,298.040,52.472,214.667
76560,33.419712661,-115.253244437,19168,206.094,298.018,52.601,214.863
76620,33.436998556,-115.293699543,18894,204.149,297.995,52.729,215.058
76680,33.454284452,-115.334154648,18620,202.204,297.973,52.857,215.253
76740,33.471570347,-115.374609754,18346,200.260,297.950,52.985,215.449
76800,33.488856242,-115.415064859,18073,198.315,297.927,53.113,215.644
76860,33.506142138,-115.455519965,17799,196.370,297.905,53.241,215.839
76920,33.523428033,-115.495975071,17525,194.426,297.882,53.370,216.035
76980,33.540713928,-115.536430176,17251,192.481,297.859,53.498,216.230
77040,33.557999824,-115.576885282,16977,190.537,297.837,53.626,216.425
77100,33.575285719,-115.617340387,16703,188.592,297.814,53.754,216.621
77160,33.592571614,-115.657795493,16429,186.647,297.792,53.882,216.816
77220,33.609857510,-115.698250598,16155,184.703,297.769,54.010,217.011
77280,33.627143405,-115.738705704,15881,182.758,297.746,54.139,217.207
77340,33.644429300,-115.779160809,15608,180.813,297.724,54.267,217.402
77400,33.661715196,-115.819615915,15334,178.869,297.701,54.395,217.597
77460,33.679001091,-115.860071020,15060,176.924,297.678,54.523,217.793
77520,33.696286986,-115.900526126,14786,174.979,297.656,54.651,217.988
77580,33.713572882,-115.940981232,14512,173.035,297.633,54.780,218.183
77640,33.730858777,-115.981436337,14238,171.090,297.611,54.908,218.379
77700,33.748144672,-116.021891443,13964,169.145,297.588,55.036,218.574
77760,33.765430568,-116.062346548,13690,167.201,297.565,55.164,218.769
77820,33.782716463,-116.102801654,13416,165.256,297.543,55.292,218.965
77880,33.800002358,-116.143256759,13142,163.311,297.520,55.420,219.160
77940,33.817288254,-116.183711865,12869,161.367,297.497,55.549,219.355
78000,33.834574149,-116.224166970,12595,159.422,297.475,55.677,219.551
78060,33.851860044,-116.264622076,12321,157.478,297.452,55.805,219.746
78120,33.869145940,-116.305077181,12047,155.533,297.430,55.933,219.941
78180,33.886431835,-116.345532287,11773,153.588,297.407,56.061,220.137
78240,33.903717730,-116.385987393,11499,151.644,297.384,56.189,220.332
78300,33.921003626,-116.426442498,11225,149.699,297.362,56.318,220.527
78360,33.938289521,-116.466897604,10951,147.754,297.339,56.446,220.723
78420,33.955575416,-116.507352709,10677,145.810,297.316,56.574,220.918
78480,33.972861312,-116.547807815,10404,143.865,297.294,56.702,221.113
78540,33.990147207,-116.588262920,10130,141.920,297.271,56.830,221.309
78600,34.007433102,-116.628718026, 9856,139.976,297.249,56.959,221.504
78660,34.024718998,-116.669173131, 9582,138.031,297.226,57.087,221.699
78720,34.042004893,-116.709628237, 9308,136.086,297.203,57.215,221.895
78780,34.059290788,-116.750083342, 9034,134.142,297.181,57.343,222.090
78840,34.076576684,-116.790538448, 8760,132.197,297.158,57.471,222.285
78900,34.093862579,-116.830993554, 8486,130.252,297.135,57.599,222.481
78960,34.111148474,-116.871448659, 8212,128.308,297.113,57.728,222.676
79020,34.128434370,-116.911903765, 7938,126.363,297.090,57.856,222.871
79080,34.145720265,-116.952358870, 7665,124.419,297.068,57.984,223.067
79140,34.163006160,-116.992813976, 7391,122.474,297.045,58.112,223.262
79200,34.180292056,-117.033269081, 7117,120.529,297.022,58.240,223.458
79260,34.197577951,-117.073724187, 6843,118.585,297.000,58.368,223.653
79320,34.214863846,-117.114179292, 6569,116.640,296.977,58.497,223.848
79380,34.232149742,-117.154634398, 6295,114.695,296.954,58.625,224.044
79440,34.249435637,-117.195089504, 6021,112.751,296.932,58.753,224.239
79500,34.266721532,-117.235544609, 5747,110.806,296.909,58.881,224.434
79560,34.284007428,-117.275999715, 5473,108.861,296.887,59.009,224.630
79620,34.301293323,-117.316454820, 5200,106.917,296.864,59.138,224.825
79680,34.318579218,-117.356909926, 4926,104.972,296.841,59.266,225.020
79740,34.335865114,-117.397365031, 4652,103.027,296.819,59.394,225.216
79800,34.353151009,-117.437820137, 4378,101.083,296.796,59.522,225.411
79860,34.370436904,-117.478275242, 4104,99.138,296.773,59.650,225.606
79920,34.387722800,-117.518730348, 3830,97.193,296.751,59.778,225.802
79980,34.405008695,-117.559185453, 3556,95.249,296.728,59.907,225.997
80040,34.422294590,-117.599640559, 3282,93.304,296.706,60.035,226.192
80100,34.439580485,-117.640095665, 3008,91.360,296.683,60.163,226.388
80160,34.456866381,-117.680550770, 2734,89.415,296.660,60.291,226.583
80220,34.474152276,-117.721005876, 2461,87.470,296.638,60.419,226.778
80280,34.491438171,-117.761460981, 2187,85.526,296.615,60.548,226.974
80340,34.508724067,-117.801916087, 1913,83.581,296.592,60.676,227.169
80400,34.526009962,-117.842371192, 1639,81.636,296.570,60.804,227.364
80460,34.543295857,-117.882826298, 1365,79.692,296.547,60.932,227.560
80520,34.560581753,-117.923281403, 1091,77.747,296.525,61.060,227.755
80580,34.577867648,-117.963736509,  817,75.802,296.502,61.188,227.950
80640,34.595153543,-118.004191614,  543,73.858,296.479,61.317,228.146
80700,34.612439439,-118.044646720,  269,71.913,296.457,61.445,228.341
