src/Components/missions/ACEPOL/Plans/ACEPOL-Flt-plan_er2_20171027_RG.ict
43, 1001
rferrare
NASA Ames Research Center
Simulated flight plan
ACEPOL
1,1
2017,10,27,2017,10,27
60
Start_UTC, seconds from midnight UTC, time keeping
7
1,1,1,1,1,1,1
-9999,-9999,-9999,-9999,-9999,-9999,-9999
Latitude, Degrees (North positive), Planned latitude position of the aircraft
Longitude, Degrees (East positive), Planned longitude position of the aircraft
Altitude, meters (above sea level), Planned altitude of the aircraft
speed, meters per second (m/s), Estimated speed of aircraft
Bearing, degrees from north, Direction of travel of the plane per respect to north
SZA, degrees from zenith, Elevation position of the sun in the sky per respect to zenith
AZI, degrees from north, Azimuthal position of the sun in the sky per respect to north
1
Simulated aircraft data interpolated from flight plan waypoints
21
-----------------------------------------------------------------------------
PI_CONTACT_INFO: rferrare
PLATFORM: er2
LOCATION: N/A
ASSOCIATED_DATA: N/A
INSTRUMENT_INFO: None
DATA_INFO: Compiled with flight planner: moving lines v1.09
UNCERTAINTY: Undefined
ULOD_FLAG: -7777
ULOD_VALUE: N/A
LLOD_FLAG: -8888
LLOD_VALUE: N/A
DM_CONTACT_INFO: Samuel LeBlanc, samuel.leblanc@nasa.gov
PROJECT_INFO: ACEPOL
STIPULATIONS_ON_USE: None
OTHER_COMMENTS: N/A
REVISION: RG
RG: Version 7 of the flight plan ict 
  RA: First iteration of the flight plan
-----------------------------------------------------------------------------
Start_UTC,Latitude,Longitude,Altitude,speed,Bearing,SZA,AZI
[from data line 226]
76560,43.667928594,-126.595713552,20000,212.000,196.839,58.666,198.829
76620,43.625213838,-126.723780875,20000,212.000,184.308,58.654,198.972
76680,43.582499082,-126.851848198,20000,212.000,171.776,58.642,199.116
76740,43.501373098,-126.887463188,20000,212.000,166.257,58.623,199.370
76800,43.390342587,-126.851100701,20000,212.000,166.196,58.598,199.709
76860,43.279312076,-126.814738214,20000,212.000,166.136,58.573,200.048
76920,43.168281565,-126.778375727,20000,212.000,166.076,58.547,200.388
76980,43.057251054,-126.742013240,20000,212.000,166.016,58.522,200.727
77040,42.946220543,-126.705650753,20000,212.000,165.955,58.497,201.066
77100,42.835190031,-126.669288266,20000,212.000,165.895,58.472,201.405
77160,42.724159520,-126.632925779,20000,212.000,165.835,58.447,201.745
77220,42.613129009,-126.596563292,20000,212.000,165.775,58.422,202.084
77280,42.502098498,-126.560200805,20000,212.000,165.714,58.397,202.423
77340,42.391067987,-126.523838318,20000,212.000,165.654,58.372,202.763
77400,42.280037476,-126.487475831,20000,212.000,165.594,58.347,203.102
77460,42.169006965,-126.451113344,20000,212.000,165.533,58.321,203.441
77520,42.057976453,-126.414750857,20000,212.000,165.473,58.296,203.780
77580,41.946945942,-126.378388370,20000,212.000,165.413,58.271,204.120
77640,41.836161128,-126.341376267,20000,212.000,165.439,58.266,204.458
77700,41.725497431,-126.304043936,20000,212.000,165.509,58.270,204.796
77760,41.614833733,-126.266711604,20000,212.000,165.578,58.274,205.135
77820,41.504170035,-126.229379272,20000,212.000,165.648,58.279,205.473
77880,41.393506338,-126.192046940,20000,212.000,165.717,58.283,205.811
77940,41.282842640,-126.154714609,20000,212.000,165.786,58.288,206.149
78000,41.172178943,-126.117382277,20000,212.000,165.856,58.292,206.487
78060,41.061515245,-126.080049945,20000,212.000,165.925,58.296,206.826
78120,40.950851547,-126.042717614,20000,212.000,165.995,58.301,207.164
78180,40.840187850,-126.005385282,20000,212.000,166.064,58.305,207.502
78240,40.729524152,-125.968052950,20000,212.000,166.133,58.309,207.840
78300,40.618860455,-125.930720618,20000,212.000,166.203,58.314,208.178
78360,40.508196757,-125.893388287,20000,212.000,166.272,58.318,208.517
78420,40.397533059,-125.856055955,20000,212.000,166.342,58.322,208.855
78480,40.286869362,-125.818723623,20000,212.000,166.411,58.327,209.193
78540,40.176205664,-125.781391291,20000,212.000,166.480,58.331,209.531
78600,40.065541967,-125.744058960,20000,212.000,166.550,58.335,209.869
78660,39.954878269,-125.706726628,20000,212.000,166.619,58.340,210.208
78720,39.844214571,-125.669394296,20000,212.000,166.689,58.344,210.546
78780,39.733550874,-125.632061965,20000,212.000,166.758,58.348,210.884
78840,39.622887176,-125.594729633,20000,212.000,166.827,58.353,211.222
78900,39.512486823,-125.557872792,20000,212.000,166.551,58.360,211.559
78960,39.404915785,-125.526124518,20000,212.000,162.557,58.393,211.883
79020,39.297344747,-125.494376245,20000,212.000,158.563,58.427,212.208
79080,39.189773709,-125.462627972,20000,212.000,154.569,58.460,212.532
79140,39.082202670,-125.430879699,20000,212.000,150.575,58.494,212.856
79200,38.974631632,-125.399131425,20000,212.000,146.581,58.527,213.180
79260,38.867060594,-125.367383152,20000,212.000,142.587,58.561,213.504
79320,38.759489556,-125.335634879,20000,212.000,138.593,58.594,213.828
79380,38.651918518,-125.303886606,20000,212.000,134.600,58.627,214.153
79440,38.544347480,-125.272138332,20000,212.000,130.606,58.661,214.477
79500,38.436776442,-125.240390059,20000,212.000,126.612,58.694,214.801
79560,38.329205403,-125.208641786,20000,212.000,122.618,58.728,215.125
79620,38.221634365,-125.176893513,20000,212.000,118.624,58.761,215.449
79680,38.114063327,-125.145145239,20000,212.000,114.630,58.795,215.773
79740,38.006492289,-125.113396966,20000,212.000,110.636,58.828,216.097
79800,37.936036077,-125.025920299,20000,212.000,108.793,58.935,216.452
79860,37.897603460,-124.890359786,20000,212.000,108.806,59.103,216.832
79920,37.859170843,-124.754799273,20000,212.000,108.819,59.272,217.212
79980,37.820738226,-124.619238761,20000,212.000,108.832,59.441,217.592
80040,37.782305609,-124.483678248,20000,212.000,108.845,59.609,217.972
80100,37.743872992,-124.348117735,20000,212.000,108.858,59.778,218.352
80160,37.705440375,-124.212557223,20000,212.000,108.871,59.947,218.732
80220,37.667007759,-124.076996710,20000,212.000,108.884,60.116,219.112
80280,37.628575142,-123.941436197,20000,212.000,108.897,60.284,219.492
80340,37.590142525,-123.805875685,20000,212.000,108.910,60.453,219.873
80400,37.551709908,-123.670315172,20000,212.000,108.923,60.622,220.253
80460,37.513277291,-123.534754659,20000,212.000,108.936,60.790,220.633
80520,37.474844674,-123.399194147,20000,212.000,108.950,60.959,221.013
80580,37.436412057,-123.263633634,20000,212.000,108.963,61.128,221.393
80640,37.397979440,-123.128073121,20000,212.000,108.976,61.297,221.773
80700,37.359546824,-122.992512609,20000,212.000,108.989,61.465,222.153
80760,37.321114207,-122.856952096,20000,212.000,109.002,61.634,222.533
80820,37.282681590,-122.721391583,20000,212.000,109.015,61.803,222.913
80880,37.244248973,-122.585831071,20000,212.000,109.028,61.972,223.293
80940,37.205816356,-122.450270558,20000,212.000,109.041,62.140,223.674
81000,37.167383739,-122.314710045,20000,212.000,109.054,62.309,224.054
81060,37.128894834,-122.179425902,20000,212.000,109.151,62.482,224.429
81120,37.089928975,-122.046483558,20000,212.000,109.959,62.686,224.766
81180,37.050963115,-121.913541214,20000,212.000,110.768,62.891,225.103
81240,37.011997256,-121.780598870,20000,212.000,111.576,63.096,225.440
81300,36.973031396,-121.647656526,20000,212.000,112.385,63.301,225.777
81360,36.934065537,-121.514714182,20000,212.000,113.193,63.506,226.114
81420,36.895099677,-121.381771838,20000,212.000,114.002,63.711,226.451
81480,36.856133818,-121.248829494,20000,212.000,114.810,63.916,226.788
81540,36.817167958,-121.115887150,20000,212.000,115.618,64.121,227.125
81600,36.778202099,-120.982944806,20000,212.000,116.427,64.326,227.462
81660,36.739236239,-120.850002461,20000,212.000,117.235,64.531,227.799
81720,36.700270380,-120.717060117,20000,212.000,118.044,64.736,228.135
81780,36.661304520,-120.584117773,20000,212.000,118.852,64.941,228.472
81840,36.622338661,-120.451175429,20000,212.000,119.661,65.146,228.809
81900,36.583372801,-120.318233085,20000,212.000,120.469,65.351,229.146
81960,36.544406942,-120.185290741,20000,212.000,121.278,65.555,229.483
82020,36.505441082,-120.052348397,20000,212.000,122.086,65.760,229.820
82080,36.466475223,-119.919406053,20000,212.000,122.895,65.965,230.157
82140,36.427509363,-119.786463709,20000,212.000,123.703,66.170,230.494
82200,36.388543504,-119.653521365,20000,212.000,124.511,66.375,230.831
82260,36.349577645,-119.520579020,20000,212.000,125.320,66.580,231.168
82320,36.310611785,-119.387636676,20000,212.000,126.128,66.785,231.505
82380,36.271645926,-119.254694332,20000,212.000,126.937,66.990,231.842
82440,36.232680066,-119.121751988,20000,212.000,127.745,67.195,232.179
82500,36.193714207,-118.988809644,20000,212.000,128.554,67.400,232.515
82560,36.154748347,-118.855867300,20000,212.000,129.362,67.605,232.852
82620,36.089748964,-118.757949898,20000,212.000,137.903,67.792,233.145
82680,36.024602561,-118.660230294,20000,212.000,146.488,67.979,233.438
82740,35.959456158,-118.562510689,20000,212.000,155.072,68.166,233.731
82800,35.894309756,-118.464791085,20000,212.000,163.657,68.353,234.024
82860,35.845503353,-118.417620172,19657,209.563,167.293,68.524,234.263
82920,35.808684196,-118.407532462,19062,205.337,167.299,68.684,234.462
82980,35.771865039,-118.397444752,18466,201.111,167.305,68.843,234.662
83040,35.735045882,-118.387357042,17871,196.886,167.311,69.002,234.862
83100,35.698226725,-118.377269333,17276,192.660,167.316,69.161,235.062
83160,35.661407568,-118.367181623,16681,188.435,167.322,69.320,235.261
83220,35.624588411,-118.357093913,16086,184.209,167.328,69.480,235.461
83280,35.587769254,-118.347006203,15491,179.983,167.334,69.639,235.661
83340,35.550950097,-118.336918493,14895,175.758,167.340,69.798,235.860
83400,35.514130940,-118.326830783,14300,171.532,167.346,69.957,236.060
83460,35.477311783,-118.316743074,13705,167.307,167.351,70.116,236.260
83520,35.440492626,-118.306655364,13110,163.081,167.357,70.275,236.459
83580,35.403673469,-118.296567654,12515,158.855,167.363,70.435,236.659
83640,35.366854312,-118.286479944,11920,154.630,167.369,70.594,236.859
83700,35.330035155,-118.276392234,11325,150.404,167.375,70.753,237.059
83760,35.293215998,-118.266304524,10729,146.179,167.380,70.912,237.258
83820,35.256396841,-118.256216815,10134,141.953,167.386,71.071,237.458
83880,35.219577684,-118.246129105, 9539,137.727,167.392,71.231,237.658
83940,35.182758527,-118.236041395, 8944,133.502,167.398,71.390,237.857
84000,35.145939370,-118.225953685, 8349,129.276,167.404,71.549,238.057
84060,35.109120213,-118.215865975, 7754,125.051,167.410,71.708,238.257
84120,35.072301056,-118.205778265, 7158,120.825,167.415,71.867,238.456
84180,35.035481899,-118.195690556, 6563,116.599,167.421,72.027,238.656
84240,34.998662742,-118.185602846, 5968,112.374,167.427,72.186,238.856
84300,34.961843585,-118.175515136, 5373,108.148,167.433,72.345,239.056
84360,34.925024428,-118.165427426, 4778,103.923,167.439,72.504,239.255
84420,34.888205271,-118.155339716, 4183,99.697,167.445,72.663,239.455
84480,34.851386114,-118.145252006, 3588,95.471,167.450,72.823,239.655
84540,34.814566957,-118.135164297, 2992,91.246,167.456,72.982,239.854
84600,34.777747800,-118.125076587, 2397,87.020,167.462,73.141,240.054
84660,34.740928643,-118.114988877, 1802,82.795,167.468,73.300,240.254
84720,34.704109486,-118.104901167, 1207,78.569,167.474,73.459,240.454
84780,34.667290329,-118.094813457,  612,74.343,167.479,73.619,240.653
84840,34.630471172,-118.084725747,   17,70.118,167.485,73.778,240.853
