src/Components/missions/ACEPOL/Plans/ACEPOL-Flt-plan_er2_20171102_RA.ict
42, 1001
kknobels
NASA Ames Research Center
Simulated flight plan
ACEPOL
1,1
2017,11,02,2017,11,02
60
Start_UTC, seconds from midnight UTC, time keeping
7
1,1,1,1,1,1,1
-9999,-9999,-9999,-9999,-9999,-9999,-9999
Latitude, Degrees (North positive), Planned latitude position of the aircraft
Longitude, Degrees (East positive), Planned longitude position of the aircraft
Altitude, meters (above sea level), Planned altitude of the aircraft
speed, meters per second (m/s), Estimated speed of aircraft
Bearing, degrees from north, Direction of travel of the plane per respect to north
SZA, degrees from zenith, Elevation position of the sun in the sky per respect to zenith
AZI, degrees from north, Azimuthal position of the sun in the sky per respect to north
1
Simulated aircraft data interpolated from flight plan waypoints
20
-----------------------------------------------------------------------------
PI_CONTACT_INFO: kknobels
PLATFORM: er2
LOCATION: N/A
ASSOCIATED_DATA: N/A
INSTRUMENT_INFO: None
DATA_INFO: Compiled with flight planner: moving lines v1.2
UNCERTAINTY: Undefined
ULOD_FLAG: -7777
ULOD_VALUE: N/A
LLOD_FLAG: -8888
LLOD_VALUE: N/A
DM_CONTACT_INFO: Samuel LeBlanc, samuel.leblanc@nasa.gov
PROJECT_INFO: ACEPOL
STIPULATIONS_ON_USE: None
OTHER_COMMENTS: N/A
REVISION: RA
RA: First iteration of the flight plan
-----------------------------------------------------------------------------
Start_UTC,Latitude,Longitude,Altitude,speed,Bearing,SZA,AZI
[from data line 227]
74820,41.013597928,-116.720119786,19000,204.900,166.186,58.745,201.735
74880,40.906280724,-116.686025089,19000,204.900,166.200,58.737,202.066
74940,40.798963521,-116.651930391,19000,204.900,166.214,58.728,202.396
75000,40.691646317,-116.617835694,19000,204.900,166.228,58.720,202.726
75060,40.584329113,-116.583740997,19000,204.900,166.242,58.711,203.057
75120,40.477011909,-116.549646300,19000,204.900,166.256,58.703,203.387
75180,40.369694705,-116.515551603,19000,204.900,166.271,58.694,203.717
75240,40.262377502,-116.481456905,19000,204.900,166.285,58.686,204.048
75300,40.155060298,-116.447362208,19000,204.900,166.299,58.677,204.378
75360,40.047743094,-116.413267511,19000,204.900,166.313,58.669,204.708
75420,39.940425890,-116.379172814,19000,204.900,166.327,58.660,205.039
75480,39.833108686,-116.345078117,19000,204.900,166.341,58.652,205.369
75540,39.725791482,-116.310983419,19000,204.900,166.355,58.643,205.699
75600,39.618474279,-116.276888722,19000,204.900,166.369,58.635,206.029
75660,39.511157075,-116.242794025,19000,204.900,166.383,58.626,206.360
75720,39.403839871,-116.208699328,19000,204.900,166.398,58.618,206.690
75780,39.296937088,-116.174775446,19000,204.900,166.712,58.610,207.020
75840,39.200527630,-116.145176687,19000,204.900,174.625,58.632,207.339
75900,39.104118172,-116.115577928,19000,204.900,182.539,58.654,207.658
75960,39.007708713,-116.085979169,19000,204.900,190.453,58.675,207.977
76020,38.911299255,-116.056380410,19000,204.900,198.366,58.697,208.296
76080,38.814889797,-116.026781651,19000,204.900,206.280,58.719,208.615
76140,38.718480338,-115.997182892,19000,204.900,214.193,58.740,208.934
76200,38.622070880,-115.967584132,19000,204.900,222.107,58.762,209.253
76260,38.525661422,-115.937985373,19000,204.900,230.021,58.784,209.572
76320,38.429251963,-115.908386614,19000,204.900,237.934,58.805,209.891
76380,38.332842505,-115.878787855,19000,204.900,245.848,58.827,210.209
76440,38.236433047,-115.849189096,19000,204.900,253.761,58.849,210.528
76500,38.140023588,-115.819590337,19000,204.900,261.675,58.870,210.847
76560,38.097130088,-115.891472946,19000,204.900,261.044,58.903,211.043
76620,38.086303612,-116.024163688,19000,204.900,255.294,58.943,211.166
76680,38.075477136,-116.156854429,19000,204.900,249.544,58.982,211.288
76740,38.064650660,-116.289545171,19000,204.900,243.794,59.022,211.410
76800,38.053824185,-116.422235912,19000,204.900,238.043,59.061,211.533
76860,38.042997709,-116.554926654,19000,204.900,232.293,59.101,211.655
76920,38.032171233,-116.687617395,19000,204.900,226.543,59.141,211.777
76980,38.021344757,-116.820308136,19000,204.900,220.793,59.180,211.900
77040,38.010518281,-116.952998878,19000,204.900,215.042,59.220,212.022
77100,37.999691805,-117.085689619,19000,204.900,209.292,59.259,212.144
77160,37.988865329,-117.218380361,19000,204.900,203.542,59.299,212.267
77220,37.978038853,-117.351071102,19000,204.900,197.792,59.339,212.389
77280,37.967212377,-117.483761844,19000,204.900,192.041,59.378,212.511
77340,37.953840398,-117.605542288,18981,204.765,186.786,59.423,212.643
77400,37.913418077,-117.611382074,18760,203.198,186.782,59.526,212.874
77460,37.872995757,-117.617221859,18540,201.631,186.779,59.629,213.106
77520,37.832573436,-117.623061645,18319,200.063,186.775,59.732,213.337
77580,37.792151115,-117.628901430,18098,198.496,186.772,59.836,213.568
77640,37.751728794,-117.634741216,17877,196.929,186.768,59.939,213.800
77700,37.711306474,-117.640581001,17657,195.361,186.765,60.042,214.031
77760,37.670884153,-117.646420787,17436,193.794,186.761,60.145,214.262
77820,37.630461832,-117.652260572,17215,192.227,186.758,60.248,214.493
77880,37.590039511,-117.658100358,16994,190.660,186.754,60.351,214.725
77940,37.549617190,-117.663940143,16774,189.092,186.751,60.454,214.956
78000,37.509194870,-117.669779929,16553,187.525,186.747,60.557,215.187
78060,37.468772549,-117.675619714,16332,185.958,186.744,60.660,215.419
78120,37.428350228,-117.681459500,16111,184.390,186.741,60.763,215.650
78180,37.387927907,-117.687299285,15891,182.823,186.737,60.866,215.881
78240,37.347505586,-117.693139071,15670,181.256,186.734,60.969,216.112
78300,37.307083266,-117.698978856,15449,179.689,186.730,61.072,216.344
78360,37.266660945,-117.704818642,15228,178.121,186.727,61.176,216.575
78420,37.226238624,-117.710658427,15008,176.554,186.723,61.279,216.806
78480,37.185816303,-117.716498213,14787,174.987,186.720,61.382,217.038
78540,37.145393982,-117.722337998,14566,173.419,186.716,61.485,217.269
78600,37.104971662,-117.728177783,14345,171.852,186.713,61.588,217.500
78660,37.064549341,-117.734017569,14125,170.285,186.709,61.691,217.731
78720,37.024127020,-117.739857354,13904,168.717,186.706,61.794,217.963
78780,36.983704699,-117.745697140,13683,167.150,186.703,61.897,218.194
78840,36.943282378,-117.751536925,13462,165.583,186.699,62.000,218.425
78900,36.902860058,-117.757376711,13242,164.016,186.696,62.103,218.657
78960,36.862437737,-117.763216496,13021,162.448,186.692,62.206,218.888
79020,36.822015416,-117.769056282,12800,160.881,186.689,62.309,219.119
79080,36.781593095,-117.774896067,12579,159.314,186.685,62.412,219.350
79140,36.741170775,-117.780735853,12359,157.746,186.682,62.516,219.582
79200,36.700748454,-117.786575638,12138,156.179,186.678,62.619,219.813
79260,36.660326133,-117.792415424,11917,154.612,186.675,62.722,220.044
79320,36.619903812,-117.798255209,11696,153.045,186.671,62.825,220.276
79380,36.579481491,-117.804094995,11476,151.477,186.668,62.928,220.507
79440,36.539059171,-117.809934780,11255,149.910,186.665,63.031,220.738
79500,36.498636850,-117.815774566,11034,148.343,186.661,63.134,220.969
79560,36.458214529,-117.821614351,10813,146.775,186.658,63.237,221.201
79620,36.417792208,-117.827454137,10593,145.208,186.654,63.340,221.432
79680,36.377369887,-117.833293922,10372,143.641,186.651,63.443,221.663
79740,36.336947567,-117.839133708,10151,142.074,186.647,63.546,221.895
79800,36.296525246,-117.844973493, 9930,140.506,186.644,63.649,222.126
79860,36.256102925,-117.850813279, 9710,138.939,186.640,63.752,222.357
79920,36.215680604,-117.856653064, 9489,137.372,186.637,63.856,222.589
79980,36.175258283,-117.862492850, 9268,135.804,186.633,63.959,222.820
80040,36.134835963,-117.868332635, 9047,134.237,186.630,64.062,223.051
80100,36.094413642,-117.874172421, 8827,132.670,186.626,64.165,223.282
80160,36.053991321,-117.880012206, 8606,131.102,186.623,64.268,223.514
80220,36.013569000,-117.885851992, 8385,129.535,186.620,64.371,223.745
80280,35.973146680,-117.891691777, 8164,127.968,186.616,64.474,223.976
80340,35.932724359,-117.897531563, 7944,126.401,186.613,64.577,224.208
80400,35.892302038,-117.903371348, 7723,124.833,186.609,64.680,224.439
80460,35.851879717,-117.909211134, 7502,123.266,186.606,64.783,224.670
80520,35.811457396,-117.915050919, 7282,121.699,186.602,64.886,224.901
80580,35.771035076,-117.920890705, 7061,120.131,186.599,64.989,225.133
80640,35.730612755,-117.926730490, 6840,118.564,186.595,65.092,225.364
80700,35.690190434,-117.932570276, 6619,116.997,186.592,65.195,225.595
80760,35.649768113,-117.938410061, 6399,115.430,186.588,65.299,225.827
80820,35.609345792,-117.944249847, 6178,113.862,186.585,65.402,226.058
80880,35.568923472,-117.950089632, 5957,112.295,186.582,65.505,226.289
80940,35.528501151,-117.955929418, 5736,110.728,186.578,65.608,226.520
81000,35.488078830,-117.961769203, 5516,109.160,186.575,65.711,226.752
81060,35.447656509,-117.967608989, 5295,107.593,186.571,65.814,226.983
81120,35.407234188,-117.973448774, 5074,106.026,186.568,65.917,227.214
81180,35.366811868,-117.979288560, 4853,104.458,186.564,66.020,227.446
81240,35.326389547,-117.985128345, 4633,102.891,186.561,66.123,227.677
81300,35.285967226,-117.990968131, 4412,101.324,186.557,66.226,227.908
81360,35.245544905,-117.996807916, 4191,99.757,186.554,66.329,228.139
81420,35.205122585,-118.002647702, 3970,98.189,186.550,66.432,228.371
81480,35.164700264,-118.008487487, 3750,96.622,186.547,66.535,228.602
81540,35.124277943,-118.014327273, 3529,95.055,186.543,66.639,228.833
81600,35.083855622,-118.020167058, 3308,93.487,186.540,66.742,229.065
81660,35.043433301,-118.026006844, 3087,91.920,186.537,66.845,229.296
81720,35.003010981,-118.031846629, 2867,90.353,186.533,66.948,229.527
81780,34.962588660,-118.037686415, 2646,88.786,186.530,67.051,229.759
81840,34.922166339,-118.043526200, 2425,87.218,186.526,67.154,229.990
81900,34.881744018,-118.049365986, 2204,85.651,186.523,67.257,230.221
81960,34.841321697,-118.055205771, 1984,84.084,186.519,67.360,230.452
82020,34.800899377,-118.061045557, 1763,82.516,186.516,67.463,230.684
82080,34.760477056,-118.066885342, 1542,80.949,186.512,67.566,230.915
82140,34.720054735,-118.072725128, 1321,79.382,186.509,67.669,231.146
82200,34.679632414,-118.078564913, 1101,77.815,186.505,67.772,231.378
82260,34.639210093,-118.084404699,  880,76.247,186.502,67.875,231.609
