src/Components/missions/ACEPOL/Plans/ACEPOL-Flt-plan_er2_20171023_RX.ict
43, 1001
rferrare
NASA Ames Research Center
Simulated flight plan
ACEPOL
1,1
2017,10,23,2017,10,23
60
Start_UTC, seconds from midnight UTC, time keeping
7
1,1,1,1,1,1,1
-9999,-9999,-9999,-9999,-9999,-9999,-9999
Latitude, Degrees (North positive), Planned latitude position of the aircraft
Longitude, Degrees (East positive), Planned longitude position of the aircraft
Altitude, meters (above sea level), Planned altitude of the aircraft
speed, meters per second (m/s), Estimated speed of aircraft
Bearing, degrees from north, Direction of travel of the plane per respect to north
SZA, degrees from zenith, Elevation position of the sun in the sky per respect to zenith
AZI, degrees from north, Azimuthal position of the sun in the sky per respect to north
1
Simulated aircraft data interpolated from flight plan waypoints
21
-----------------------------------------------------------------------------
PI_CONTACT_INFO: rferrare
PLATFORM: er2
LOCATION: N/A
ASSOCIATED_DATA: N/A
INSTRUMENT_INFO: None
DATA_INFO: Compiled with flight planner: moving lines v1.09
UNCERTAINTY: Undefined
ULOD_FLAG: -7777
ULOD_VALUE: N/A
LLOD_FLAG: -8888
LLOD_VALUE: N/A
DM_CONTACT_INFO: Samuel LeBlanc, samuel.leblanc@nasa.gov
PROJECT_INFO: ACEPOL
STIPULATIONS_ON_USE: None
OTHER_COMMENTS: N/A
REVISION: RX
RX: Version 24 of the flight plan ict 
  RA: First iteration of the flight plan
-----------------------------------------------------------------------------
Start_UTC,Latitude,Longitude,Altitude,speed,Bearing,SZA,AZI
[from data line 214]
146954040,31.902789859,-123.422884957,20000,212.000,98.483,44.427,192.647
146954100,31.885403260,-123.290220439,20000,212.000,98.425,44.492,193.172
146954160,31.868016662,-123.157555921,20000,212.000,98.366,44.557,193.697
146954220,31.850630063,-123.024891402,20000,212.000,98.307,44.622,194.222
146954280,31.833243465,-122.892226884,20000,212.000,98.249,44.688,194.747
146954340,31.815856866,-122.759562366,20000,212.000,98.190,44.753,195.271
146954400,31.798470268,-122.626897847,20000,212.000,98.132,44.818,195.796
146954460,31.781083670,-122.494233329,20000,212.000,98.073,44.883,196.321
146954520,31.763999803,-122.361646903,20000,212.000,97.044,44.961,196.839
146954580,31.747301874,-122.229160033,20000,212.000,94.778,45.053,197.348
146954640,31.730603945,-122.096673163,20000,212.000,92.512,45.146,197.856
146954700,31.713906016,-121.964186294,20000,212.000,90.246,45.239,198.365
146954760,31.697208087,-121.831699424,20000,212.000,87.980,45.332,198.874
146954820,31.680510158,-121.699212554,20000,212.000,85.714,45.424,199.383
146954880,31.663812229,-121.566725684,20000,212.000,83.448,45.517,199.892
146954940,31.647114300,-121.434238815,20000,212.000,81.182,45.610,200.401
146955000,31.630416371,-121.301751945,20000,212.000,78.916,45.703,200.910
146955060,31.613718442,-121.169265075,20000,212.000,76.650,45.796,201.419
146955120,31.597020513,-121.036778205,20000,212.000,74.384,45.888,201.928
146955180,31.600136342,-120.909066679,20000,212.000,70.246,46.006,202.417
146955240,31.631264283,-120.788106393,20000,212.000,63.461,46.159,202.877
146955300,31.662392223,-120.667146107,20000,212.000,56.676,46.311,203.337
146955360,31.693520163,-120.546185821,20000,212.000,49.891,46.464,203.797
146955420,31.748796180,-120.436305583,20000,212.000,46.621,46.646,204.216
146955480,31.826317720,-120.336632430,20000,212.000,46.589,46.855,204.597
146955540,31.903839259,-120.236959277,20000,212.000,46.556,47.064,204.978
146955600,31.981360798,-120.137286124,20000,212.000,46.524,47.273,205.359
146955660,32.058882337,-120.037612972,20000,212.000,46.492,47.482,205.740
146955720,32.136403876,-119.937939819,20000,212.000,46.460,47.692,206.122
146955780,32.213925415,-119.838266666,20000,212.000,46.428,47.901,206.503
146955840,32.291446954,-119.738593513,20000,212.000,46.395,48.110,206.884
146955900,32.368968494,-119.638920360,20000,212.000,46.363,48.319,207.265
146955960,32.446490033,-119.539247207,20000,212.000,46.331,48.528,207.647
146956020,32.524011572,-119.439574054,20000,212.000,46.299,48.737,208.028
146956080,32.601533111,-119.339900901,20000,212.000,46.266,48.947,208.409
146956140,32.679054650,-119.240227749,20000,212.000,46.234,49.156,208.790
146956200,32.756576189,-119.140554596,20000,212.000,46.202,49.365,209.171
146956260,32.834097729,-119.040881443,20000,212.000,46.170,49.574,209.553
146956320,32.911619268,-118.941208290,20000,212.000,46.138,49.783,209.934
146956380,32.989140807,-118.841535137,20000,212.000,46.105,49.992,210.315
146956440,33.066662346,-118.741861984,20000,212.000,46.073,50.202,210.696
146956500,33.144183885,-118.642188831,20000,212.000,46.041,50.411,211.077
146956560,33.221705424,-118.542515679,20000,212.000,46.009,50.620,211.459
146956620,33.299226964,-118.442842526,20000,212.000,45.977,50.829,211.840
146956680,33.376748503,-118.343169373,20000,212.000,45.944,51.038,212.221
146956740,33.454270042,-118.243496220,20000,212.000,45.912,51.247,212.602
146956800,33.531791581,-118.143823067,20000,212.000,45.880,51.457,212.983
146956860,33.610217859,-118.044808490,20000,212.000,48.774,51.677,213.343
146956920,33.689245304,-117.946231512,20000,212.000,53.612,51.905,213.689
146956980,33.768272749,-117.847654535,20000,212.000,58.449,52.134,214.034
146957040,33.847300194,-117.749077558,20000,212.000,63.287,52.362,214.380
146957100,33.926327639,-117.650500580,20000,212.000,68.125,52.590,214.725
146957160,34.005355084,-117.551923603,20000,212.000,72.963,52.818,215.070
146957220,34.044098240,-117.462558702,20000,212.000,103.097,53.013,215.417
146957280,34.063410160,-117.377637272,20000,212.000,145.432,53.192,215.763
146957340,34.082722080,-117.292715842,20000,212.000,187.768,53.371,216.110
146957400,34.102034000,-117.207794412,20000,212.000,230.103,53.550,216.457
146957460,34.120759852,-117.129019717,20000,212.000,271.071,53.726,216.797
146957520,34.121956612,-117.234091824,20000,212.000,271.130,53.800,216.947
146957580,34.123153372,-117.339163931,20000,212.000,271.189,53.874,217.096
146957640,34.124350132,-117.444236038,20000,212.000,271.247,53.948,217.246
146957700,34.125546893,-117.549308145,20000,212.000,271.306,54.022,217.395
146957760,34.126743653,-117.654380252,20000,212.000,271.365,54.096,217.545
146957820,34.127940413,-117.759452360,20000,212.000,271.424,54.170,217.694
146957880,34.129137173,-117.864524467,20000,212.000,271.483,54.245,217.844
146957940,34.130333933,-117.969596574,20000,212.000,271.542,54.319,217.993
146958000,34.131530693,-118.074668681,20000,212.000,271.601,54.393,218.142
146958060,34.133194931,-118.186238899,20000,212.000,262.772,54.465,218.283
146958120,34.135302736,-118.303974873,20000,212.000,245.511,54.536,218.416
146958180,34.137410541,-118.421710847,20000,212.000,228.249,54.606,218.549
146958240,34.139518346,-118.539446822,20000,212.000,210.988,54.677,218.682
146958300,34.141626151,-118.657182796,20000,212.000,193.726,54.747,218.815
146958360,34.143733956,-118.774918770,20000,212.000,176.465,54.818,218.948
146958420,34.145841762,-118.892654745,20000,212.000,159.204,54.889,219.081
146958480,34.147949567,-119.010390719,20000,212.000,141.942,54.959,219.213
146958540,34.150057372,-119.128126693,20000,212.000,124.681,55.030,219.346
146958600,34.152165177,-119.245862668,20000,212.000,107.419,55.100,219.479
146958660,34.154272982,-119.363598642,20000,212.000,90.158,55.171,219.612
146958720,34.156380787,-119.481334616,20000,212.000,72.896,55.242,219.745
146958780,34.167394224,-119.484609093,19577,208.998,67.818,55.389,219.974
146958840,34.182138816,-119.439928113,18977,204.738,67.843,55.569,220.242
146958900,34.196883408,-119.395247133,18377,200.478,67.868,55.749,220.511
146958960,34.211628000,-119.350566153,17777,196.218,67.893,55.929,220.780
146959020,34.226372592,-119.305885174,17177,191.958,67.919,56.109,221.049
146959080,34.241117184,-119.261204194,16577,187.698,67.944,56.289,221.318
146959140,34.255861776,-119.216523214,15977,183.438,67.969,56.469,221.587
146959200,34.270606369,-119.171842234,15377,179.178,67.994,56.649,221.855
146959260,34.285350961,-119.127161255,14777,174.918,68.020,56.829,222.124
146959320,34.300095553,-119.082480275,14177,170.658,68.045,57.009,222.393
146959380,34.314840145,-119.037799295,13577,166.398,68.070,57.189,222.662
146959440,34.329584737,-118.993118315,12977,162.138,68.095,57.369,222.931
146959500,34.344329329,-118.948437336,12377,157.878,68.120,57.549,223.200
146959560,34.359073921,-118.903756356,11777,153.618,68.146,57.729,223.468
146959620,34.373818513,-118.859075376,11177,149.358,68.171,57.909,223.737
146959680,34.388563105,-118.814394396,10577,145.098,68.196,58.089,224.006
146959740,34.403307697,-118.769713417, 9977,140.838,68.221,58.269,224.275
146959800,34.418052289,-118.725032437, 9377,136.578,68.247,58.449,224.544
146959860,34.432796881,-118.680351457, 8777,132.318,68.272,58.629,224.812
146959920,34.447541473,-118.635670477, 8177,128.058,68.297,58.809,225.081
146959980,34.462286065,-118.590989498, 7577,123.798,68.322,58.989,225.350
146960040,34.477030657,-118.546308518, 6977,119.538,68.348,59.169,225.619
146960100,34.491775249,-118.501627538, 6377,115.278,68.373,59.349,225.888
146960160,34.506519841,-118.456946558, 5777,111.018,68.398,59.529,226.157
146960220,34.521264433,-118.412265579, 5177,106.758,68.423,59.709,226.425
146960280,34.536009025,-118.367584599, 4577,102.498,68.449,59.888,226.694
146960340,34.550753617,-118.322903619, 3977,98.238,68.474,60.068,226.963
146960400,34.565498209,-118.278222639, 3377,93.978,68.499,60.248,227.232
146960460,34.580242802,-118.233541660, 2777,89.718,68.524,60.428,227.501
146960520,34.594987394,-118.188860680, 2177,85.458,68.550,60.608,227.770
146960580,34.609731986,-118.144179700, 1577,81.198,68.575,60.788,228.038
146960640,34.624476578,-118.099498720,  977,76.938,68.600,60.968,228.307
