src/Components/missions/ACEPOL/Plans/ACEPOL-Flt-plan_er2_20171024_RO.ict
43, 1001
rferrare
NASA Ames Research Center
Simulated flight plan
ACEPOL
1,1
2017,10,24,2017,10,24
60
Start_UTC, seconds from midnight UTC, time keeping
7
1,1,1,1,1,1,1
-9999,-9999,-9999,-9999,-9999,-9999,-9999
Latitude, Degrees (North positive), Planned latitude position of the aircraft
Longitude, Degrees (East positive), Planned longitude position of the aircraft
Altitude, meters (above sea level), Planned altitude of the aircraft
speed, meters per second (m/s), Estimated speed of aircraft
Bearing, degrees from north, Direction of travel of the plane per respect to north
SZA, degrees from zenith, Elevation position of the sun in the sky per respect to zenith
AZI, degrees from north, Azimuthal position of the sun in the sky per respect to north
1
Simulated aircraft data interpolated from flight plan waypoints
21
-----------------------------------------------------------------------------
PI_CONTACT_INFO: rferrare
PLATFORM: er2
LOCATION: N/A
ASSOCIATED_DATA: N/A
INSTRUMENT_INFO: None
DATA_INFO: Compiled with flight planner: moving lines v1.09
UNCERTAINTY: Undefined
ULOD_FLAG: -7777
ULOD_VALUE: N/A
LLOD_FLAG: -8888
LLOD_VALUE: N/A
DM_CONTACT_INFO: Samuel LeBlanc, samuel.leblanc@nasa.gov
PROJECT_INFO: ACEPOL
STIPULATIONS_ON_USE: None
OTHER_COMMENTS: N/A
REVISION: RO
RO: Version 15 of the flight plan ict 
  RA: First iteration of the flight plan
-----------------------------------------------------------------------------
Start_UTC,Latitude,Longitude,Altitude,speed,Bearing,SZA,AZI
[from data line 227]
73020,38.626538439,-119.666380827,20000,212.000,103.344,51.293,190.725
73080,38.609715224,-119.526880349,20000,212.000,107.329,51.352,191.204
73140,38.592892008,-119.387379871,20000,212.000,111.314,51.411,191.684
73200,38.576068792,-119.247879393,20000,212.000,115.299,51.469,192.163
73260,38.559245576,-119.108378915,20000,212.000,119.284,51.528,192.642
73320,38.542422360,-118.968878437,20000,212.000,123.269,51.587,193.121
73380,38.525599145,-118.829377959,20000,212.000,127.254,51.645,193.600
73440,38.508775929,-118.689877481,20000,212.000,131.239,51.704,194.080
73500,38.491952713,-118.550377003,20000,212.000,135.224,51.763,194.559
73560,38.475129497,-118.410876525,20000,212.000,139.209,51.821,195.038
73620,38.458306282,-118.271376047,20000,212.000,143.194,51.880,195.517
73680,38.441483066,-118.131875569,20000,212.000,147.179,51.939,195.996
73740,38.424659850,-117.992375091,20000,212.000,151.164,51.997,196.476
73800,38.407836634,-117.852874613,20000,212.000,155.149,52.056,196.955
73860,38.391013418,-117.713374135,20000,212.000,159.134,52.114,197.434
73920,38.374190203,-117.573873657,20000,212.000,163.119,52.173,197.913
73980,38.334911041,-117.459732352,20000,212.000,166.200,52.210,198.366
74040,38.225036195,-117.425313725,20000,212.000,166.440,52.178,198.733
74100,38.115161349,-117.390895099,20000,212.000,166.680,52.147,199.101
74160,38.004612881,-117.357712224,20000,212.000,166.804,52.126,199.468
74220,37.893275545,-117.325976518,20000,212.000,166.791,52.120,199.832
74280,37.781938209,-117.294240813,20000,212.000,166.778,52.113,200.197
74340,37.670600873,-117.262505107,20000,212.000,166.765,52.107,200.561
74400,37.559263536,-117.230769402,20000,212.000,166.753,52.100,200.926
74460,37.447926200,-117.199033696,20000,212.000,166.740,52.094,201.291
74520,37.336588864,-117.167297990,20000,212.000,166.727,52.087,201.655
74580,37.225251528,-117.135562285,20000,212.000,166.714,52.081,202.020
74640,37.113914192,-117.103826579,20000,212.000,166.701,52.074,202.384
74700,37.002576856,-117.072090874,20000,212.000,166.689,52.068,202.749
74760,36.891239519,-117.040355168,20000,212.000,166.676,52.061,203.114
74820,36.779902183,-117.008619463,20000,212.000,166.663,52.055,203.478
74880,36.668564847,-116.976883757,20000,212.000,166.650,52.048,203.843
74940,36.557227511,-116.945148052,20000,212.000,166.637,52.041,204.208
75000,36.445890175,-116.913412346,20000,212.000,166.625,52.035,204.572
75060,36.334552838,-116.881676641,20000,212.000,166.612,52.028,204.937
75120,36.223215502,-116.849940935,20000,212.000,166.599,52.022,205.301
75180,36.111878166,-116.818205229,20000,212.000,166.586,52.015,205.666
75240,36.000540830,-116.786469524,20000,212.000,166.573,52.009,206.031
75300,35.889203494,-116.754733818,20000,212.000,166.561,52.002,206.395
75360,35.777866158,-116.722998113,20000,212.000,166.548,51.996,206.760
75420,35.666528821,-116.691262407,20000,212.000,166.535,51.989,207.125
75480,35.555191485,-116.659526702,20000,212.000,166.522,51.983,207.489
75540,35.443854149,-116.627790996,20000,212.000,166.509,51.976,207.854
75600,35.332516813,-116.596055291,20000,212.000,166.496,51.970,208.218
75660,35.221179477,-116.564319585,20000,212.000,166.484,51.963,208.583
75720,35.109842141,-116.532583880,20000,212.000,166.471,51.957,208.948
75780,34.998504804,-116.500848174,20000,212.000,166.458,51.950,209.312
75840,34.887167468,-116.469112468,20000,212.000,166.445,51.943,209.677
75900,34.775916465,-116.437285020,20000,212.000,170.711,51.955,210.038
75960,34.664766094,-116.405350634,20000,212.000,179.965,51.989,210.394
76020,34.553615723,-116.373416247,20000,212.000,189.218,52.023,210.750
76080,34.442465351,-116.341481861,20000,212.000,198.471,52.057,211.106
76140,34.331314980,-116.309547475,20000,212.000,207.725,52.090,211.462
76200,34.220164609,-116.277613089,20000,212.000,216.978,52.124,211.818
76260,34.109014237,-116.245678703,20000,212.000,226.231,52.158,212.174
76320,33.997863866,-116.213744316,20000,212.000,235.485,52.192,212.530
76380,33.886713495,-116.181809930,20000,212.000,244.738,52.225,212.886
76440,33.775563123,-116.149875544,20000,212.000,253.991,52.259,213.242
76500,33.664412752,-116.117941158,20000,212.000,263.245,52.293,213.599
76560,33.553262381,-116.086006772,20000,212.000,272.498,52.326,213.955
76620,33.442112009,-116.054072385,20000,212.000,281.751,52.360,214.311
76680,33.330961638,-116.022137999,20000,212.000,291.005,52.394,214.667
76740,33.219811267,-115.990203613,20000,212.000,300.258,52.428,215.023
76800,33.108660896,-115.958269227,20000,212.000,309.511,52.461,215.379
76860,32.997510524,-115.926334841,20000,212.000,318.765,52.495,215.735
76920,33.045654486,-115.990277917,20000,212.000,319.214,52.623,215.911
76980,33.133483621,-116.078107052,20000,212.000,317.470,52.774,216.041
77040,33.221312756,-116.165936187,20000,212.000,315.726,52.926,216.172
77100,33.309141891,-116.253765322,20000,212.000,313.982,53.077,216.302
77160,33.396971025,-116.341594456,20000,212.000,312.237,53.228,216.433
77220,33.484800160,-116.429423591,20000,212.000,310.493,53.380,216.564
77280,33.572629295,-116.517252726,20000,212.000,308.749,53.531,216.694
77340,33.660458430,-116.605081861,20000,212.000,307.005,53.682,216.825
77400,33.748287565,-116.692910996,20000,212.000,305.261,53.834,216.956
77460,33.836116699,-116.780740130,20000,212.000,303.517,53.985,217.086
77520,33.923945834,-116.868569265,20000,212.000,301.773,54.137,217.217
77580,34.011774969,-116.956398400,20000,212.000,300.029,54.288,217.347
77640,34.099604104,-117.044227535,20000,212.000,298.285,54.439,217.478
77700,34.187433239,-117.132056670,20000,212.000,296.541,54.591,217.609
77760,34.275262373,-117.219885805,20000,212.000,294.796,54.742,217.739
77820,34.355734688,-117.301773314,19945,211.606,293.212,54.891,217.878
77880,34.363968813,-117.325318736,19345,207.346,293.199,55.021,218.093
77940,34.372202938,-117.348864158,18745,203.086,293.186,55.151,218.308
78000,34.380437062,-117.372409580,18145,198.826,293.172,55.281,218.524
78060,34.388671187,-117.395955001,17545,194.566,293.159,55.411,218.739
78120,34.396905312,-117.419500423,16945,190.306,293.146,55.541,218.955
78180,34.405139436,-117.443045845,16345,186.046,293.132,55.671,219.170
78240,34.413373561,-117.466591266,15745,181.786,293.119,55.801,219.385
78300,34.421607685,-117.490136688,15145,177.526,293.106,55.930,219.601
78360,34.429841810,-117.513682110,14545,173.266,293.092,56.060,219.816
78420,34.438075935,-117.537227531,13945,169.006,293.079,56.190,220.032
78480,34.446310059,-117.560772953,13345,164.746,293.066,56.320,220.247
78540,34.454544184,-117.584318375,12745,160.486,293.052,56.450,220.462
78600,34.462778309,-117.607863797,12145,156.226,293.039,56.580,220.678
78660,34.471012433,-117.631409218,11545,151.966,293.026,56.710,220.893
78720,34.479246558,-117.654954640,10945,147.706,293.012,56.840,221.109
78780,34.487480682,-117.678500062,10345,143.446,292.999,56.970,221.324
78840,34.495714807,-117.702045483, 9745,139.186,292.986,57.099,221.539
78900,34.503948932,-117.725590905, 9145,134.926,292.972,57.229,221.755
78960,34.512183056,-117.749136327, 8545,130.666,292.959,57.359,221.970
79020,34.520417181,-117.772681748, 7945,126.406,292.946,57.489,222.186
79080,34.528651306,-117.796227170, 7345,122.146,292.932,57.619,222.401
79140,34.536885430,-117.819772592, 6745,117.886,292.919,57.749,222.616
79200,34.545119555,-117.843318013, 6145,113.626,292.906,57.879,222.832
79260,34.553353680,-117.866863435, 5545,109.366,292.892,58.009,223.047
79320,34.561587804,-117.890408857, 4945,105.106,292.879,58.138,223.263
79380,34.569821929,-117.913954279, 4345,100.846,292.866,58.268,223.478
79440,34.578056053,-117.937499700, 3745,96.586,292.852,58.398,223.693
79500,34.586290178,-117.961045122, 3145,92.326,292.839,58.528,223.909
79560,34.594524303,-117.984590544, 2545,88.066,292.826,58.658,224.124
79620,34.602758427,-118.008135965, 1945,83.806,292.812,58.788,224.340
79680,34.610992552,-118.031681387, 1345,79.546,292.799,58.918,224.555
79740,34.619226677,-118.055226809,  745,75.286,292.786,59.048,224.770
79800,34.627460801,-118.078772230,  145,71.026,292.772,59.177,224.986
