src/Components/missions/ACEPOL/Plans/ACEPOL-Flt-plan_er2_20171027_RA.ict
42, 1001
kknobels
NASA Ames Research Center
Simulated flight plan
ACEPOL
1,1
2017,10,27,2017,10,27
60
Start_UTC, seconds from midnight UTC, time keeping
7
1,1,1,1,1,1,1
-9999,-9999,-9999,-9999,-9999,-9999,-9999
Latitude, Degrees (North positive), Planned latitude position of the aircraft
Longitude, Degrees (East positive), Planned longitude position of the aircraft
Altitude, meters (above sea level), Planned altitude of the aircraft
speed, meters per second (m/s), Estimated speed of aircraft
Bearing, degrees from north, Direction of travel of the plane per respect to north
SZA, degrees from zenith, Elevation position of the sun in the sky per respect to zenith
AZI, degrees from north, Azimuthal position of the sun in the sky per respect to north
1
Simulated aircraft data interpolated from flight plan waypoints
20
-----------------------------------------------------------------------------
PI_CONTACT_INFO: kknobels
PLATFORM: er2
LOCATION: N/A
ASSOCIATED_DATA: N/A
INSTRUMENT_INFO: None
DATA_INFO: Compiled with flight planner: moving lines v1.09
UNCERTAINTY: Undefined
ULOD_FLAG: -7777
ULOD_VALUE: N/A
LLOD_FLAG: -8888
LLOD_VALUE: N/A
DM_CONTACT_INFO: Samuel LeBlanc, samuel.leblanc@nasa.gov
PROJECT_INFO: ACEPOL
STIPULATIONS_ON_USE: None
OTHER_COMMENTS: N/A
REVISION: RA
RA: First iteration of the flight plan
-----------------------------------------------------------------------------
Start_UTC,Latitude,Longitude,Altitude,speed,Bearing,SZA,AZI
63000,34.629444444,-118.084444444,  775,150.000,354.657,56.250,142.199
63060,34.708024371,-118.093579859, 1562,152.372,343.422,56.204,142.479
63120,34.786604297,-118.102715275, 2350,154.744,332.186,56.158,142.760
63180,34.865184223,-118.111850690, 3137,157.116,320.951,56.111,143.040
63240,34.943764150,-118.120986105, 3925,159.488,309.715,56.065,143.321
63300,35.022344076,-118.130121520, 4712,161.860,298.480,56.019,143.601
63360,35.100924002,-118.139256935, 5500,164.232,287.244,55.973,143.882
63420,35.179503929,-118.148392350, 6287,166.604,276.009,55.926,144.162
63480,35.258083855,-118.157527765, 7074,168.976,264.774,55.880,144.443
63540,35.336663781,-118.166663180, 7862,171.348,253.538,55.834,144.723
63600,35.415243708,-118.175798595, 8649,173.720,242.303,55.788,145.004
63660,35.493823634,-118.184934010, 9437,176.092,231.067,55.741,145.284
63720,35.572403560,-118.194069425,10224,178.464,219.832,55.695,145.565
63780,35.650983487,-118.203204840,11012,180.836,208.596,55.649,145.845
63840,35.729563413,-118.212340255,11799,183.208,197.361,55.603,146.126
63900,35.808143339,-118.221475670,12586,185.580,186.125,55.556,146.407
63960,35.886723266,-118.230611085,13374,187.952,174.890,55.510,146.687
64020,35.965303192,-118.239746500,14161,190.324,163.655,55.464,146.968
64080,36.043883118,-118.248881915,14949,192.696,152.419,55.418,147.248
64140,36.122463045,-118.258017330,15736,195.068,141.184,55.371,147.529
64200,36.201042971,-118.267152745,16524,197.440,129.948,55.325,147.809
64260,36.279622898,-118.276288160,17311,199.812,118.713,55.279,148.090
64320,36.358202824,-118.285423575,18098,202.184,107.477,55.233,148.370
64380,36.436782750,-118.294558990,18886,204.556,96.242,55.186,148.651
64440,36.438112081,-118.180419597,19000,204.900,93.901,55.068,149.071
64500,36.426333940,-118.045363589,19000,204.900,93.070,54.937,149.516
64560,36.414555800,-117.910307581,19000,204.900,92.239,54.806,149.961
64620,36.402777660,-117.775251573,19000,204.900,91.408,54.676,150.405
64680,36.390999520,-117.640195565,19000,204.900,90.577,54.545,150.850
64740,36.379221380,-117.505139557,19000,204.900,89.745,54.414,151.295
64800,36.367443239,-117.370083549,19000,204.900,88.914,54.283,151.739
64860,36.355665099,-117.235027541,19000,204.900,88.083,54.152,152.184
64920,36.343886959,-117.099971533,19000,204.900,87.252,54.021,152.628
64980,36.332108819,-116.964915525,19000,204.900,86.420,53.891,153.073
65040,36.320330678,-116.829859517,19000,204.900,85.589,53.760,153.518
65100,36.308552538,-116.694803509,19000,204.900,84.758,53.629,153.962
65160,36.296774398,-116.559747501,19000,204.900,83.927,53.498,154.407
65220,36.284996258,-116.424691494,19000,204.900,83.095,53.367,154.852
65280,36.273218118,-116.289635486,19000,204.900,82.264,53.237,155.296
65340,36.261439977,-116.154579478,19000,204.900,81.433,53.106,155.741
65400,36.249661837,-116.019523470,19000,204.900,80.602,52.975,156.185
65460,36.237883697,-115.884467462,19000,204.900,79.770,52.844,156.630
65520,36.226105557,-115.749411454,19000,204.900,78.939,52.713,157.075
65580,36.214327416,-115.614355446,19000,204.900,78.108,52.583,157.519
65640,36.202549276,-115.479299438,19000,204.900,77.277,52.452,157.964
65700,36.190771136,-115.344243430,19000,204.900,76.446,52.321,158.409
65760,36.178992996,-115.209187422,19000,204.900,75.614,52.190,158.853
65820,36.167214855,-115.074131414,19000,204.900,74.783,52.059,159.298
65880,36.155436715,-114.939075406,19000,204.900,73.952,51.929,159.743
65940,36.143658575,-114.804019398,19000,204.900,73.121,51.798,160.187
66000,36.131880435,-114.668963390,19000,204.900,72.289,51.667,160.632
66060,36.120102295,-114.533907382,19000,204.900,71.458,51.536,161.076
66120,36.108324154,-114.398851374,19000,204.900,70.627,51.405,161.521
66180,36.096546014,-114.263795366,19000,204.900,69.796,51.274,161.966
66240,36.084767874,-114.128739358,19000,204.900,68.964,51.144,162.410
66300,36.072989734,-113.993683351,19000,204.900,68.133,51.013,162.855
66360,36.061211593,-113.858627343,19000,204.900,67.302,50.882,163.300
66420,36.049433453,-113.723571335,19000,204.900,66.471,50.751,163.744
66480,36.037655313,-113.588515327,19000,204.900,65.639,50.620,164.189
66540,36.025877173,-113.453459319,19000,204.900,64.808,50.490,164.633
66600,36.014099032,-113.318403311,19000,204.900,63.977,50.359,165.078
66660,36.002320892,-113.183347303,19000,204.900,63.146,50.228,165.523
66720,35.990542752,-113.048291295,19000,204.900,62.315,50.097,165.967
66780,36.037599397,-112.927536171,19000,204.900,61.903,50.077,166.438
66840,36.087952802,-112.807582386,19000,204.900,61.515,50.063,166.909
66900,36.138306207,-112.687628600,19000,204.900,61.128,50.048,167.381
66960,36.188659612,-112.567674815,19000,204.900,60.740,50.034,167.853
67020,36.239013018,-112.447721029,19000,204.900,60.352,50.020,168.325
67080,36.289366423,-112.327767244,19000,204.900,59.964,50.006,168.797
67140,36.339719828,-112.207813459,19000,204.900,59.577,49.991,169.268
67200,36.387222250,-112.103250055,19000,204.900,68.374,49.989,169.721
67260,36.433666184,-112.004400660,19000,204.900,80.581,49.992,170.167
67320,36.480110119,-111.905551264,19000,204.900,92.788,49.994,170.613
67380,36.526554053,-111.806701869,19000,204.900,104.996,49.997,171.058
67440,36.572997987,-111.707852474,19000,204.900,117.203,49.999,171.504
67500,36.619441921,-111.609003078,19000,204.900,129.410,50.001,171.950
67560,36.665885856,-111.510153683,19000,204.900,141.617,50.004,172.396
67620,36.667420882,-111.431848205,19000,204.900,163.065,49.968,172.811
67680,36.603263197,-111.383594351,19000,204.900,198.029,49.875,173.181
67740,36.507298023,-111.421818703,19000,204.900,203.257,49.763,173.444
67800,36.405769891,-111.475167629,19000,204.900,203.283,49.647,173.689
67860,36.304241759,-111.528516554,19000,204.900,203.310,49.532,173.934
67920,36.202713627,-111.581865480,19000,204.900,203.337,49.417,174.179
67980,36.101185494,-111.635214405,19000,204.900,203.363,49.301,174.424
68040,35.999657362,-111.688563331,19000,204.900,203.390,49.186,174.669
68100,35.898129230,-111.741912256,19000,204.900,203.417,49.071,174.914
68160,35.796601098,-111.795261182,19000,204.900,203.444,48.955,175.159
68220,35.695072966,-111.848610107,19000,204.900,203.470,48.840,175.403
68280,35.593544834,-111.901959033,19000,204.900,203.497,48.724,175.648
68340,35.492016701,-111.955307958,19000,204.900,203.524,48.609,175.893
68400,35.390488569,-112.008656884,19000,204.900,203.550,48.494,176.138
68460,35.295659664,-112.058644623,19000,204.900,195.936,48.388,176.392
68520,35.208045695,-112.105012431,19000,204.900,180.092,48.293,176.655
68580,35.120431726,-112.151380239,19000,204.900,164.247,48.199,176.918
68640,35.032817757,-112.197748047,19000,204.900,148.403,48.104,177.181
68700,34.945203788,-112.244115855,19000,204.900,132.559,48.009,177.443
68760,34.857589819,-112.290483663,19000,204.900,116.715,47.914,177.706
68820,34.769975850,-112.336851471,19000,204.900,100.871,47.819,177.969
68880,34.682361882,-112.383219279,19000,204.900,85.027,47.725,178.232
68940,34.594747913,-112.429587087,19000,204.900,69.183,47.630,178.495
69000,34.606357826,-112.357162806,19000,204.900,80.686,47.645,178.917
69060,34.643596333,-112.254055649,19000,204.900,99.252,47.688,179.380
69120,34.680834839,-112.150948491,19000,204.900,117.819,47.732,179.843
69180,34.718073346,-112.047841334,19000,204.900,136.386,47.775,180.306
69240,34.755311852,-111.944734177,19000,204.900,154.953,47.818,180.769
69300,34.792550358,-111.841627019,19000,204.900,173.519,47.862,181.232
69360,34.829788865,-111.738519862,19000,204.900,192.086,47.905,181.695
69420,34.867027371,-111.635412704,19000,204.900,210.653,47.948,182.158
69480,34.904265878,-111.532305547,19000,204.900,229.219,47.992,182.621
69540,34.941504384,-111.429198390,19000,204.900,247.786,48.035,183.084
69600,34.978742890,-111.326091232,19000,204.900,266.353,48.078,183.546
69660,35.003100053,-111.338089358,19000,204.900,275.886,48.109,183.858
69720,35.013849212,-111.471686056,19000,204.900,275.878,48.128,184.009
69780,35.024598372,-111.605282753,19000,204.900,275.869,48.146,184.160
69840,35.035347531,-111.738879451,19000,204.900,275.860,48.164,184.311
69900,35.046096691,-111.872476148,19000,204.900,275.851,48.182,184.462
69960,35.056845851,-112.006072846,19000,204.900,275.842,48.200,184.614
70020,35.067595010,-112.139669543,19000,204.900,275.833,48.218,184.765
70080,35.078202556,-112.271665548,19000,204.900,277.422,48.237,184.918
70140,35.088310153,-112.398010514,19000,204.900,284.655,48.257,185.079
70200,35.098417751,-112.524355479,19000,204.900,291.887,48.277,185.239
70260,35.108525348,-112.650700445,19000,204.900,299.120,48.296,185.399
70320,35.118632945,-112.777045410,19000,204.900,306.352,48.316,185.560
70380,35.128740542,-112.903390376,19000,204.900,313.585,48.336,185.720
70440,35.138848140,-113.029735341,19000,204.900,320.817,48.356,185.881
70500,35.193552360,-113.126404674,19000,204.900,320.426,48.424,186.073
70560,35.278257505,-113.203110692,19000,204.900,314.907,48.525,186.288
70620,35.362962651,-113.279816710,19000,204.900,309.388,48.625,186.502
70680,35.447667796,-113.356522728,19000,204.900,303.869,48.726,186.716
70740,35.532372941,-113.433228746,19000,204.900,298.351,48.827,186.931
70800,35.617078086,-113.509934764,19000,204.900,292.832,48.927,187.145
70860,35.701783231,-113.586640782,19000,204.900,287.313,49.028,187.359
70920,35.736328447,-113.696628217,19000,204.900,286.616,49.079,187.534
70980,35.763264235,-113.811664553,19000,204.900,286.652,49.122,187.703
71040,35.790200023,-113.926700890,19000,204.900,286.687,49.165,187.872
71100,35.817135812,-114.041737226,19000,204.900,286.723,49.208,188.041
71160,35.844071600,-114.156773562,19000,204.900,286.759,49.251,188.210
71220,35.871007388,-114.271809898,19000,204.900,286.794,49.294,188.378
71280,35.897943176,-114.386846234,19000,204.900,286.830,49.338,188.547
71340,35.924878965,-114.501882570,19000,204.900,286.865,49.381,188.716
71400,35.951814753,-114.616918906,19000,204.900,286.901,49.424,188.885
71460,35.978750541,-114.731955243,19000,204.900,286.936,49.467,189.054
71520,36.005686329,-114.846991579,19000,204.900,286.972,49.510,189.222
71580,36.032622117,-114.962027915,19000,204.900,287.007,49.553,189.391
71640,36.059557906,-115.077064251,19000,204.900,287.043,49.596,189.560
71700,36.086939614,-115.193690255,19000,204.900,287.075,49.640,189.726
71760,36.118418747,-115.324923235,19000,204.900,287.078,49.689,189.871
71820,36.149897880,-115.456156214,19000,204.900,287.081,49.738,190.015
71880,36.181377013,-115.587389193,19000,204.900,287.084,49.786,190.160
71940,36.212856146,-115.718622173,19000,204.900,287.086,49.835,190.304
72000,36.244335279,-115.849855152,19000,204.900,287.089,49.884,190.449
72060,36.275814412,-115.981088131,19000,204.900,287.092,49.933,190.593
72120,36.307293545,-116.112321110,19000,204.900,287.095,49.982,190.738
72180,36.338772678,-116.243554090,19000,204.900,287.098,50.031,190.882
72240,36.370251811,-116.374787069,19000,204.900,287.101,50.079,191.026
72300,36.401730944,-116.506020048,19000,204.900,287.104,50.128,191.171
72360,36.433210077,-116.637253028,19000,204.900,287.107,50.177,191.315
72420,36.464689210,-116.768486007,19000,204.900,287.109,50.226,191.460
72480,36.495863346,-116.898417982,19000,204.900,285.865,50.275,191.606
72540,36.525050525,-117.019874308,19000,204.900,276.491,50.326,191.760
72600,36.554237704,-117.141330633,19000,204.900,267.118,50.377,191.914
72660,36.583424883,-117.262786959,19000,204.900,257.744,50.428,192.068
72720,36.612612062,-117.384243285,19000,204.900,248.371,50.479,192.222
72780,36.641799241,-117.505699610,19000,204.900,238.997,50.530,192.376
72840,36.670986421,-117.627155936,19000,204.900,229.624,50.581,192.530
72900,36.700173600,-117.748612262,19000,204.900,220.250,50.632,192.684
72960,36.729360779,-117.870068588,19000,204.900,210.877,50.683,192.838
73020,36.758547958,-117.991524913,19000,204.900,201.503,50.734,192.992
73080,36.787735137,-118.112981239,19000,204.900,192.130,50.785,193.146
73140,36.816922316,-118.234437565,19000,204.900,182.756,50.836,193.300
73200,36.836251450,-118.338074288,18953,204.566,174.708,50.886,193.476
73260,36.795724816,-118.333514503,18621,202.206,174.711,50.926,193.787
73320,36.755198182,-118.328954717,18288,199.846,174.714,50.966,194.098
73380,36.714671548,-118.324394932,17956,197.486,174.716,51.006,194.410
73440,36.674144914,-118.319835146,17623,195.125,174.719,51.047,194.721
73500,36.633618279,-118.315275361,17291,192.765,174.722,51.087,195.032
73560,36.593091645,-118.310715575,16958,190.405,174.724,51.127,195.343
73620,36.552565011,-118.306155790,16626,188.045,174.727,51.168,195.654
73680,36.512038377,-118.301596004,16294,185.684,174.730,51.208,195.965
73740,36.471511743,-118.297036219,15961,183.324,174.732,51.248,196.276
73800,36.430985109,-118.292476433,15629,180.964,174.735,51.288,196.588
73860,36.390458474,-118.287916648,15296,178.604,174.738,51.329,196.899
73920,36.349931840,-118.283356862,14964,176.244,174.740,51.369,197.210
73980,36.309405206,-118.278797077,14631,173.883,174.743,51.409,197.521
74040,36.268878572,-118.274237291,14299,171.523,174.746,51.450,197.832
74100,36.228351938,-118.269677506,13967,169.163,174.748,51.490,198.143
74160,36.187825304,-118.265117720,13634,166.803,174.751,51.530,198.454
74220,36.147298669,-118.260557934,13302,164.442,174.754,51.570,198.765
74280,36.106772035,-118.255998149,12969,162.082,174.756,51.611,199.077
74340,36.066245401,-118.251438363,12637,159.722,174.759,51.651,199.388
74400,36.025718767,-118.246878578,12304,157.362,174.762,51.691,199.699
74460,35.985192133,-118.242318792,11972,155.002,174.764,51.732,200.010
74520,35.944665499,-118.237759007,11640,152.641,174.767,51.772,200.321
74580,35.904138864,-118.233199221,11307,150.281,174.770,51.812,200.632
74640,35.863612230,-118.228639436,10975,147.921,174.772,51.853,200.943
74700,35.823085596,-118.224079650,10642,145.561,174.775,51.893,201.255
74760,35.782558962,-118.219519865,10310,143.200,174.778,51.933,201.566
74820,35.742032328,-118.214960079, 9977,140.840,174.780,51.973,201.877
74880,35.701505694,-118.210400294, 9645,138.480,174.783,52.014,202.188
74940,35.660979059,-118.205840508, 9313,136.120,174.786,52.054,202.499
75000,35.620452425,-118.201280723, 8980,133.760,174.788,52.094,202.810
75060,35.579925791,-118.196720937, 8648,131.399,174.791,52.135,203.121
75120,35.539399157,-118.192161152, 8315,129.039,174.794,52.175,203.433
75180,35.498872523,-118.187601366, 7983,126.679,174.796,52.215,203.744
75240,35.458345889,-118.183041581, 7651,124.319,174.799,52.255,204.055
75300,35.417819254,-118.178481795, 7318,121.958,174.802,52.296,204.366
75360,35.377292620,-118.173922010, 6986,119.598,174.804,52.336,204.677
75420,35.336765986,-118.169362224, 6653,117.238,174.807,52.376,204.988
75480,35.296239352,-118.164802439, 6321,114.878,174.810,52.417,205.299
75540,35.255712718,-118.160242653, 5988,112.518,174.812,52.457,205.610
75600,35.215186084,-118.155682868, 5656,110.157,174.815,52.497,205.922
75660,35.174659449,-118.151123082, 5324,107.797,174.818,52.537,206.233
75720,35.134132815,-118.146563297, 4991,105.437,174.820,52.578,206.544
75780,35.093606181,-118.142003511, 4659,103.077,174.823,52.618,206.855
75840,35.053079547,-118.137443726, 4326,100.716,174.826,52.658,207.166
75900,35.012552913,-118.132883940, 3994,98.356,174.828,52.699,207.477
75960,34.972026279,-118.128324155, 3661,95.996,174.831,52.739,207.788
76020,34.931499644,-118.123764369, 3329,93.636,174.834,52.779,208.100
76080,34.890973010,-118.119204584, 2997,91.276,174.836,52.819,208.411
76140,34.850446376,-118.114644798, 2664,88.915,174.839,52.860,208.722
76200,34.809919742,-118.110085013, 2332,86.555,174.842,52.900,209.033
76260,34.769393108,-118.105525227, 1999,84.195,174.844,52.940,209.344
76320,34.728866474,-118.100965442, 1667,81.835,174.847,52.981,209.655
76380,34.688339839,-118.096405656, 1334,79.474,174.850,53.021,209.966
76440,34.647813205,-118.091845871, 1002,77.114,174.852,53.061,210.278
