src/Components/missions/ACEPOL/Plans/ACEPOL-Flt-plan_er2_20171027_RG.ict
43, 1001
rferrare
NASA Ames Research Center
Simulated flight plan
ACEPOL
1,1
2017,10,27,2017,10,27
60
Start_UTC, seconds from midnight UTC, time keeping
7
1,1,1,1,1,1,1
-9999,-9999,-9999,-9999,-9999,-9999,-9999
Latitude, Degrees (North positive), Planned latitude position of the aircraft
Longitude, Degrees (East positive), Planned longitude position of the aircraft
Altitude, meters (above sea level), Planned altitude of the aircraft
speed, meters per second (m/s), Estimated speed of aircraft
Bearing, degrees from north, Direction of travel of the plane per respect to north
SZA, degrees from zenith, Elevation position of the sun in the sky per respect to zenith
AZI, degrees from north, Azimuthal position of the sun in the sky per respect to north
1
Simulated aircraft data interpolated from flight plan waypoints
21
-----------------------------------------------------------------------------
PI_CONTACT_INFO: rferrare
PLATFORM: er2
LOCATION: N/A
ASSOCIATED_DATA: N/A
INSTRUMENT_INFO: None
DATA_INFO: Compiled with flight planner: moving lines v1.09
UNCERTAINTY: Undefined
ULOD_FLAG: -7777
ULOD_VALUE: N/A
LLOD_FLAG: -8888
LLOD_VALUE: N/A
DM_CONTACT_INFO: Samuel LeBlanc, samuel.leblanc@nasa.gov
PROJECT_INFO: ACEPOL
STIPULATIONS_ON_USE: None
OTHER_COMMENTS: N/A
REVISION: RG
RG: Version 7 of the flight plan ict 
  RA: First iteration of the flight plan
-----------------------------------------------------------------------------
Start_UTC,Latitude,Longitude,Altitude,speed,Bearing,SZA,AZI
63000,34.629444444,-118.084444444,  775,150.000,358.038,56.250,142.199
63060,34.723072247,-118.088459297, 1529,152.432,358.100,56.216,142.491
63120,34.816700049,-118.092474150, 2283,154.863,358.162,56.182,142.783
63180,34.910327851,-118.096489002, 3037,157.295,358.223,56.148,143.075
63240,35.003955653,-118.100503855, 3791,159.727,358.285,56.114,143.367
63300,35.097583455,-118.104518707, 4545,162.158,358.347,56.080,143.659
63360,35.191211257,-118.108533560, 5299,164.590,358.408,56.046,143.950
63420,35.284839060,-118.112548412, 6053,167.022,358.470,56.012,144.242
63480,35.378466862,-118.116563265, 6807,169.453,358.531,55.978,144.534
63540,35.472094664,-118.120578117, 7561,171.885,358.593,55.944,144.826
63600,35.565722466,-118.124592970, 8315,174.317,358.655,55.910,145.118
63660,35.659350268,-118.128607822, 9069,176.748,358.716,55.876,145.410
63720,35.752978070,-118.132622675, 9823,179.180,358.778,55.842,145.702
63780,35.846605873,-118.136637528,10577,181.612,358.839,55.808,145.994
63840,35.940233675,-118.140652380,11331,184.043,358.901,55.774,146.286
63900,36.033861477,-118.144667233,12085,186.475,358.963,55.739,146.578
63960,36.127489279,-118.148682085,12839,188.907,359.024,55.705,146.870
64020,36.221117081,-118.152696938,13593,191.338,359.086,55.671,147.161
64080,36.314744883,-118.156711790,14347,193.770,359.147,55.637,147.453
64140,36.408372686,-118.160726643,15101,196.202,359.209,55.603,147.745
64200,36.502000488,-118.164741495,15855,198.633,359.271,55.569,148.037
64260,36.595628290,-118.168756348,16609,201.065,359.332,55.535,148.329
64320,36.689256092,-118.172771200,17363,203.497,359.394,55.501,148.621
64380,36.782883894,-118.176786053,18117,205.928,359.455,55.467,148.913
64440,36.876511696,-118.180800906,18871,208.360,359.517,55.433,149.205
64500,36.970139498,-118.184815758,19625,210.792,359.579,55.399,149.497
64560,37.074079832,-118.187317573,20000,212.000,351.273,55.388,149.798
64620,37.188206769,-118.188324827,20000,212.000,334.702,55.401,150.107
64680,37.302333706,-118.189332081,20000,212.000,318.131,55.413,150.417
64740,37.416460643,-118.190339335,20000,212.000,301.560,55.426,150.726
64800,37.530587580,-118.191346589,20000,212.000,284.989,55.439,151.036
64860,37.644714517,-118.192353843,20000,212.000,268.418,55.451,151.345
64920,37.758841454,-118.193361097,20000,212.000,251.847,55.464,151.655
64980,37.872968391,-118.194368351,20000,212.000,235.276,55.476,151.964
65040,37.987095328,-118.195375605,20000,212.000,218.705,55.489,152.274
65100,38.101222266,-118.196382859,20000,212.000,202.134,55.501,152.583
65160,38.215349203,-118.197390113,20000,212.000,185.563,55.514,152.893
65220,38.329476140,-118.198397367,20000,212.000,168.992,55.526,153.202
65280,38.443603077,-118.199404621,20000,212.000,152.421,55.539,153.512
65340,38.557730014,-118.200411875,20000,212.000,135.850,55.551,153.821
65400,38.671856951,-118.201419129,20000,212.000,119.279,55.564,154.131
65460,38.785983888,-118.202426383,20000,212.000,102.708,55.576,154.440
65520,38.900110825,-118.203433637,20000,212.000,86.137,55.589,154.750
65580,39.014237762,-118.204440891,20000,212.000,69.566,55.602,155.060
65640,39.128364699,-118.205448145,20000,212.000,52.995,55.614,155.369
65700,39.242491637,-118.206455399,20000,212.000,36.424,55.627,155.679
65760,39.356618574,-118.207462653,20000,212.000,19.853,55.639,155.988
65820,39.469152898,-118.188582162,20000,212.000,12.772,55.664,156.319
65880,39.580479814,-118.154624152,20000,212.000,12.883,55.698,156.666
65940,39.691806729,-118.120666143,20000,212.000,12.995,55.731,157.014
66000,39.803133644,-118.086708134,20000,212.000,13.107,55.765,157.361
66060,39.914460560,-118.052750124,20000,212.000,13.219,55.799,157.708
66120,40.025787475,-118.018792115,20000,212.000,13.331,55.833,158.055
66180,40.137114391,-117.984834105,20000,212.000,13.443,55.866,158.402
66240,40.248441306,-117.950876096,20000,212.000,13.555,55.900,158.750
66300,40.359768221,-117.916918087,20000,212.000,13.667,55.934,159.097
66360,40.471095137,-117.882960077,20000,212.000,13.779,55.968,159.444
66420,40.582422052,-117.849002068,20000,212.000,13.891,56.001,159.791
66480,40.693748968,-117.815044059,20000,212.000,14.003,56.035,160.139
66540,40.805075883,-117.781086049,20000,212.000,14.115,56.069,160.486
66600,40.916402798,-117.747128040,20000,212.000,14.227,56.103,160.833
66660,41.027729714,-117.713170031,20000,212.000,14.339,56.136,161.180
66720,41.139056629,-117.679212021,20000,212.000,14.451,56.170,161.527
66780,41.250383545,-117.645254012,20000,212.000,14.563,56.204,161.875
66840,41.361710460,-117.611296002,20000,212.000,14.675,56.238,162.222
66900,41.473037375,-117.577337993,20000,212.000,14.787,56.272,162.569
66960,41.584364291,-117.543379984,20000,212.000,14.899,56.305,162.916
67020,41.695691206,-117.509421974,20000,212.000,15.011,56.339,163.264
67080,41.807018122,-117.475463965,20000,212.000,15.123,56.373,163.611
67140,41.918345037,-117.441505956,20000,212.000,15.235,56.407,163.958
67200,42.029671952,-117.407547946,20000,212.000,15.347,56.440,164.305
67260,42.140998868,-117.373589937,20000,212.000,15.459,56.474,164.652
67320,42.252325783,-117.339631928,20000,212.000,15.571,56.508,165.000
67380,42.353191500,-117.302855030,20000,212.000,25.666,56.557,165.343
67440,42.449821738,-117.264936835,20000,212.000,39.804,56.613,165.685
67500,42.546451977,-117.227018640,20000,212.000,53.942,56.668,166.028
67560,42.643082216,-117.189100445,20000,212.000,68.079,56.724,166.370
67620,42.739712454,-117.151182250,20000,212.000,82.217,56.779,166.712
67680,42.836342693,-117.113264055,20000,212.000,96.355,56.835,167.054
67740,42.932972932,-117.075345860,20000,212.000,110.493,56.891,167.396
67800,43.029603170,-117.037427666,20000,212.000,124.631,56.946,167.739
67860,43.126233409,-116.999509471,20000,212.000,138.768,57.002,168.081
67920,43.222863648,-116.961591276,20000,212.000,152.906,57.057,168.423
67980,43.319493886,-116.923673081,20000,212.000,167.044,57.113,168.765
68040,43.416124125,-116.885754886,20000,212.000,181.182,57.168,169.107
68100,43.512754364,-116.847836691,20000,212.000,195.319,57.224,169.450
68160,43.609384602,-116.809918496,20000,212.000,209.457,57.280,169.792
68220,43.706014841,-116.772000301,20000,212.000,223.595,57.335,170.134
68280,43.802645080,-116.734082106,20000,212.000,237.733,57.391,170.476
68340,43.899275319,-116.696163911,20000,212.000,251.871,57.446,170.818
68400,43.995905557,-116.658245716,20000,212.000,266.008,57.502,171.161
68460,44.092535796,-116.620327521,20000,212.000,280.146,57.557,171.503
68520,44.189166035,-116.582409326,20000,212.000,294.284,57.613,171.845
68580,44.285796273,-116.544491132,20000,212.000,308.422,57.669,172.187
68640,44.382426512,-116.506572937,20000,212.000,322.559,57.724,172.529
68700,44.479056751,-116.468654742,20000,212.000,336.697,57.780,172.872
68760,44.578294276,-116.443736319,20000,212.000,348.244,57.842,173.198
68820,44.689115228,-116.476572156,20000,212.000,348.280,57.937,173.454
68880,44.799936179,-116.509407994,20000,212.000,348.317,58.031,173.709
68940,44.910757131,-116.542243832,20000,212.000,348.353,58.126,173.965
69000,45.021578083,-116.575079669,20000,212.000,348.389,58.220,174.221
69060,45.132399035,-116.607915507,20000,212.000,348.426,58.314,174.476
69120,45.243219987,-116.640751344,20000,212.000,348.462,58.409,174.732
69180,45.354188479,-116.673621601,20000,212.000,348.516,58.505,174.987
69240,45.465866334,-116.706657341,20000,212.000,348.658,58.606,175.237
69300,45.577544190,-116.739693082,20000,212.000,348.800,58.708,175.488
69360,45.689222046,-116.772728822,20000,212.000,348.942,58.809,175.739
69420,45.800899902,-116.805764563,20000,212.000,349.083,58.911,175.989
69480,45.912577757,-116.838800303,20000,212.000,349.225,59.013,176.240
69540,46.024255613,-116.871836043,20000,212.000,349.367,59.114,176.491
69600,46.135933469,-116.904871784,20000,212.000,349.509,59.216,176.741
69660,46.247611324,-116.937907524,20000,212.000,349.650,59.318,176.992
69720,46.359289180,-116.970943265,20000,212.000,349.792,59.419,177.243
69780,46.470967036,-117.003979005,20000,212.000,349.934,59.521,177.493
69840,46.583279454,-117.034448051,20000,212.000,349.911,59.631,177.740
69900,46.695699572,-117.064481469,20000,212.000,349.860,59.743,177.987
69960,46.808119691,-117.094514887,20000,212.000,349.809,59.855,178.234
70020,46.920539809,-117.124548305,20000,212.000,349.758,59.966,178.480
70080,47.032959927,-117.154581723,20000,212.000,349.706,60.078,178.727
70140,47.145380045,-117.184615141,20000,212.000,349.655,60.190,178.973
70200,47.257800164,-117.214648559,20000,212.000,349.604,60.301,179.220
70260,47.370220282,-117.244681977,20000,212.000,349.553,60.413,179.466
70320,47.482640400,-117.274715395,20000,212.000,349.502,60.524,179.713
70380,47.595060518,-117.304748813,20000,212.000,349.451,60.636,179.960
70440,47.707480637,-117.334782231,20000,212.000,349.400,60.748,180.206
70500,47.819900755,-117.364815649,20000,212.000,349.349,60.859,180.453
70560,47.932320873,-117.394849067,20000,212.000,349.298,60.971,180.699
70620,48.044740992,-117.424882485,20000,212.000,349.247,61.083,180.946
70680,48.157161110,-117.454915903,20000,212.000,349.196,61.194,181.193
70740,48.269581228,-117.484949321,20000,212.000,349.145,61.306,181.439
70800,48.382001346,-117.514982739,20000,212.000,349.094,61.418,181.686
70860,48.479696458,-117.542069978,20000,212.000,333.874,61.518,181.933
70920,48.559881377,-117.565653777,20000,212.000,300.616,61.605,182.181
70980,48.640066295,-117.589237577,20000,212.000,267.358,61.692,182.430
71040,48.720251214,-117.612821377,20000,212.000,234.100,61.779,182.678
71100,48.800436132,-117.636405176,20000,212.000,200.842,61.866,182.926
71160,48.880621051,-117.659988976,20000,212.000,167.585,61.953,183.174
71220,48.898479992,-117.641363500,20000,212.000,146.139,61.983,183.471
71280,48.803302172,-117.546185680,20000,212.000,146.116,61.908,183.857
71340,48.708124352,-117.451007860,20000,212.000,146.093,61.834,184.243
71400,48.612946532,-117.355830040,20000,212.000,146.069,61.760,184.628
71460,48.517768711,-117.260652220,20000,212.000,146.046,61.686,185.014
71520,48.422590891,-117.165474400,20000,212.000,146.023,61.611,185.400
71580,48.327413071,-117.070296580,20000,212.000,146.000,61.537,185.785
71640,48.232235251,-116.975118760,20000,212.000,145.977,61.463,186.171
71700,48.137057431,-116.879940940,20000,212.000,145.954,61.389,186.557
71760,48.041940469,-116.784975065,20000,212.000,149.543,61.319,186.943
71820,47.946976670,-116.690542600,20000,212.000,162.222,61.259,187.332
71880,47.852012872,-116.596110134,20000,212.000,174.901,61.199,187.721
71940,47.757049073,-116.501677669,20000,212.000,187.580,61.139,188.110
72000,47.662085274,-116.407245204,20000,212.000,200.259,61.079,188.499
72060,47.567121475,-116.312812738,20000,212.000,212.938,61.019,188.888
72120,47.472157677,-116.218380273,20000,212.000,225.617,60.959,189.277
72180,47.377193878,-116.123947807,20000,212.000,238.297,60.899,189.666
72240,47.306457507,-116.161474897,20000,212.000,244.107,60.851,189.908
72300,47.256540856,-116.312400773,20000,212.000,244.014,60.814,190.023
72360,47.206624205,-116.463326649,20000,212.000,243.921,60.777,190.138
72420,47.154390198,-116.611094937,20000,212.000,243.994,60.740,190.258
72480,47.102106708,-116.758795798,20000,212.000,244.070,60.703,190.377
72540,47.049823217,-116.906496659,20000,212.000,244.146,60.666,190.496
72600,46.997539726,-117.054197520,20000,212.000,244.223,60.629,190.616
72660,46.945256236,-117.201898381,20000,212.000,244.299,60.592,190.735
72720,46.892972745,-117.349599242,20000,212.000,244.376,60.555,190.854
72780,46.840689255,-117.497300103,20000,212.000,244.452,60.518,190.974
72840,46.788405764,-117.645000964,20000,212.000,244.528,60.481,191.093
72900,46.736122273,-117.792701825,20000,212.000,244.605,60.444,191.213
72960,46.683838783,-117.940402686,20000,212.000,244.681,60.406,191.332
73020,46.631555292,-118.088103547,20000,212.000,244.758,60.369,191.451
73080,46.579271801,-118.235804408,20000,212.000,244.834,60.332,191.571
73140,46.526988311,-118.383505270,20000,212.000,244.910,60.295,191.690
73200,46.474704820,-118.531206131,20000,212.000,244.987,60.258,191.809
73260,46.422421329,-118.678906992,20000,212.000,245.063,60.221,191.929
73320,46.370137839,-118.826607853,20000,212.000,245.140,60.184,192.048
73380,46.317854348,-118.974308714,20000,212.000,245.216,60.147,192.167
73440,46.265570857,-119.122009575,20000,212.000,245.292,60.110,192.287
73500,46.213287367,-119.269710436,20000,212.000,245.369,60.073,192.406
73560,46.161003876,-119.417411297,20000,212.000,245.445,60.036,192.526
73620,46.108720386,-119.565112158,20000,212.000,245.522,59.999,192.645
73680,46.056436895,-119.712813019,20000,212.000,245.598,59.962,192.764
73740,46.006344599,-119.858912776,20000,212.000,245.550,59.932,192.887
73800,45.956339794,-120.004948603,20000,212.000,245.497,59.903,193.010
73860,45.906334990,-120.150984429,20000,212.000,245.445,59.873,193.133
73920,45.856330185,-120.297020256,20000,212.000,245.392,59.843,193.256
73980,45.806325381,-120.443056082,20000,212.000,245.339,59.814,193.378
74040,45.756320576,-120.589091909,20000,212.000,245.287,59.784,193.501
74100,45.706315772,-120.735127736,20000,212.000,245.234,59.754,193.624
74160,45.656310968,-120.881163562,20000,212.000,245.181,59.724,193.747
74220,45.606306163,-121.027199389,20000,212.000,245.129,59.695,193.870
74280,45.556301359,-121.173235215,20000,212.000,245.076,59.665,193.993
74340,45.506296554,-121.319271042,20000,212.000,245.023,59.635,194.115
74400,45.456291750,-121.465306869,20000,212.000,244.971,59.606,194.238
74460,45.406286946,-121.611342695,20000,212.000,244.918,59.576,194.361
74520,45.356282141,-121.757378522,20000,212.000,244.865,59.546,194.484
74580,45.306277337,-121.903414348,20000,212.000,244.813,59.517,194.607
74640,45.256272532,-122.049450175,20000,212.000,244.760,59.487,194.729
74700,45.206267728,-122.195486002,20000,212.000,244.707,59.457,194.852
74760,45.156262923,-122.341521828,20000,212.000,244.654,59.427,194.975
74820,45.106258119,-122.487557655,20000,212.000,244.602,59.398,195.098
74880,45.056253315,-122.633593481,20000,212.000,244.549,59.368,195.221
74940,45.006248510,-122.779629308,20000,212.000,244.496,59.338,195.344
75000,44.956243706,-122.925665135,20000,212.000,244.444,59.309,195.466
75060,44.906238901,-123.071700961,20000,212.000,244.391,59.279,195.589
75120,44.856234097,-123.217736788,20000,212.000,244.338,59.249,195.712
75180,44.806229293,-123.363772614,20000,212.000,244.286,59.220,195.835
75240,44.756224488,-123.509808441,20000,212.000,244.233,59.190,195.958
75300,44.706219684,-123.655844268,20000,212.000,244.180,59.160,196.081
75360,44.656214879,-123.801880094,20000,212.000,244.128,59.130,196.203
75420,44.606210075,-123.947915921,20000,212.000,244.075,59.101,196.326
75480,44.556067227,-124.093474316,20000,212.000,244.041,59.072,196.450
75540,44.504902832,-124.235499621,20000,212.000,244.145,59.046,196.579
75600,44.453738437,-124.377524925,20000,212.000,244.250,59.021,196.708
75660,44.402574042,-124.519550229,20000,212.000,244.354,58.995,196.837
75720,44.351409646,-124.661575533,20000,212.000,244.459,58.970,196.966
75780,44.300245251,-124.803600837,20000,212.000,244.563,58.944,197.095
75840,44.249080856,-124.945626141,20000,212.000,244.667,58.919,197.224
75900,44.197916461,-125.087651445,20000,212.000,244.772,58.893,197.352
75960,44.146752065,-125.229676749,20000,212.000,244.876,58.868,197.481
76020,44.095587670,-125.371702053,20000,212.000,244.981,58.842,197.610
76080,44.044423275,-125.513727357,20000,212.000,245.085,58.817,197.739
76140,43.993258880,-125.655752661,20000,212.000,245.189,58.791,197.868
76200,43.942094484,-125.797777965,20000,212.000,245.294,58.766,197.997
76260,43.890930089,-125.939803270,20000,212.000,245.398,58.740,198.126
76320,43.839765694,-126.081828574,20000,212.000,245.503,58.715,198.255
76380,43.796072861,-126.211511584,20000,212.000,234.434,58.701,198.397
76440,43.753358105,-126.339578907,20000,212.000,221.902,58.689,198.541
