src/Components/missions/ACEPOL/Plans/ACEPOL-Flt-plan_er2_20171024_RG.ict
43, 1001
rferrare
NASA Ames Research Center
Simulated flight plan
ACEPOL
1,1
2017,10,24,2017,10,24
60
Start_UTC, seconds from midnight UTC, time keeping
7
1,1,1,1,1,1,1
-9999,-9999,-9999,-9999,-9999,-9999,-9999
Latitude, Degrees (North positive), Planned latitude position of the aircraft
Longitude, Degrees (East positive), Planned longitude position of the aircraft
Altitude, meters (above sea level), Planned altitude of the aircraft
speed, meters per second (m/s), Estimated speed of aircraft
Bearing, degrees from north, Direction of travel of the plane per respect to north
SZA, degrees from zenith, Elevation position of the sun in the sky per respect to zenith
AZI, degrees from north, Azimuthal position of the sun in the sky per respect to north
1
Simulated aircraft data interpolated from flight plan waypoints
21
-----------------------------------------------------------------------------
PI_CONTACT_INFO: rferrare
PLATFORM: er2
LOCATION: N/A
ASSOCIATED_DATA: N/A
INSTRUMENT_INFO: None
DATA_INFO: Compiled with flight planner: moving lines v1.09
UNCERTAINTY: Undefined
ULOD_FLAG: -7777
ULOD_VALUE: N/A
LLOD_FLAG: -8888
LLOD_VALUE: N/A
DM_CONTACT_INFO: Samuel LeBlanc, samuel.leblanc@nasa.gov
PROJECT_INFO: ACEPOL
STIPULATIONS_ON_USE: None
OTHER_COMMENTS: N/A
REVISION: RG
RG: Version 7 of the flight plan ict 
  RA: First iteration of the flight plan
-----------------------------------------------------------------------------
Start_UTC,Latitude,Longitude,Altitude,speed,Bearing,SZA,AZI
59400,34.629444444,-118.084444444,  775,150.000,3.579,64.192,127.850
59460,34.714911732,-118.077751555, 1463,152.219,13.888,64.093,128.104
59520,34.800379021,-118.071058665, 2151,154.438,24.197,63.993,128.359
59580,34.885846309,-118.064365775, 2839,156.656,34.505,63.894,128.613
59640,34.971313597,-118.057672885, 3527,158.875,44.814,63.795,128.867
59700,35.056780885,-118.050979995, 4215,161.094,55.123,63.695,129.121
59760,35.142248173,-118.044287105, 4903,163.313,65.432,63.596,129.375
59820,35.227715461,-118.037594215, 5591,165.531,75.741,63.496,129.629
59880,35.313182749,-118.030901325, 6279,167.750,86.050,63.397,129.883
59940,35.398650037,-118.024208435, 6967,169.969,96.359,63.298,130.137
60000,35.484117325,-118.017515546, 7655,172.188,106.668,63.198,130.391
60060,35.569584613,-118.010822656, 8343,174.406,116.977,63.099,130.645
60120,35.655051901,-118.004129766, 9031,176.625,127.286,62.999,130.900
60180,35.740519189,-117.997436876, 9719,178.844,137.595,62.900,131.154
60240,35.825986477,-117.990743986,10407,181.063,147.904,62.801,131.408
60300,35.911453765,-117.984051096,11095,183.281,158.213,62.701,131.662
60360,35.996921053,-117.977358206,11783,185.500,168.522,62.602,131.916
60420,36.082388341,-117.970665316,12471,187.719,178.831,62.502,132.170
60480,36.167855629,-117.963972426,13159,189.938,189.140,62.403,132.424
60540,36.253322917,-117.957279537,13847,192.156,199.448,62.303,132.678
60600,36.338790205,-117.950586647,14535,194.375,209.757,62.204,132.932
60660,36.424257493,-117.943893757,15223,196.594,220.066,62.105,133.187
60720,36.509724781,-117.937200867,15911,198.813,230.375,62.005,133.441
60780,36.595192069,-117.930507977,16599,201.031,240.684,61.906,133.695
60840,36.680659357,-117.923815087,17287,203.250,250.993,61.806,133.949
60900,36.766126645,-117.917122197,17975,205.469,261.302,61.707,134.203
60960,36.851593933,-117.910429307,18663,207.688,271.611,61.608,134.457
61020,36.937061222,-117.903736417,19351,209.906,281.920,61.508,134.711
61080,37.019828660,-117.904225556,20000,212.000,291.011,61.412,134.958
61140,37.057379643,-118.024997635,20000,212.000,279.697,61.367,135.092
61200,37.094930625,-118.145769715,20000,212.000,268.384,61.322,135.225
61260,37.132481608,-118.266541795,20000,212.000,257.071,61.276,135.358
61320,37.170032591,-118.387313874,20000,212.000,245.758,61.231,135.491
61380,37.207583574,-118.508085954,20000,212.000,234.445,61.186,135.624
61440,37.245134556,-118.628858034,20000,212.000,223.131,61.141,135.758
61500,37.282685539,-118.749630113,20000,212.000,211.818,61.096,135.891
61560,37.320236522,-118.870402193,20000,212.000,200.505,61.051,136.024
61620,37.351156800,-118.986892110,20000,212.000,189.507,60.999,136.159
61680,37.238491362,-119.010653205,20000,212.000,185.338,60.793,136.327
61740,37.125825925,-119.034414299,20000,212.000,181.169,60.587,136.495
61800,37.013160487,-119.058175394,20000,212.000,176.999,60.382,136.664
61860,36.900495050,-119.081936489,20000,212.000,172.830,60.176,136.832
61920,36.787829612,-119.105697584,20000,212.000,168.661,59.971,137.000
61980,36.675164174,-119.129458679,20000,212.000,164.491,59.765,137.169
62040,36.562498737,-119.153219774,20000,212.000,160.322,59.559,137.337
62100,36.449833299,-119.176980868,20000,212.000,156.153,59.354,137.506
62160,36.337167862,-119.200741963,20000,212.000,151.984,59.148,137.674
62220,36.224502424,-119.224503058,20000,212.000,147.814,58.943,137.842
62280,36.111836986,-119.248264153,20000,212.000,143.645,58.737,138.011
62340,35.999171549,-119.272025248,20000,212.000,139.476,58.531,138.179
62400,35.903786941,-119.221864324,20000,212.000,137.903,58.301,138.433
62460,35.818482634,-119.128583008,20000,212.000,137.845,58.057,138.736
62520,35.733178327,-119.035301692,20000,212.000,137.788,57.813,139.040
62580,35.647874019,-118.942020377,20000,212.000,137.730,57.569,139.343
62640,35.562569712,-118.848739061,20000,212.000,137.672,57.325,139.647
62700,35.477265405,-118.755457745,20000,212.000,137.614,57.081,139.950
62760,35.391961098,-118.662176429,20000,212.000,137.556,56.837,140.254
62820,35.306656790,-118.568895113,20000,212.000,137.499,56.593,140.557
62880,35.221352483,-118.475613798,20000,212.000,137.441,56.349,140.861
62940,35.136048176,-118.382332482,20000,212.000,137.383,56.104,141.164
63000,35.050743869,-118.289051166,20000,212.000,137.325,55.860,141.468
63060,34.965439561,-118.195769850,20000,212.000,137.267,55.616,141.771
63120,34.880135254,-118.102488535,20000,212.000,137.210,55.372,142.075
63180,34.805830911,-118.020263746,20000,212.000,141.715,55.149,142.387
63240,34.735777031,-117.942311275,20000,212.000,147.984,54.934,142.701
63300,34.665723151,-117.864358805,20000,212.000,154.253,54.718,143.016
63360,34.595669271,-117.786406335,20000,212.000,160.522,54.503,143.331
63420,34.525615391,-117.708453865,20000,212.000,166.790,54.288,143.646
63480,34.455561511,-117.630501395,20000,212.000,173.059,54.073,143.961
63540,34.385507631,-117.552548925,20000,212.000,179.328,53.857,144.275
63600,34.315453751,-117.474596455,20000,212.000,185.597,53.642,144.590
63660,34.245399871,-117.396643985,20000,212.000,191.866,53.427,144.905
63720,34.175345991,-117.318691515,20000,212.000,198.135,53.212,145.220
63780,34.105292111,-117.240739045,20000,212.000,204.403,52.996,145.535
63840,34.035238230,-117.162786574,20000,212.000,210.672,52.781,145.849
63900,34.019010130,-117.150055143,20000,212.000,253.296,52.646,146.125
63960,34.015476339,-117.152705486,20000,212.000,304.495,52.530,146.391
64020,34.076437693,-117.221289272,20000,212.000,318.176,52.500,146.614
64080,34.160821690,-117.313818047,20000,212.000,318.233,52.501,146.822
64140,34.245205687,-117.406346822,20000,212.000,318.289,52.503,147.030
64200,34.329589684,-117.498875597,20000,212.000,318.346,52.504,147.239
64260,34.413973681,-117.591404372,20000,212.000,318.402,52.506,147.447
64320,34.498357678,-117.683933147,20000,212.000,318.459,52.507,147.655
64380,34.582741674,-117.776461922,20000,212.000,318.515,52.509,147.863
64440,34.667125671,-117.868990696,20000,212.000,318.572,52.510,148.071
64500,34.751509668,-117.961519471,20000,212.000,318.628,52.512,148.279
64560,34.835893665,-118.054048246,20000,212.000,318.684,52.514,148.487
64620,34.921110104,-118.146858873,20000,212.000,300.444,52.521,148.696
64680,35.006593088,-118.239759749,20000,212.000,276.346,52.530,148.905
64740,35.092076073,-118.332660624,20000,212.000,252.247,52.539,149.114
64800,35.177559058,-118.425561500,20000,212.000,228.148,52.548,149.323
64860,35.263042042,-118.518462375,20000,212.000,204.050,52.557,149.531
64920,35.348525027,-118.611363250,20000,212.000,179.951,52.566,149.740
64980,35.434008012,-118.704264126,20000,212.000,155.852,52.575,149.949
65040,35.519490996,-118.797165001,20000,212.000,131.753,52.584,150.158
65100,35.604973981,-118.890065877,20000,212.000,107.655,52.593,150.367
65160,35.690456966,-118.982966752,20000,212.000,83.556,52.602,150.575
65220,35.744179848,-118.956041490,20000,212.000,80.549,52.542,150.911
65280,35.773284920,-118.836236893,20000,212.000,93.892,52.429,151.344
65340,35.802389991,-118.716432296,20000,212.000,107.234,52.317,151.778
65400,35.831495063,-118.596627698,20000,212.000,120.576,52.204,152.211
65460,35.860600135,-118.476823101,20000,212.000,133.919,52.091,152.645
65520,35.889705206,-118.357018503,20000,212.000,147.261,51.979,153.078
65580,35.918810278,-118.237213906,20000,212.000,160.603,51.866,153.511
65640,35.947915350,-118.117409309,20000,212.000,173.945,51.753,153.945
65700,35.908671881,-118.055822293,20000,212.000,180.888,51.605,154.293
65760,35.794491310,-118.058064832,20000,212.000,180.814,51.417,154.547
65820,35.680310738,-118.060307371,20000,212.000,180.740,51.230,154.802
65880,35.566130167,-118.062549910,20000,212.000,180.666,51.042,155.056
65940,35.451949595,-118.064792449,20000,212.000,180.592,50.855,155.311
66000,35.337769023,-118.067034989,20000,212.000,180.517,50.668,155.565
66060,35.223588452,-118.069277528,20000,212.000,180.443,50.480,155.819
66120,35.109407880,-118.071520067,20000,212.000,180.369,50.293,156.074
66180,34.995227308,-118.073762606,20000,212.000,180.295,50.105,156.328
66240,34.881046737,-118.076005145,20000,212.000,180.221,49.918,156.583
66300,34.766799483,-118.076874139,20000,212.000,188.358,49.734,156.850
66360,34.652533835,-118.077364243,20000,212.000,198.760,49.552,157.121
66420,34.538268187,-118.077854346,20000,212.000,209.162,49.369,157.392
66480,34.424002539,-118.078344450,20000,212.000,219.564,49.187,157.664
66540,34.309736890,-118.078834553,20000,212.000,229.966,49.004,157.935
66600,34.195471242,-118.079324657,20000,212.000,240.368,48.822,158.206
66660,34.081205594,-118.079814760,20000,212.000,250.770,48.639,158.477
66720,33.966939946,-118.080304864,20000,212.000,261.172,48.457,158.748
66780,33.852674298,-118.080794968,20000,212.000,271.574,48.274,159.020
66840,33.738408650,-118.081285071,20000,212.000,281.976,48.092,159.291
66900,33.624143002,-118.081775175,20000,212.000,292.378,47.909,159.562
66960,33.554892265,-118.105382536,20000,212.000,287.571,47.777,159.821
67020,33.591704586,-118.183458230,20000,212.000,246.932,47.765,160.050
67080,33.628516908,-118.261533925,20000,212.000,206.292,47.752,160.279
67140,33.665329230,-118.339609619,20000,212.000,165.652,47.739,160.508
67200,33.702141551,-118.417685313,20000,212.000,125.012,47.726,160.737
67260,33.738953873,-118.495761007,20000,212.000,84.373,47.714,160.966
67320,33.775766194,-118.573836701,20000,212.000,43.733,47.701,161.195
67380,33.845440295,-118.588910300,20000,212.000,22.584,47.709,161.513
67440,33.950844664,-118.535482378,20000,212.000,22.626,47.738,161.929
67500,34.056249034,-118.482054456,20000,212.000,22.668,47.768,162.345
67560,34.161653404,-118.428626535,20000,212.000,22.711,47.798,162.760
67620,34.267057774,-118.375198613,20000,212.000,22.753,47.827,163.176
67680,34.372462144,-118.321770691,20000,212.000,22.796,47.857,163.592
67740,34.477866514,-118.268342770,20000,212.000,22.838,47.887,164.007
67800,34.583270884,-118.214914848,20000,212.000,22.880,47.916,164.423
67860,34.688675254,-118.161486927,20000,212.000,22.923,47.946,164.839
67920,34.794079624,-118.108059005,20000,212.000,22.965,47.976,165.255
67980,34.899344082,-118.053938080,20000,212.000,27.501,48.013,165.669
68040,35.004406479,-117.998816310,20000,212.000,38.528,48.063,166.083
68100,35.109468875,-117.943694539,20000,212.000,49.554,48.113,166.497
68160,35.214531272,-117.888572769,20000,212.000,60.580,48.162,166.910
68220,35.319593669,-117.833450999,20000,212.000,71.606,48.212,167.324
68280,35.424656065,-117.778329228,20000,212.000,82.632,48.261,167.738
68340,35.529718462,-117.723207458,20000,212.000,93.658,48.311,168.151
68400,35.634780858,-117.668085687,20000,212.000,104.685,48.361,168.565
68460,35.739843255,-117.612963917,20000,212.000,115.711,48.410,168.978
68520,35.844905652,-117.557842146,20000,212.000,126.737,48.460,169.392
68580,35.936948068,-117.500565669,20000,212.000,137.930,48.497,169.807
68640,35.862606980,-117.415754006,20000,212.000,151.248,48.384,170.234
68700,35.788265892,-117.330942342,20000,212.000,164.566,48.271,170.660
68760,35.713924804,-117.246130678,20000,212.000,177.884,48.157,171.087
68820,35.639583717,-117.161319015,20000,212.000,191.202,48.044,171.514
68880,35.565242629,-117.076507351,20000,212.000,204.520,47.931,171.941
68940,35.490901541,-116.991695688,20000,212.000,217.839,47.817,172.368
69000,35.416560453,-116.906884024,20000,212.000,231.157,47.704,172.795
69060,35.342219365,-116.822072360,20000,212.000,244.475,47.590,173.222
69120,35.292193116,-116.934710399,20000,212.000,245.313,47.529,173.399
69180,35.243881798,-117.061274615,20000,212.000,245.272,47.470,173.559
69240,35.195570481,-117.187838832,20000,212.000,245.230,47.412,173.718
69300,35.147259163,-117.314403049,20000,212.000,245.189,47.354,173.878
69360,35.098947845,-117.440967265,20000,212.000,245.147,47.295,174.037
69420,35.050636528,-117.567531482,20000,212.000,245.105,47.237,174.197
69480,35.002325210,-117.694095699,20000,212.000,245.064,47.179,174.356
69540,34.954013893,-117.820659916,20000,212.000,245.022,47.121,174.515
69600,34.905702575,-117.947224132,20000,212.000,244.981,47.062,174.675
69660,34.857391258,-118.073788349,20000,212.000,244.939,47.004,174.834
69720,34.808380899,-118.199236078,20000,212.000,221.528,46.948,174.997
69780,34.759355294,-118.324659455,20000,212.000,197.608,46.891,175.161
69840,34.710329689,-118.450082831,20000,212.000,173.687,46.835,175.324
69900,34.661304083,-118.575506208,20000,212.000,149.767,46.778,175.487
69960,34.612278478,-118.700929584,20000,212.000,125.846,46.722,175.650
70020,34.563252872,-118.826352961,20000,212.000,101.926,46.665,175.814
70080,34.514227267,-118.951776337,20000,212.000,78.005,46.609,175.977
70140,34.465201661,-119.077199714,20000,212.000,54.085,46.553,176.140
70200,34.416176056,-119.202623090,20000,212.000,30.164,46.496,176.303
70260,34.418554501,-119.276949294,20000,212.000,13.943,46.489,176.539
70320,34.529327797,-119.243527754,20000,212.000,13.955,46.587,176.925
70380,34.640101094,-119.210106214,20000,212.000,13.967,46.686,177.312
70440,34.750899690,-119.176333225,20000,212.000,13.852,46.790,177.694
70500,34.861699531,-119.142542932,20000,212.000,13.731,46.895,178.076
70560,34.972499372,-119.108752639,20000,212.000,13.609,47.000,178.458
70620,35.083299213,-119.074962346,20000,212.000,13.487,47.105,178.840
70680,35.194099055,-119.041172053,20000,212.000,13.366,47.210,179.222
70740,35.304898896,-119.007381761,20000,212.000,13.244,47.315,179.603
70800,35.415982947,-118.974430208,20000,212.000,12.651,47.431,179.974
70860,35.527161019,-118.941756121,20000,212.000,11.902,47.552,180.341
70920,35.638339090,-118.909082034,20000,212.000,11.154,47.673,180.708
70980,35.749517162,-118.876407947,20000,212.000,10.405,47.793,181.075
71040,35.860695233,-118.843733860,20000,212.000,9.656,47.914,181.442
71100,35.971873305,-118.811059773,20000,212.000,8.907,48.035,181.808
71160,36.083051376,-118.778385685,20000,212.000,8.159,48.155,182.175
71220,36.194229448,-118.745711598,20000,212.000,7.410,48.276,182.542
71280,36.305407519,-118.713037511,20000,212.000,6.661,48.396,182.909
71340,36.416585591,-118.680363424,20000,212.000,5.912,48.517,183.276
71400,36.527763662,-118.647689337,20000,212.000,5.164,48.638,183.643
71460,36.638941734,-118.615015250,20000,212.000,4.415,48.758,184.010
71520,36.750119805,-118.582341163,20000,212.000,3.666,48.879,184.377
71580,36.861297877,-118.549667075,20000,212.000,2.917,49.000,184.743
71640,36.973421161,-118.525429728,20000,212.000,86.589,49.124,185.095
71700,37.036288810,-118.571779027,20000,212.000,256.359,49.202,185.352
71760,37.008677643,-118.710476979,20000,212.000,256.274,49.184,185.498
71820,36.981066477,-118.849174931,20000,212.000,256.189,49.166,185.644
71880,36.953455310,-118.987872884,20000,212.000,256.104,49.148,185.790
71940,36.925844144,-119.126570836,20000,212.000,256.019,49.130,185.936
72000,36.898232977,-119.265268788,20000,212.000,255.934,49.112,186.082
72060,36.870621811,-119.403966741,20000,212.000,255.849,49.094,186.228
72120,36.843010644,-119.542664693,20000,212.000,255.764,49.076,186.374
72180,36.815399478,-119.681362645,20000,212.000,255.680,49.058,186.520
72240,36.787225855,-119.819705944,20000,212.000,250.198,49.040,186.666
72300,36.758304554,-119.957577799,20000,212.000,237.542,49.023,186.814
72360,36.729383253,-120.095449654,20000,212.000,224.887,49.005,186.961
72420,36.700461952,-120.233321508,20000,212.000,212.231,48.988,187.109
72480,36.671540651,-120.371193363,20000,212.000,199.575,48.971,187.256
72540,36.642619350,-120.509065217,20000,212.000,186.920,48.954,187.404
72600,36.613698048,-120.646937072,20000,212.000,174.264,48.936,187.551
72660,36.556958351,-120.725856318,20000,212.000,165.698,48.898,187.778
72720,36.446801913,-120.691575068,20000,212.000,164.985,48.821,188.156
72780,36.354155276,-120.661083425,20000,212.000,164.891,48.767,188.532
72840,36.264154255,-120.631164368,20000,212.000,164.891,48.717,188.907
72900,36.174153233,-120.601245310,20000,212.000,164.891,48.666,189.282
