src/Components/missions/ACEPOL/Plans/ACEPOL-Flt-plan_er2_20171031_RA.ict
42, 1001
kknobels
NASA Ames Research Center
Simulated flight plan
ACEPOL
1,1
2017,10,31,2017,10,31
60
Start_UTC, seconds from midnight UTC, time keeping
7
1,1,1,1,1,1,1
-9999,-9999,-9999,-9999,-9999,-9999,-9999
Latitude, Degrees (North positive), Planned latitude position of the aircraft
Longitude, Degrees (East positive), Planned longitude position of the aircraft
Altitude, meters (above sea level), Planned altitude of the aircraft
speed, meters per second (m/s), Estimated speed of aircraft
Bearing, degrees from north, Direction of travel of the plane per respect to north
SZA, degrees from zenith, Elevation position of the sun in the sky per respect to zenith
AZI, degrees from north, Azimuthal position of the sun in the sky per respect to north
1
Simulated aircraft data interpolated from flight plan waypoints
20
-----------------------------------------------------------------------------
PI_CONTACT_INFO: kknobels
PLATFORM: er2
LOCATION: N/A
ASSOCIATED_DATA: N/A
INSTRUMENT_INFO: None
DATA_INFO: Compiled with flight planner: moving lines v1.2
UNCERTAINTY: Undefined
ULOD_FLAG: -7777
ULOD_VALUE: N/A
LLOD_FLAG: -8888
LLOD_VALUE: N/A
DM_CONTACT_INFO: Samuel LeBlanc, samuel.leblanc@nasa.gov
PROJECT_INFO: ACEPOL
STIPULATIONS_ON_USE: None
OTHER_COMMENTS: N/A
REVISION: RA
RA: First iteration of the flight plan
-----------------------------------------------------------------------------
Start_UTC,Latitude,Longitude,Altitude,speed,Bearing,SZA,AZI
63000,34.629444444,-118.084444444,  775,150.000,357.856,57.348,143.065
63060,34.739803822,-118.089649459, 1478,152.118,354.744,57.332,143.355
63120,34.850163200,-118.094854473, 2181,154.236,351.631,57.316,143.646
63180,34.960522578,-118.100059487, 2884,156.354,348.519,57.300,143.936
63240,35.070881956,-118.105264501, 3587,158.472,345.407,57.285,144.226
63300,35.181241334,-118.110469515, 4291,160.590,342.295,57.269,144.517
63360,35.291600712,-118.115674529, 4994,162.708,339.182,57.253,144.807
63420,35.401960090,-118.120879543, 5697,164.826,336.070,57.237,145.097
63480,35.512319468,-118.126084557, 6400,166.944,332.958,57.221,145.387
63540,35.622678846,-118.131289571, 7103,169.062,329.845,57.205,145.678
63600,35.733038224,-118.136494585, 7806,171.180,326.733,57.190,145.968
63660,35.843397602,-118.141699600, 8509,173.298,323.621,57.174,146.258
63720,35.953756980,-118.146904614, 9212,175.416,320.509,57.158,146.548
63780,36.064116358,-118.152109628, 9915,177.534,317.396,57.142,146.839
63840,36.174475736,-118.157314642,10618,179.652,314.284,57.126,147.129
63900,36.284835114,-118.162519656,11322,181.770,311.172,57.111,147.419
63960,36.395194492,-118.167724670,12025,183.888,308.059,57.095,147.710
64020,36.505553870,-118.172929684,12728,186.006,304.947,57.079,148.000
64080,36.615913248,-118.178134698,13431,188.124,301.835,57.063,148.290
64140,36.726272626,-118.183339712,14134,190.242,298.723,57.047,148.580
64200,36.836632004,-118.188544727,14837,192.360,295.610,57.032,148.871
64260,36.946991382,-118.193749741,15540,194.478,292.498,57.016,149.161
64320,37.057350760,-118.198954755,16243,196.596,289.386,57.000,149.451
64380,37.167710138,-118.204159769,16946,198.714,286.274,56.984,149.741
64440,37.278069516,-118.209364783,17649,200.832,283.161,56.968,150.032
64500,37.388428894,-118.214569797,18353,202.950,280.049,56.953,150.322
64560,37.491071130,-118.230263925,19000,204.900,277.137,56.936,150.599
64620,37.503874482,-118.368066772,19000,204.900,276.563,56.904,150.723
64680,37.516677835,-118.505869619,19000,204.900,275.988,56.873,150.846
64740,37.529481187,-118.643672466,19000,204.900,275.413,56.842,150.970
64800,37.542284539,-118.781475312,19000,204.900,274.839,56.811,151.093
64860,37.555087892,-118.919278159,19000,204.900,274.264,56.780,151.217
64920,37.567891244,-119.057081006,19000,204.900,273.689,56.748,151.341
64980,37.580694597,-119.194883853,19000,204.900,273.115,56.717,151.464
65040,37.593497949,-119.332686700,19000,204.900,272.540,56.686,151.588
65100,37.606301301,-119.470489547,19000,204.900,271.965,56.655,151.711
65160,37.619104654,-119.608292393,19000,204.900,271.391,56.624,151.835
65220,37.631908006,-119.746095240,19000,204.900,270.816,56.592,151.959
65280,37.641822815,-119.884274804,19000,204.900,270.353,56.559,152.081
65340,37.641866439,-120.023741743,19000,204.900,270.272,56.519,152.200
65400,37.641910064,-120.163208682,19000,204.900,270.192,56.479,152.319
65460,37.641953688,-120.302675621,19000,204.900,270.111,56.439,152.439
65520,37.641997313,-120.442142560,19000,204.900,270.031,56.399,152.558
65580,37.642040937,-120.581609499,19000,204.900,269.950,56.359,152.677
65640,37.642084562,-120.721076438,19000,204.900,269.870,56.319,152.796
65700,37.642128187,-120.860543377,19000,204.900,269.789,56.279,152.915
65760,37.642115883,-120.999833317,19000,204.900,269.491,56.239,153.034
65820,37.640812418,-121.135037031,19000,204.900,264.177,56.197,153.159
65880,37.639508952,-121.270240745,19000,204.900,258.862,56.156,153.284
65940,37.638205486,-121.405444459,19000,204.900,253.548,56.115,153.408
66000,37.636902021,-121.540648173,19000,204.900,248.233,56.074,153.533
66060,37.635598555,-121.675851887,19000,204.900,242.919,56.032,153.657
66120,37.634295090,-121.811055600,19000,204.900,237.604,55.991,153.782
66180,37.632991624,-121.946259314,19000,204.900,232.290,55.950,153.907
66240,37.631688158,-122.081463028,19000,204.900,226.975,55.909,154.031
66300,37.630384693,-122.216666742,19000,204.900,221.661,55.867,154.156
66360,37.619999804,-122.343986728,19000,204.900,219.082,55.815,154.287
66420,37.544968568,-122.415186194,19000,204.900,235.983,55.687,154.461
66480,37.470951705,-122.487888971,19000,204.900,252.471,55.560,154.634
66540,37.436890899,-122.619807011,19000,204.900,252.696,55.490,154.755
66600,37.402830094,-122.751725051,19000,204.900,252.921,55.420,154.876
66660,37.368769288,-122.883643092,19000,204.900,253.147,55.350,154.997
66720,37.334708483,-123.015561132,19000,204.900,253.372,55.280,155.118
66780,37.300647677,-123.147479172,19000,204.900,253.597,55.210,155.239
66840,37.266586872,-123.279397212,19000,204.900,253.822,55.140,155.359
66900,37.232526066,-123.411315253,19000,204.900,254.048,55.070,155.480
66960,37.198465261,-123.543233293,19000,204.900,254.273,55.000,155.601
67020,37.164404455,-123.675151333,19000,204.900,254.498,54.931,155.722
67080,37.130343650,-123.807069374,19000,204.900,254.723,54.861,155.843
67140,37.096282844,-123.938987414,19000,204.900,254.949,54.791,155.964
67200,37.066659199,-124.070141465,19000,204.900,253.806,54.726,156.090
67260,37.037344731,-124.201242283,19000,204.900,252.568,54.662,156.216
67320,37.008030262,-124.332343100,19000,204.900,251.329,54.598,156.342
67380,36.978715794,-124.463443918,19000,204.900,250.091,54.534,156.468
67440,36.949401325,-124.594544735,19000,204.900,248.853,54.470,156.594
67500,36.920086857,-124.725645553,19000,204.900,247.615,54.406,156.720
67560,36.890772388,-124.856746370,19000,204.900,246.377,54.342,156.847
67620,36.861457920,-124.987847188,19000,204.900,245.138,54.278,156.973
67680,36.832143451,-125.118948006,19000,204.900,243.900,54.214,157.099
67740,36.802828983,-125.250048823,19000,204.900,242.662,54.150,157.225
67800,36.773514514,-125.381149641,19000,204.900,241.424,54.086,157.351
67860,36.744200046,-125.512250458,19000,204.900,240.186,54.022,157.477
67920,36.714885577,-125.643351276,19000,204.900,238.947,53.958,157.603
67980,36.685571109,-125.774452093,19000,204.900,237.709,53.894,157.729
68040,36.650930453,-125.899730088,19000,204.900,234.290,53.823,157.861
68100,36.596083184,-126.002917322,19000,204.900,222.597,53.729,158.015
68160,36.541235916,-126.106104556,19000,204.900,210.904,53.635,158.168
68220,36.486388647,-126.209291789,19000,204.900,199.211,53.540,158.322
68280,36.431541379,-126.312479023,19000,204.900,187.518,53.446,158.475
68340,36.376694111,-126.415666257,19000,204.900,175.825,53.352,158.628
68400,36.321846842,-126.518853491,19000,204.900,164.132,53.258,158.782
68460,36.229213098,-126.510701685,19000,204.900,161.293,53.098,159.058
68520,36.124575383,-126.467179804,19000,204.900,161.268,52.919,159.372
68580,36.019937668,-126.423657923,19000,204.900,161.242,52.739,159.687
68640,35.915299953,-126.380136041,19000,204.900,161.217,52.559,160.002
68700,35.810662239,-126.336614160,19000,204.900,161.191,52.380,160.316
68760,35.706024524,-126.293092279,19000,204.900,161.166,52.200,160.631
68820,35.605893658,-126.251443142,19000,204.900,156.546,52.027,160.948
68880,35.517123788,-126.214514876,19000,204.900,140.344,51.871,161.270
68940,35.428353918,-126.177586610,19000,204.900,124.142,51.716,161.593
69000,35.339584047,-126.140658344,19000,204.900,107.940,51.560,161.915
69060,35.250814177,-126.103730078,19000,204.900,91.739,51.404,162.237
69120,35.162044307,-126.066801812,19000,204.900,75.537,51.248,162.559
69180,35.073274437,-126.029873546,19000,204.900,59.335,51.092,162.882
69240,34.984504567,-125.992945280,19000,204.900,43.133,50.936,163.204
69300,34.895734697,-125.956017014,19000,204.900,26.932,50.781,163.526
69360,34.949108264,-125.912671640,19000,204.900,44.558,50.768,163.894
69420,35.029310039,-125.868115098,19000,204.900,68.570,50.782,164.270
69480,35.109511815,-125.823558556,19000,204.900,92.582,50.796,164.646
69540,35.189713590,-125.779002014,19000,204.900,116.594,50.810,165.022
69600,35.269915366,-125.734445473,19000,204.900,140.605,50.824,165.398
69660,35.350117141,-125.689888931,19000,204.900,164.617,50.838,165.774
69720,35.281974186,-125.661617191,19000,204.900,169.683,50.719,166.104
69780,35.173400083,-125.637783851,19000,204.900,169.585,50.562,166.423
69840,35.064825979,-125.613950511,19000,204.900,169.487,50.406,166.741
69900,34.956251875,-125.590117171,19000,204.900,169.390,50.250,167.059
69960,34.847677771,-125.566283831,19000,204.900,169.292,50.094,167.378
70020,34.739103668,-125.542450492,19000,204.900,169.194,49.937,167.696
70080,34.630529564,-125.518617152,19000,204.900,169.097,49.781,168.014
70140,34.539347507,-125.497471778,19000,204.900,149.692,49.651,168.342
70200,34.448279890,-125.476344091,19000,204.900,130.161,49.520,168.671
70260,34.357212273,-125.455216403,19000,204.900,110.629,49.389,168.999
70320,34.266144656,-125.434088716,19000,204.900,91.098,49.259,169.327
70380,34.175077039,-125.412961029,19000,204.900,71.566,49.128,169.655
70440,34.084009422,-125.391833342,19000,204.900,52.035,48.998,169.983
70500,33.992941805,-125.370705655,19000,204.900,32.503,48.867,170.311
70560,33.901874188,-125.349577968,19000,204.900,12.972,48.736,170.639
70620,33.934476333,-125.334939630,19000,204.900,39.738,48.737,170.979
70680,34.005346347,-125.322309331,19000,204.900,80.830,48.778,171.322
70740,34.076216360,-125.309679032,19000,204.900,121.922,48.819,171.666
70800,34.147086373,-125.297048732,19000,204.900,163.014,48.860,172.009
70860,34.217956386,-125.284418433,19000,204.900,204.106,48.900,172.352
70920,34.288826399,-125.271788134,19000,204.900,245.198,48.941,172.696
70980,34.359696412,-125.259157834,19000,204.900,286.290,48.982,173.039
71040,34.430566425,-125.246527535,19000,204.900,327.383,49.023,173.383
71100,34.504291297,-125.236867365,19000,204.900,359.483,49.070,173.721
71160,34.588202596,-125.237804921,19000,204.900,359.502,49.139,174.044
71220,34.672113896,-125.238742478,19000,204.900,359.521,49.207,174.366
71280,34.756025196,-125.239680034,19000,204.900,359.539,49.276,174.688
71340,34.839936495,-125.240617591,19000,204.900,359.558,49.344,175.011
71400,34.923847795,-125.241555147,19000,204.900,359.576,49.413,175.333
71460,35.007759095,-125.242492703,19000,204.900,359.595,49.482,175.655
71520,35.091670394,-125.243430260,19000,204.900,359.614,49.550,175.977
71580,35.175581694,-125.244367816,19000,204.900,359.632,49.619,176.300
71640,35.259492993,-125.245305373,19000,204.900,359.651,49.687,176.622
71700,35.343404293,-125.246242929,19000,204.900,359.670,49.756,176.944
71760,35.427315593,-125.247180485,19000,204.900,359.688,49.825,177.267
71820,35.511226892,-125.248118042,19000,204.900,359.707,49.893,177.589
71880,35.595720060,-125.248877891,19000,204.900,347.971,49.968,177.907
71940,35.680988355,-125.249401009,19000,204.900,320.576,50.052,178.221
72000,35.766256649,-125.249924127,19000,204.900,293.182,50.136,178.535
72060,35.851524944,-125.250447246,19000,204.900,265.787,50.220,178.849
72120,35.936793238,-125.250970364,19000,204.900,238.392,50.304,179.163
72180,36.022061533,-125.251493482,19000,204.900,210.997,50.388,179.476
72240,36.107329827,-125.252016601,19000,204.900,183.603,50.472,179.790
72300,36.192598122,-125.252539719,19000,204.900,156.208,50.556,180.104
72360,36.277866416,-125.253062838,19000,204.900,128.813,50.640,180.418
72420,36.363134711,-125.253585956,19000,204.900,101.419,50.724,180.731
72480,36.448403005,-125.254109074,19000,204.900,74.024,50.808,181.045
72540,36.533671299,-125.254632193,19000,204.900,46.629,50.892,181.359
72600,36.608447534,-125.162365331,19000,204.900,49.548,50.976,181.785
72660,36.682868840,-125.066959542,19000,204.900,53.493,51.060,182.215
72720,36.753807130,-124.966635460,19000,204.900,56.462,51.143,182.649
72780,36.814175782,-124.851386215,19000,204.900,56.472,51.226,183.096
72840,36.874544435,-124.736136969,19000,204.900,56.482,51.309,183.544
72900,36.934913087,-124.620887724,19000,204.900,56.492,51.391,183.991
72960,36.995281740,-124.505638478,19000,204.900,56.502,51.474,184.439
73020,37.055650392,-124.390389233,19000,204.900,56.511,51.556,184.886
73080,37.116019045,-124.275139987,19000,204.900,56.521,51.639,185.333
73140,37.176387697,-124.159890742,19000,204.900,56.531,51.722,185.781
73200,37.236747391,-124.044630224,19000,204.900,56.506,51.805,186.228
73260,37.296747014,-123.928916664,19000,204.900,55.076,51.905,186.667
73320,37.356746638,-123.813203104,19000,204.900,53.646,52.005,187.106
73380,37.416746261,-123.697489544,19000,204.900,52.216,52.106,187.545
73440,37.476745885,-123.581775984,19000,204.900,50.787,52.206,187.984
73500,37.536745509,-123.466062424,19000,204.900,49.357,52.306,188.423
73560,37.596745132,-123.350348865,19000,204.900,47.927,52.407,188.862
73620,37.656744756,-123.234635305,19000,204.900,46.497,52.507,189.301
73680,37.716744380,-123.118921745,19000,204.900,45.068,52.607,189.739
73740,37.787339111,-123.014026881,19000,204.900,45.211,52.726,190.157
73800,37.865006644,-122.916354074,19000,204.900,46.406,52.856,190.561
73860,37.942674177,-122.818681268,19000,204.900,47.600,52.987,190.964
73920,38.020341710,-122.721008461,19000,204.900,48.794,53.118,191.368
73980,38.098009243,-122.623335655,19000,204.900,49.988,53.248,191.771
74040,38.175676775,-122.525662849,19000,204.900,51.183,53.379,192.175
74100,38.253344308,-122.427990042,19000,204.900,52.377,53.510,192.578
74160,38.331011841,-122.330317236,19000,204.900,53.571,53.640,192.982
74220,38.396567308,-122.217088873,19000,204.900,53.586,53.778,193.393
74280,38.461202027,-122.102677992,19000,204.900,53.511,53.917,193.804
74340,38.525836746,-121.988267110,19000,204.900,53.435,54.055,194.215
74400,38.590471465,-121.873856228,19000,204.900,53.360,54.193,194.626
74460,38.655106184,-121.759445347,19000,204.900,53.285,54.332,195.037
74520,38.719740902,-121.645034465,19000,204.900,53.210,54.470,195.448
74580,38.784375621,-121.530623583,19000,204.900,53.134,54.609,195.859
74640,38.849010340,-121.416212702,19000,204.900,53.059,54.747,196.270
74700,38.913645059,-121.301801820,19000,204.900,52.984,54.885,196.681
74760,38.978279778,-121.187390938,19000,204.900,52.909,55.024,197.092
74820,39.042914497,-121.072980057,19000,204.900,52.833,55.162,197.503
74880,39.107549216,-120.958569175,19000,204.900,52.758,55.301,197.914
74940,39.173000714,-120.844849142,19000,204.900,53.574,55.455,198.311
75000,39.238682956,-120.731324278,19000,204.900,54.642,55.613,198.703
75060,39.304365199,-120.617799414,19000,204.900,55.711,55.772,199.095
75120,39.370047442,-120.504274551,19000,204.900,56.779,55.931,199.487
75180,39.435729684,-120.390749687,19000,204.900,57.847,56.089,199.879
75240,39.501411927,-120.277224823,19000,204.900,58.915,56.248,200.271
75300,39.567094170,-120.163699959,19000,204.900,59.983,56.406,200.664
75360,39.632776412,-120.050175095,19000,204.900,61.051,56.565,201.056
75420,39.698458655,-119.936650231,19000,204.900,62.119,56.723,201.448
75480,39.764140898,-119.823125367,19000,204.900,63.187,56.882,201.840
75540,39.829823140,-119.709600503,19000,204.900,64.255,57.040,202.232
75600,39.872347348,-119.616112214,19000,204.900,90.071,57.178,202.601
75660,39.902314178,-119.533488697,19000,204.900,129.305,57.305,202.957
75720,39.924577481,-119.453624571,19000,204.900,166.340,57.424,203.312
75780,39.817215847,-119.420191860,19000,204.900,166.347,57.420,203.647
75840,39.709854214,-119.386759150,19000,204.900,166.355,57.417,203.983
75900,39.602492581,-119.353326439,19000,204.900,166.363,57.413,204.319
75960,39.495130948,-119.319893729,19000,204.900,166.371,57.409,204.655
76020,39.387769315,-119.286461018,19000,204.900,166.378,57.406,204.990
76080,39.280407682,-119.253028308,19000,204.900,166.386,57.402,205.326
76140,39.173046049,-119.219595597,19000,204.900,166.394,57.398,205.662
76200,39.065684416,-119.186162886,19000,204.900,166.401,57.395,205.998
76260,38.958322783,-119.152730176,19000,204.900,166.409,57.391,206.333
76320,38.850961149,-119.119297465,19000,204.900,166.417,57.387,206.669
76380,38.743599516,-119.085864755,19000,204.900,166.425,57.384,207.005
76440,38.641483392,-119.055181655,19000,204.900,160.680,57.408,207.330
76500,38.539858864,-119.024756242,19000,204.900,154.397,57.435,207.655
