src/Components/missions/ACEPOL/Plans/ACEPOL-Flt-plan_er2_20171024_RJ.ict
43, 1001
rferrare
NASA Ames Research Center
Simulated flight plan
ACEPOL
1,1
2017,10,24,2017,10,24
60
Start_UTC, seconds from midnight UTC, time keeping
7
1,1,1,1,1,1,1
-9999,-9999,-9999,-9999,-9999,-9999,-9999
Latitude, Degrees (North positive), Planned latitude position of the aircraft
Longitude, Degrees (East positive), Planned longitude position of the aircraft
Altitude, meters (above sea level), Planned altitude of the aircraft
speed, meters per second (m/s), Estimated speed of aircraft
Bearing, degrees from north, Direction of travel of the plane per respect to north
SZA, degrees from zenith, Elevation position of the sun in the sky per respect to zenith
AZI, degrees from north, Azimuthal position of the sun in the sky per respect to north
1
Simulated aircraft data interpolated from flight plan waypoints
21
-----------------------------------------------------------------------------
PI_CONTACT_INFO: rferrare
PLATFORM: er2
LOCATION: N/A
ASSOCIATED_DATA: N/A
INSTRUMENT_INFO: None
DATA_INFO: Compiled with flight planner: moving lines v1.09
UNCERTAINTY: Undefined
ULOD_FLAG: -7777
ULOD_VALUE: N/A
LLOD_FLAG: -8888
LLOD_VALUE: N/A
DM_CONTACT_INFO: Samuel LeBlanc, samuel.leblanc@nasa.gov
PROJECT_INFO: ACEPOL
STIPULATIONS_ON_USE: None
OTHER_COMMENTS: N/A
REVISION: RJ
RJ: Version 10 of the flight plan ict 
  RA: First iteration of the flight plan
-----------------------------------------------------------------------------
Start_UTC,Latitude,Longitude,Altitude,speed,Bearing,SZA,AZI
59400,34.629444444,-118.084444444,  775,150.000,351.524,64.192,127.850
59460,34.686792608,-118.095021451, 1529,152.433,351.338,64.082,128.077
59520,34.744140771,-118.105598457, 2284,154.866,351.152,63.972,128.303
59580,34.801488935,-118.116175463, 3038,157.299,350.967,63.862,128.530
59640,34.858837098,-118.126752469, 3793,159.732,350.781,63.751,128.756
59700,34.916185261,-118.137329476, 4547,162.165,350.595,63.641,128.983
59760,34.973533425,-118.147906482, 5302,164.598,350.410,63.531,129.209
59820,35.030881588,-118.158483488, 6056,167.031,350.224,63.421,129.436
59880,35.088229752,-118.169060494, 6810,169.464,350.038,63.311,129.662
59940,35.145577915,-118.179637500, 7565,171.897,349.853,63.200,129.889
60000,35.202926078,-118.190214507, 8319,174.330,349.667,63.090,130.115
60060,35.260274242,-118.200791513, 9074,176.763,349.481,62.980,130.342
60120,35.317622405,-118.211368519, 9828,179.196,349.295,62.870,130.568
60180,35.374970568,-118.221945525,10583,181.629,349.110,62.760,130.795
60240,35.432318732,-118.232522531,11337,184.062,348.924,62.649,131.021
60300,35.489666895,-118.243099538,12091,186.495,348.738,62.539,131.248
60360,35.547015059,-118.253676544,12846,188.928,348.553,62.429,131.474
60420,35.604363222,-118.264253550,13600,191.361,348.367,62.319,131.701
60480,35.661711385,-118.274830556,14355,193.794,348.181,62.209,131.927
60540,35.719059549,-118.285407563,15109,196.227,347.996,62.098,132.154
60600,35.776407712,-118.295984569,15864,198.660,347.810,61.988,132.380
60660,35.833755876,-118.306561575,16618,201.093,347.624,61.878,132.607
60720,35.891104039,-118.317138581,17372,203.526,347.438,61.768,132.833
60780,35.948452202,-118.327715587,18127,205.959,347.253,61.658,133.060
60840,36.005800366,-118.338292594,18881,208.392,347.067,61.547,133.286
60900,36.063148529,-118.348869600,19636,210.825,346.881,61.437,133.513
60960,36.142231417,-118.369137445,20000,212.000,340.362,61.356,133.746
61020,36.241618344,-118.398458232,20000,212.000,327.925,61.301,133.986
61080,36.341005271,-118.427779018,20000,212.000,315.489,61.246,134.227
61140,36.440392198,-118.457099805,20000,212.000,303.053,61.192,134.467
61200,36.539779125,-118.486420591,20000,212.000,290.616,61.137,134.707
61260,36.639166052,-118.515741378,20000,212.000,278.180,61.082,134.947
61320,36.738552979,-118.545062164,20000,212.000,265.743,61.028,135.187
61380,36.837939906,-118.574382951,20000,212.000,253.307,60.973,135.428
61440,36.937326833,-118.603703737,20000,212.000,240.871,60.919,135.668
61500,37.036713760,-118.633024524,20000,212.000,228.434,60.864,135.908
61560,37.136100687,-118.662345310,20000,212.000,215.998,60.809,136.148
61620,37.235487614,-118.691666097,20000,212.000,203.561,60.755,136.388
61680,37.190963314,-118.733792798,20000,212.000,196.233,60.607,136.565
61740,37.083314502,-118.781536623,20000,212.000,191.145,60.418,136.713
61800,36.975665690,-118.829280447,20000,212.000,186.057,60.229,136.861
61860,36.868016878,-118.877024272,20000,212.000,180.969,60.041,137.009
61920,36.760368066,-118.924768097,20000,212.000,175.880,59.852,137.157
61980,36.652719253,-118.972511921,20000,212.000,170.792,59.663,137.305
62040,36.545070441,-119.020255746,20000,212.000,165.704,59.474,137.453
62100,36.437421629,-119.067999570,20000,212.000,160.616,59.286,137.601
62160,36.329772817,-119.115743395,20000,212.000,155.528,59.097,137.749
62220,36.222124005,-119.163487220,20000,212.000,150.440,58.908,137.897
62280,36.114475192,-119.211231044,20000,212.000,145.352,58.719,138.045
62340,36.006826380,-119.258974869,20000,212.000,140.264,58.531,138.193
62400,35.911317450,-119.230099028,20000,212.000,137.908,58.312,138.426
62460,35.826013142,-119.136817712,20000,212.000,137.851,58.068,138.730
62520,35.740708835,-119.043536397,20000,212.000,137.793,57.823,139.034
62580,35.655404528,-118.950255081,20000,212.000,137.735,57.579,139.338
62640,35.570100221,-118.856973765,20000,212.000,137.677,57.335,139.642
62700,35.484795913,-118.763692449,20000,212.000,137.619,57.091,139.946
62760,35.399491606,-118.670411133,20000,212.000,137.562,56.846,140.250
62820,35.314187299,-118.577129818,20000,212.000,137.504,56.602,140.554
62880,35.228882992,-118.483848502,20000,212.000,137.446,56.358,140.858
62940,35.143578684,-118.390567186,20000,212.000,137.388,56.114,141.162
63000,35.058274377,-118.297285870,20000,212.000,137.330,55.870,141.466
63060,34.972970070,-118.204004555,20000,212.000,137.272,55.625,141.770
63120,34.887665762,-118.110723239,20000,212.000,137.215,55.381,142.074
63180,34.812015140,-118.027145247,20000,212.000,141.162,55.155,142.384
63240,34.741961260,-117.949192777,20000,212.000,147.431,54.940,142.699
63300,34.671907380,-117.871240307,20000,212.000,153.699,54.725,143.013
63360,34.601853500,-117.793287837,20000,212.000,159.968,54.510,143.328
63420,34.531799620,-117.715335367,20000,212.000,166.237,54.295,143.642
63480,34.461745739,-117.637382897,20000,212.000,172.506,54.080,143.957
63540,34.391691859,-117.559430427,20000,212.000,178.775,53.865,144.271
63600,34.321637979,-117.481477957,20000,212.000,185.043,53.650,144.586
63660,34.251584099,-117.403525486,20000,212.000,191.312,53.435,144.901
63720,34.181530219,-117.325573016,20000,212.000,197.581,53.220,145.215
63780,34.111476339,-117.247620546,20000,212.000,203.850,53.006,145.530
63840,34.041422459,-117.169668076,20000,212.000,210.119,52.791,145.844
63900,34.019322087,-117.149821175,20000,212.000,248.777,52.646,146.125
63960,34.015788296,-117.152471518,20000,212.000,299.975,52.529,146.393
64020,34.068988428,-117.213121001,20000,212.000,318.171,52.489,146.623
64080,34.153372425,-117.305649776,20000,212.000,318.228,52.490,146.830
64140,34.237756422,-117.398178551,20000,212.000,318.284,52.492,147.038
64200,34.322140418,-117.490707325,20000,212.000,318.341,52.494,147.246
64260,34.406524415,-117.583236100,20000,212.000,318.397,52.496,147.454
64320,34.490908412,-117.675764875,20000,212.000,318.454,52.497,147.661
64380,34.575292409,-117.768293650,20000,212.000,318.510,52.499,147.869
64440,34.659676406,-117.860822425,20000,212.000,318.567,52.501,148.077
64500,34.744060403,-117.953351200,20000,212.000,318.623,52.503,148.285
64560,34.828444400,-118.045879975,20000,212.000,318.679,52.504,148.492
64620,34.913563822,-118.138657754,20000,212.000,302.572,52.511,148.701
64680,34.999046806,-118.231558629,20000,212.000,278.473,52.520,148.910
64740,35.084529791,-118.324459504,20000,212.000,254.374,52.529,149.118
64800,35.170012776,-118.417360380,20000,212.000,230.276,52.538,149.327
64860,35.255495760,-118.510261255,20000,212.000,206.177,52.547,149.536
64920,35.340978745,-118.603162131,20000,212.000,182.078,52.556,149.745
64980,35.426461730,-118.696063006,20000,212.000,157.980,52.565,149.954
65040,35.511944714,-118.788963882,20000,212.000,133.881,52.574,150.163
65100,35.597427699,-118.881864757,20000,212.000,109.782,52.583,150.372
65160,35.682910684,-118.974765633,20000,212.000,85.683,52.592,150.580
65220,35.741610505,-118.966617621,20000,212.000,79.372,52.544,150.896
65280,35.770715577,-118.846813024,20000,212.000,92.714,52.431,151.330
65340,35.799820649,-118.727008427,20000,212.000,106.056,52.319,151.763
65400,35.828925720,-118.607203829,20000,212.000,119.398,52.206,152.197
65460,35.858030792,-118.487399232,20000,212.000,132.741,52.093,152.630
65520,35.887135864,-118.367594635,20000,212.000,146.083,51.981,153.064
65580,35.916240935,-118.247790037,20000,212.000,159.425,51.868,153.497
65640,35.945346007,-118.127985440,20000,212.000,172.768,51.756,153.931
65700,35.918723872,-118.055624869,20000,212.000,180.895,51.614,154.295
65760,35.804472140,-118.057868806,20000,212.000,180.820,51.427,154.549
65820,35.690220409,-118.060112742,20000,212.000,180.746,51.239,154.804
65880,35.575968678,-118.062356679,20000,212.000,180.672,51.052,155.059
65940,35.461716947,-118.064600616,20000,212.000,180.598,50.864,155.313
66000,35.347465215,-118.066844553,20000,212.000,180.524,50.677,155.568
66060,35.233213484,-118.069088489,20000,212.000,180.450,50.489,155.823
66120,35.118961753,-118.071332426,20000,212.000,180.375,50.302,156.077
66180,35.004710021,-118.073576363,20000,212.000,180.301,50.114,156.332
66240,34.890458290,-118.075820300,20000,212.000,180.227,49.927,156.587
66300,34.776196795,-118.076833833,20000,212.000,187.502,49.743,156.853
66360,34.661931147,-118.077323936,20000,212.000,197.904,49.560,157.124
66420,34.547665499,-118.077814040,20000,212.000,208.306,49.378,157.396
66480,34.433399851,-118.078304143,20000,212.000,218.708,49.195,157.667
66540,34.319134203,-118.078794247,20000,212.000,229.110,49.013,157.938
66600,34.204868555,-118.079284350,20000,212.000,239.512,48.830,158.209
66660,34.090602907,-118.079774454,20000,212.000,249.914,48.648,158.481
66720,33.976337259,-118.080264557,20000,212.000,260.316,48.466,158.752
66780,33.862071611,-118.080754661,20000,212.000,270.718,48.283,159.023
66840,33.747805962,-118.081244764,20000,212.000,281.120,48.101,159.295
66900,33.633540314,-118.081734868,20000,212.000,291.522,47.918,159.566
66960,33.551864786,-118.098961519,20000,212.000,290.914,47.772,159.828
67020,33.588677107,-118.177037213,20000,212.000,250.274,47.760,160.057
67080,33.625489429,-118.255112907,20000,212.000,209.634,47.747,160.286
67140,33.662301750,-118.333188601,20000,212.000,168.994,47.734,160.515
67200,33.699114072,-118.411264295,20000,212.000,128.355,47.722,160.744
67260,33.735926393,-118.489339989,20000,212.000,87.715,47.709,160.973
67320,33.772738715,-118.567415683,20000,212.000,47.075,47.696,161.202
67380,33.836771742,-118.593304261,20000,212.000,22.580,47.701,161.505
67440,33.942176112,-118.539876340,20000,212.000,22.623,47.730,161.921
67500,34.047580482,-118.486448418,20000,212.000,22.665,47.760,162.337
67560,34.152984851,-118.433020496,20000,212.000,22.707,47.790,162.753
67620,34.258389221,-118.379592575,20000,212.000,22.750,47.820,163.168
67680,34.363793591,-118.326164653,20000,212.000,22.792,47.850,163.584
67740,34.469197961,-118.272736731,20000,212.000,22.835,47.879,164.000
67800,34.574602331,-118.219308810,20000,212.000,22.877,47.909,164.416
67860,34.680006701,-118.165880888,20000,212.000,22.919,47.939,164.831
67920,34.785411071,-118.112452967,20000,212.000,22.962,47.969,165.247
67980,34.890703654,-118.058471346,20000,212.000,26.595,48.005,165.662
68040,34.995766050,-118.003349575,20000,212.000,37.621,48.055,166.076
68100,35.100828447,-117.948227805,20000,212.000,48.647,48.105,166.490
68160,35.205890844,-117.893106034,20000,212.000,59.673,48.154,166.903
68220,35.310953240,-117.837984264,20000,212.000,70.699,48.204,167.317
68280,35.416015637,-117.782862493,20000,212.000,81.725,48.254,167.730
68340,35.521078033,-117.727740723,20000,212.000,92.752,48.303,168.144
68400,35.626140430,-117.672618952,20000,212.000,103.778,48.353,168.558
68460,35.731202826,-117.617497182,20000,212.000,114.804,48.403,168.971
68520,35.836265223,-117.562375411,20000,212.000,125.830,48.453,169.385
68580,35.941327620,-117.507253641,20000,212.000,136.856,48.502,169.798
68640,35.868720860,-117.422728995,20000,212.000,150.152,48.391,170.225
68700,35.794379772,-117.337917332,20000,212.000,163.471,48.277,170.652
68760,35.720038684,-117.253105668,20000,212.000,176.789,48.164,171.079
68820,35.645697596,-117.168294004,20000,212.000,190.107,48.051,171.506
68880,35.571356508,-117.083482341,20000,212.000,203.425,47.938,171.933
68940,35.497015421,-116.998670677,20000,212.000,216.743,47.824,172.361
69000,35.422674333,-116.913859014,20000,212.000,230.061,47.711,172.788
69060,35.348333245,-116.829047350,20000,212.000,243.380,47.598,173.215
69120,35.296166283,-116.924301640,20000,212.000,245.317,47.531,173.414
69180,35.247854966,-117.050865857,20000,212.000,245.275,47.473,173.573
69240,35.199543648,-117.177430074,20000,212.000,245.234,47.415,173.733
69300,35.151232330,-117.303994291,20000,212.000,245.192,47.357,173.892
69360,35.102921013,-117.430558507,20000,212.000,245.150,47.298,174.052
69420,35.054609695,-117.557122724,20000,212.000,245.109,47.240,174.211
69480,35.006298378,-117.683686941,20000,212.000,245.067,47.182,174.371
69540,34.957987060,-117.810251158,20000,212.000,245.026,47.124,174.530
69600,34.909675743,-117.936815374,20000,212.000,244.984,47.066,174.689
69660,34.861364425,-118.063379591,20000,212.000,244.942,47.007,174.849
69720,34.812412811,-118.188921144,20000,212.000,223.496,46.951,175.012
69780,34.763387205,-118.314344520,20000,212.000,199.575,46.894,175.175
69840,34.714361600,-118.439767897,20000,212.000,175.655,46.838,175.338
69900,34.665335994,-118.565191273,20000,212.000,151.734,46.782,175.502
69960,34.616310389,-118.690614650,20000,212.000,127.814,46.725,175.665
70020,34.567284783,-118.816038026,20000,212.000,103.893,46.669,175.828
70080,34.518259178,-118.941461403,20000,212.000,79.973,46.612,175.992
70140,34.469233573,-119.066884779,20000,212.000,56.052,46.556,176.155
70200,34.420207967,-119.192308156,20000,212.000,32.132,46.500,176.318
70260,34.409444403,-119.279697913,20000,212.000,13.942,46.480,176.535
70320,34.520217699,-119.246276372,20000,212.000,13.954,46.579,176.921
70380,34.630990996,-119.212854832,20000,212.000,13.966,46.677,177.308
70440,34.741787408,-119.179112170,20000,212.000,13.882,46.781,177.691
70500,34.852587250,-119.145321877,20000,212.000,13.783,46.886,178.072
70560,34.963387091,-119.111531584,20000,212.000,13.684,46.991,178.454
70620,35.074186932,-119.077741291,20000,212.000,13.585,47.096,178.836
70680,35.184986773,-119.043950998,20000,212.000,13.486,47.201,179.218
70740,35.295786614,-119.010160706,20000,212.000,13.387,47.306,179.600
70800,35.386726226,-118.983030736,20000,212.000,35.857,47.399,179.967
70860,35.467847615,-118.959193403,20000,212.000,69.486,47.486,180.327
70920,35.548969004,-118.935356070,20000,212.000,103.114,47.572,180.688
70980,35.630090394,-118.911518738,20000,212.000,136.742,47.659,181.048
71040,35.711211783,-118.887681405,20000,212.000,170.371,47.746,181.408
71100,35.792333172,-118.863844072,20000,212.000,203.999,47.833,181.768
71160,35.873454561,-118.840006740,20000,212.000,237.628,47.920,182.129
71220,35.954575951,-118.816169407,20000,212.000,271.256,48.006,182.489
71280,36.035697340,-118.792332074,20000,212.000,304.884,48.093,182.849
71340,36.119529285,-118.792232201,20000,212.000,327.444,48.184,183.177
71400,36.210966147,-118.858731737,20000,212.000,318.948,48.284,183.412
71460,36.302403010,-118.925231274,20000,212.000,310.451,48.385,183.647
71520,36.393839873,-118.991730810,20000,212.000,301.955,48.485,183.882
71580,36.456943772,-119.104646995,20000,212.000,300.716,48.557,184.056
71640,36.514319367,-119.226947607,20000,212.000,300.944,48.622,184.217
71700,36.571694963,-119.349248218,20000,212.000,301.172,48.687,184.378
71760,36.629070559,-119.471548830,20000,212.000,301.401,48.752,184.540
71820,36.686446154,-119.593849442,20000,212.000,301.629,48.818,184.701
71880,36.743821750,-119.716150054,20000,212.000,301.857,48.883,184.862
71940,36.802424864,-119.837641431,20000,212.000,279.496,48.951,185.024
72000,36.862092134,-119.958431270,20000,212.000,237.553,49.020,185.185
72060,36.921759403,-120.079221108,20000,212.000,195.610,49.089,185.347
72120,36.981426673,-120.200010946,20000,212.000,153.666,49.159,185.509
72180,37.041093942,-120.320800785,20000,212.000,111.723,49.228,185.670
72240,37.100761212,-120.441590623,20000,212.000,69.780,49.298,185.832
72300,37.160549615,-120.561765627,20000,212.000,27.992,49.367,185.995
72360,37.256849248,-120.496621758,20000,212.000,33.173,49.497,186.383
72420,37.353148880,-120.431477889,20000,212.000,38.353,49.627,186.771
72480,37.449448512,-120.366334020,20000,212.000,43.533,49.757,187.160
72540,37.545748144,-120.301190151,20000,212.000,48.713,49.887,187.548
72600,37.642047776,-120.236046283,20000,212.000,53.893,50.017,187.937
72660,37.738347408,-120.170902414,20000,212.000,59.073,50.148,188.325
72720,37.834647041,-120.105758545,20000,212.000,64.253,50.278,188.713
72780,37.930946673,-120.040614676,20000,212.000,69.434,50.408,189.102
72840,38.027246305,-119.975470807,20000,212.000,74.614,50.538,189.490
72900,38.123545937,-119.910326938,20000,212.000,79.794,50.668,189.879
