src/Components/missions/ACEPOL/Plans/ACEPOL-Flt-plan_er2_20171023_RX.ict
43, 1001
rferrare
NASA Ames Research Center
Simulated flight plan
ACEPOL
1,1
2017,10,23,2017,10,23
60
Start_UTC, seconds from midnight UTC, time keeping
7
1,1,1,1,1,1,1
-9999,-9999,-9999,-9999,-9999,-9999,-9999
Latitude, Degrees (North positive), Planned latitude position of the aircraft
Longitude, Degrees (East positive), Planned longitude position of the aircraft
Altitude, meters (above sea level), Planned altitude of the aircraft
speed, meters per second (m/s), Estimated speed of aircraft
Bearing, degrees from north, Direction of travel of the plane per respect to north
SZA, degrees from zenith, Elevation position of the sun in the sky per respect to zenith
AZI, degrees from north, Azimuthal position of the sun in the sky per respect to north
1
Simulated aircraft data interpolated from flight plan waypoints
21
-----------------------------------------------------------------------------
PI_CONTACT_INFO: rferrare
PLATFORM: er2
LOCATION: N/A
ASSOCIATED_DATA: N/A
INSTRUMENT_INFO: None
DATA_INFO: Compiled with flight planner: moving lines v1.09
UNCERTAINTY: Undefined
ULOD_FLAG: -7777
ULOD_VALUE: N/A
LLOD_FLAG: -8888
LLOD_VALUE: N/A
DM_CONTACT_INFO: Samuel LeBlanc, samuel.leblanc@nasa.gov
PROJECT_INFO: ACEPOL
STIPULATIONS_ON_USE: None
OTHER_COMMENTS: N/A
REVISION: RX
RX: Version 24 of the flight plan ict 
  RA: First iteration of the flight plan
-----------------------------------------------------------------------------
Start_UTC,Latitude,Longitude,Altitude,speed,Bearing,SZA,AZI
146941200,34.629444444,-118.084444444,  775,150.000,337.911,59.291,134.017
146941260,34.711662259,-118.126211875, 1496,152.325,332.751,59.236,134.249
146941320,34.793880074,-118.167979306, 2217,154.650,327.590,59.181,134.481
146941380,34.876097889,-118.209746736, 2938,156.975,322.429,59.127,134.712
146941440,34.958315704,-118.251514167, 3659,159.300,317.269,59.072,134.944
146941500,35.040533519,-118.293281597, 4380,161.625,312.108,59.017,135.176
146941560,35.122751333,-118.335049028, 5101,163.950,306.947,58.963,135.408
146941620,35.204969148,-118.376816458, 5821,166.275,301.786,58.908,135.639
146941680,35.287186963,-118.418583889, 6542,168.600,296.626,58.853,135.871
146941740,35.369404778,-118.460351319, 7263,170.924,291.465,58.799,136.103
146941800,35.451622593,-118.502118750, 7984,173.249,286.304,58.744,136.334
146941860,35.533840407,-118.543886180, 8705,175.574,281.143,58.689,136.566
146941920,35.616058222,-118.585653611, 9426,177.899,275.983,58.635,136.798
146941980,35.698276037,-118.627421042,10147,180.224,270.822,58.580,137.030
146942040,35.780493852,-118.669188472,10868,182.549,265.661,58.525,137.261
146942100,35.862711667,-118.710955903,11589,184.874,260.500,58.471,137.493
146942160,35.944929482,-118.752723333,12310,187.199,255.340,58.416,137.725
146942220,36.027147296,-118.794490764,13031,189.524,250.179,58.361,137.956
146942280,36.109365111,-118.836258194,13752,191.849,245.018,58.307,138.188
146942340,36.191582926,-118.878025625,14472,194.174,239.857,58.252,138.420
146942400,36.273800741,-118.919793055,15193,196.499,234.697,58.197,138.652
146942460,36.356018556,-118.961560486,15914,198.824,229.536,58.143,138.883
146942520,36.438236371,-119.003327916,16635,201.149,224.375,58.088,139.115
146942580,36.520454185,-119.045095347,17356,203.474,219.214,58.033,139.347
146942640,36.602672000,-119.086862778,18077,205.799,214.054,57.979,139.578
146942700,36.684889815,-119.128630208,18798,208.124,208.893,57.924,139.810
146942760,36.767107630,-119.170397639,19519,210.449,203.732,57.869,140.042
146942820,36.787157138,-119.214010947,20000,212.000,199.491,57.772,140.250
146942880,36.682508711,-119.261326741,20000,212.000,197.094,57.588,140.411
146942940,36.577860285,-119.308642534,20000,212.000,194.697,57.405,140.572
146943000,36.473211858,-119.355958328,20000,212.000,192.299,57.221,140.732
146943060,36.368563431,-119.403274121,20000,212.000,189.902,57.038,140.893
146943120,36.263915005,-119.450589914,20000,212.000,187.505,56.854,141.054
146943180,36.159266578,-119.497905708,20000,212.000,185.108,56.670,141.215
146943240,36.054618152,-119.545221501,20000,212.000,182.710,56.487,141.376
146943300,35.949969725,-119.592537294,20000,212.000,180.313,56.303,141.536
146943360,35.845321298,-119.639853088,20000,212.000,177.916,56.120,141.697
146943420,35.740672872,-119.687168881,20000,212.000,175.519,55.936,141.858
146943480,35.636024445,-119.734484675,20000,212.000,173.122,55.753,142.019
146943540,35.531376018,-119.781800468,20000,212.000,170.724,55.569,142.180
146943600,35.426727592,-119.829116261,20000,212.000,168.327,55.386,142.340
146943660,35.322079165,-119.876432055,20000,212.000,165.930,55.202,142.501
146943720,35.231554333,-119.887144297,20000,212.000,146.781,55.012,142.708
146943780,35.155008060,-119.861628872,20000,212.000,111.051,54.815,142.961
146943840,35.078461786,-119.836113448,20000,212.000,75.321,54.619,143.215
146943900,35.097112370,-119.726412161,20000,212.000,68.335,54.463,143.602
146943960,35.138732222,-119.596398358,20000,212.000,68.283,54.317,144.021
146944020,35.180352074,-119.466384555,20000,212.000,68.232,54.171,144.441
146944080,35.221971926,-119.336370752,20000,212.000,68.180,54.025,144.861
146944140,35.263591778,-119.206356949,20000,212.000,68.128,53.879,145.280
146944200,35.305211631,-119.076343146,20000,212.000,68.077,53.734,145.700
146944260,35.344609278,-118.954176899,20000,212.000,75.302,53.598,146.117
146944320,35.382466699,-118.837449851,20000,212.000,87.572,53.469,146.533
146944380,35.420324119,-118.720722804,20000,212.000,99.841,53.339,146.948
146944440,35.458181540,-118.603995757,20000,212.000,112.110,53.210,147.364
146944500,35.496038961,-118.487268710,20000,212.000,124.380,53.081,147.780
146944560,35.533896382,-118.370541663,20000,212.000,136.649,52.952,148.196
146944620,35.571753802,-118.253814615,20000,212.000,148.918,52.823,148.611
146944680,35.527022354,-118.177174773,20000,212.000,160.161,52.646,148.956
146944740,35.437970365,-118.122047351,20000,212.000,170.853,52.442,149.262
146944800,35.347180959,-118.070875351,20000,212.000,180.811,52.239,149.563
146944860,35.233060133,-118.072819894,20000,212.000,180.914,52.039,149.800
146944920,35.118939307,-118.074764438,20000,212.000,181.018,51.840,150.037
146944980,35.004818481,-118.076708982,20000,212.000,181.121,51.640,150.275
146945040,34.890697655,-118.078653526,20000,212.000,181.225,51.441,150.512
146945100,34.776576830,-118.080598070,20000,212.000,181.328,51.242,150.749
146945160,34.662456004,-118.082542613,20000,212.000,181.432,51.042,150.987
146945220,34.558225014,-118.085257095,20000,212.000,191.681,50.853,151.232
146945280,34.458570556,-118.088327865,20000,212.000,206.626,50.670,151.482
146945340,34.358916097,-118.091398635,20000,212.000,221.570,50.486,151.731
146945400,34.259261639,-118.094469406,20000,212.000,236.515,50.302,151.981
146945460,34.159607180,-118.097540176,20000,212.000,251.460,50.119,152.230
146945520,34.059952721,-118.100610947,20000,212.000,266.404,49.935,152.480
146945580,33.960298263,-118.103681717,20000,212.000,281.349,49.751,152.730
146945640,33.971103780,-118.219999426,20000,212.000,280.486,49.709,152.896
146945700,33.990797159,-118.325438813,20000,212.000,255.113,49.674,153.076
146945760,34.010490539,-118.430878201,20000,212.000,229.739,49.640,153.256
146945820,34.030183918,-118.536317588,20000,212.000,204.366,49.605,153.436
146945880,34.049877297,-118.641756975,20000,212.000,178.993,49.570,153.615
146945940,34.069570677,-118.747196363,20000,212.000,153.620,49.535,153.795
146946000,34.089264056,-118.852635750,20000,212.000,128.247,49.500,153.975
146946060,34.108957435,-118.958075138,20000,212.000,102.874,49.466,154.155
146946120,34.128650815,-119.063514525,20000,212.000,77.501,49.431,154.335
146946180,34.148344194,-119.168953912,20000,212.000,52.128,49.396,154.515
146946240,34.168037573,-119.274393300,20000,212.000,26.755,49.361,154.695
146946300,34.229492280,-119.317653442,20000,212.000,12.949,49.344,154.966
146946360,34.340843378,-119.286621885,20000,212.000,12.963,49.348,155.345
146946420,34.452191442,-119.255553695,20000,212.000,12.978,49.353,155.725
146946480,34.563508572,-119.224111924,20000,212.000,12.996,49.366,156.105
146946540,34.674825703,-119.192670153,20000,212.000,13.015,49.380,156.486
146946600,34.786142833,-119.161228382,20000,212.000,13.034,49.393,156.867
146946660,34.897459963,-119.129786610,20000,212.000,13.052,49.406,157.248
146946720,35.008777094,-119.098344839,20000,212.000,13.071,49.419,157.628
146946780,35.120094224,-119.066903068,20000,212.000,13.089,49.432,158.009
146946840,35.231411354,-119.035461297,20000,212.000,13.108,49.445,158.390
146946900,35.338332285,-119.005033451,20000,212.000,17.800,49.460,158.768
146946960,35.433042970,-118.977421737,20000,212.000,35.474,49.480,159.138
146947020,35.527753655,-118.949810024,20000,212.000,53.148,49.500,159.508
146947080,35.622464340,-118.922198310,20000,212.000,70.821,49.520,159.878
146947140,35.717175025,-118.894586596,20000,212.000,88.495,49.539,160.248
146947200,35.811885709,-118.866974882,20000,212.000,106.168,49.559,160.618
146947260,35.906596394,-118.839363169,20000,212.000,123.842,49.579,160.988
146947320,36.001307079,-118.811751455,20000,212.000,141.515,49.599,161.358
146947380,36.096017764,-118.784139741,20000,212.000,159.189,49.619,161.728
146947440,36.190728449,-118.756528027,20000,212.000,176.862,49.638,162.099
146947500,36.285439134,-118.728916313,20000,212.000,194.536,49.658,162.469
146947560,36.380149819,-118.701304600,20000,212.000,212.210,49.678,162.839
146947620,36.474860504,-118.673692886,20000,212.000,229.883,49.698,163.209
146947680,36.569571189,-118.646081172,20000,212.000,247.557,49.717,163.579
146947740,36.664281874,-118.618469458,20000,212.000,265.230,49.737,163.949
146947800,36.758992559,-118.590857744,20000,212.000,282.904,49.757,164.319
146947860,36.853703244,-118.563246031,20000,212.000,300.577,49.777,164.689
146947920,36.924996155,-118.642498811,20000,212.000,302.911,49.808,164.918
146947980,36.988383380,-118.757828344,20000,212.000,300.066,49.844,165.100
146948040,37.051770605,-118.873157878,20000,212.000,297.221,49.879,165.281
146948100,37.115157829,-118.988487412,20000,212.000,294.376,49.915,165.463
146948160,37.178545054,-119.103816945,20000,212.000,291.530,49.951,165.644
146948220,37.241932278,-119.219146479,20000,212.000,288.685,49.986,165.826
146948280,37.305319503,-119.334476013,20000,212.000,285.840,50.022,166.007
146948340,37.368706728,-119.449805546,20000,212.000,282.995,50.057,166.189
146948400,37.432093952,-119.565135080,20000,212.000,280.150,50.093,166.370
146948460,37.495481177,-119.680464614,20000,212.000,277.305,50.128,166.552
146948520,37.558868402,-119.795794147,20000,212.000,274.460,50.164,166.733
146948580,37.622255626,-119.911123681,20000,212.000,271.615,50.199,166.915
146948640,37.631179772,-120.051681204,20000,212.000,271.038,50.189,167.054
146948700,37.633092549,-120.195486482,20000,212.000,270.754,50.173,167.188
146948760,37.635005326,-120.339291760,20000,212.000,270.469,50.157,167.322
146948820,37.636918104,-120.483097038,20000,212.000,270.185,50.140,167.455
146948880,37.638830881,-120.626902317,20000,212.000,269.900,50.124,167.589
146948940,37.640743658,-120.770707595,20000,212.000,269.616,50.108,167.723
146949000,37.642656435,-120.914512873,20000,212.000,269.331,50.092,167.856
146949060,37.642759318,-121.056486751,20000,212.000,269.189,50.074,167.993
146949120,37.640343489,-121.195911990,20000,212.000,269.244,50.055,168.132
146949180,37.637927660,-121.335337228,20000,212.000,269.300,50.036,168.272
146949240,37.635511831,-121.474762467,20000,212.000,269.355,50.016,168.411
146949300,37.633096002,-121.614187706,20000,212.000,269.411,49.997,168.551
146949360,37.630680173,-121.753612944,20000,212.000,269.466,49.977,168.690
146949420,37.628264344,-121.893038183,20000,212.000,269.522,49.958,168.830
146949480,37.625848515,-122.032463421,20000,212.000,269.577,49.938,168.970
146949540,37.623432686,-122.171888660,20000,212.000,269.633,49.919,169.109
146949600,37.621016857,-122.311313898,20000,212.000,269.688,49.899,169.249
146949660,37.618701265,-122.453413675,20000,212.000,268.432,49.882,169.385
146949720,37.616458531,-122.597457467,20000,212.000,266.222,49.866,169.520
146949780,37.614215797,-122.741501259,20000,212.000,264.013,49.851,169.654
146949840,37.611973063,-122.885545051,20000,212.000,261.803,49.835,169.789
146949900,37.609730329,-123.029588843,20000,212.000,259.593,49.819,169.923
146949960,37.607487595,-123.173632635,20000,212.000,257.383,49.804,170.058
146950020,37.605244861,-123.317676428,20000,212.000,255.174,49.788,170.192
146950080,37.603002127,-123.461720220,20000,212.000,252.964,49.772,170.327
146950140,37.600759393,-123.605764012,20000,212.000,250.754,49.757,170.461
146950200,37.598516659,-123.749807804,20000,212.000,248.544,49.741,170.596
146950260,37.596273925,-123.893851596,20000,212.000,246.335,49.725,170.730
146950320,37.594031191,-124.037895388,20000,212.000,244.125,49.710,170.865
146950380,37.591788457,-124.181939181,20000,212.000,241.915,49.694,170.999
146950440,37.589545723,-124.325982973,20000,212.000,239.705,49.678,171.134
146950500,37.587302989,-124.470026765,20000,212.000,237.496,49.662,171.268
146950560,37.585060255,-124.614070557,20000,212.000,235.286,49.647,171.402
146950620,37.582817521,-124.758114349,20000,212.000,233.076,49.631,171.537
146950680,37.580574787,-124.902158141,20000,212.000,230.866,49.615,171.671
146950740,37.578332053,-125.046201934,20000,212.000,228.657,49.600,171.806
146950800,37.542327753,-125.162371702,20000,212.000,218.887,49.549,171.973
146950860,37.476030156,-125.253530898,20000,212.000,202.334,49.466,172.169
146950920,37.409732559,-125.344690094,20000,212.000,185.781,49.384,172.365
146950980,37.343434961,-125.435849290,20000,212.000,169.228,49.301,172.561
146951040,37.244625465,-125.432157933,20000,212.000,165.045,49.188,172.887
146951100,37.134790275,-125.396300101,20000,212.000,165.057,49.064,173.256
146951160,37.024955085,-125.360442270,20000,212.000,165.069,48.939,173.626
146951220,36.915119895,-125.324584438,20000,212.000,165.080,48.815,173.995
146951280,36.805284704,-125.288726606,20000,212.000,165.092,48.691,174.365
146951340,36.695449514,-125.252868775,20000,212.000,165.104,48.566,174.734
146951400,36.585614324,-125.217010943,20000,212.000,165.116,48.442,175.104
146951460,36.475779134,-125.181153112,20000,212.000,165.128,48.318,175.473
146951520,36.365943944,-125.145295280,20000,212.000,165.139,48.193,175.843
146951580,36.256108753,-125.109437449,20000,212.000,165.151,48.069,176.212
146951640,36.146273563,-125.073579617,20000,212.000,165.163,47.945,176.582
146951700,36.036438373,-125.037721786,20000,212.000,165.175,47.821,176.951
146951760,35.926603183,-125.001863954,20000,212.000,165.187,47.696,177.321
146951820,35.816767993,-124.966006122,20000,212.000,165.198,47.572,177.690
146951880,35.706932802,-124.930148291,20000,212.000,165.210,47.448,178.060
146951940,35.597097612,-124.894290459,20000,212.000,165.222,47.323,178.429
146952000,35.487262422,-124.858432628,20000,212.000,165.234,47.199,178.799
146952060,35.377427232,-124.822574796,20000,212.000,165.246,47.075,179.168
146952120,35.267592042,-124.786716965,20000,212.000,165.257,46.951,179.538
146952180,35.157756851,-124.750859133,20000,212.000,165.269,46.826,179.907
146952240,35.047194883,-124.716364805,20000,212.000,164.316,46.734,180.303
146952300,34.936558771,-124.682009577,20000,212.000,163.264,46.645,180.701
146952360,34.825922659,-124.647654348,20000,212.000,162.212,46.556,181.099
146952420,34.715286547,-124.613299120,20000,212.000,161.160,46.467,181.497
146952480,34.604650435,-124.578943891,20000,212.000,160.108,46.378,181.895
146952540,34.494014324,-124.544588663,20000,212.000,159.056,46.289,182.293
146952600,34.383378212,-124.510233435,20000,212.000,158.004,46.200,182.691
146952660,34.272742100,-124.475878206,20000,212.000,156.952,46.111,183.089
146952720,34.162105988,-124.441522978,20000,212.000,155.900,46.022,183.487
146952780,34.051469876,-124.407167749,20000,212.000,154.848,45.933,183.885
146952840,33.940833764,-124.372812521,20000,212.000,153.796,45.844,184.283
146952900,33.830197652,-124.338457292,20000,212.000,152.744,45.755,184.681
146952960,33.719561541,-124.304102064,20000,212.000,151.692,45.666,185.079
146953020,33.608925429,-124.269746835,20000,212.000,150.640,45.577,185.477
146953080,33.498289317,-124.235391607,20000,212.000,149.588,45.488,185.875
146953140,33.387653205,-124.201036379,20000,212.000,148.536,45.398,186.273
146953200,33.277017093,-124.166681150,20000,212.000,147.484,45.309,186.671
146953260,33.166380981,-124.132325922,20000,212.000,146.432,45.220,187.069
146953320,33.055744869,-124.097970693,20000,212.000,145.380,45.131,187.467
146953380,32.945108758,-124.063615465,20000,212.000,144.328,45.042,187.865
146953440,32.834472646,-124.029260236,20000,212.000,143.276,44.953,188.263
146953500,32.723836534,-123.994905008,20000,212.000,142.224,44.864,188.662
146953560,32.613200422,-123.960549780,20000,212.000,141.172,44.775,189.060
146953620,32.502564310,-123.926194551,20000,212.000,140.120,44.686,189.458
146953680,32.391928198,-123.891839323,20000,212.000,139.068,44.597,189.856
146953740,32.284678935,-123.852170484,20000,212.000,137.251,44.515,190.262
146953800,32.205404932,-123.768611399,20000,212.000,129.120,44.494,190.737
146953860,32.126130929,-123.685052315,20000,212.000,120.989,44.472,191.211
146953920,32.046856926,-123.601493231,20000,212.000,112.857,44.450,191.686
