src/Components/missions/ACEPOL/Plans/ACEPOL-Flt-plan_er2_20171102_RB.ict
42, 1001
rferrare
NASA Ames Research Center
Simulated flight plan
ACEPOL
1,1
2017,11,02,2017,11,02
60
Start_UTC, seconds from midnight UTC, time keeping
7
1,1,1,1,1,1,1
-9999,-9999,-9999,-9999,-9999,-9999,-9999
Latitude, Degrees (North positive), Planned latitude position of the aircraft
Longitude, Degrees (East positive), Planned longitude position of the aircraft
Altitude, meters (above sea level), Planned altitude of the aircraft
speed, meters per second (m/s), Estimated speed of aircraft
Bearing, degrees from north, Direction of travel of the plane per respect to north
SZA, degrees from zenith, Elevation position of the sun in the sky per respect to zenith
AZI, degrees from north, Azimuthal position of the sun in the sky per respect to north
1
Simulated aircraft data interpolated from flight plan waypoints
20
-----------------------------------------------------------------------------
PI_CONTACT_INFO: rferrare
PLATFORM: er2
LOCATION: N/A
ASSOCIATED_DATA: N/A
INSTRUMENT_INFO: None
DATA_INFO: Compiled with flight planner: moving lines v1.21
UNCERTAINTY: Undefined
ULOD_FLAG: -7777
ULOD_VALUE: N/A
LLOD_FLAG: -8888
LLOD_VALUE: N/A
DM_CONTACT_INFO: Samuel LeBlanc, samuel.leblanc@nasa.gov
PROJECT_INFO: ACEPOL
STIPULATIONS_ON_USE: None
OTHER_COMMENTS: N/A
REVISION: RB
RB: First iteration of the flight plan
-----------------------------------------------------------------------------
Start_UTC,Latitude,Longitude,Altitude,speed,Bearing,SZA,AZI
60300,34.629444444,-118.084444444,  775,150.000,350.808,64.036,133.202
60360,34.676129745,-118.093761990, 1529,152.433,349.692,63.933,133.431
60420,34.722815045,-118.103079536, 2284,154.866,348.576,63.831,133.659
60480,34.769500345,-118.112397081, 3038,157.299,347.460,63.729,133.888
60540,34.816185645,-118.121714627, 3793,159.732,346.343,63.626,134.117
60600,34.862870945,-118.131032172, 4547,162.165,345.227,63.524,134.345
60660,34.909556245,-118.140349718, 5302,164.598,344.111,63.422,134.574
60720,34.956241545,-118.149667264, 6056,167.031,342.995,63.319,134.802
60780,35.002926845,-118.158984809, 6810,169.464,341.878,63.217,135.031
60840,35.049612146,-118.168302355, 7565,171.897,340.762,63.115,135.259
60900,35.096297446,-118.177619900, 8319,174.330,339.646,63.012,135.488
60960,35.142982746,-118.186937446, 9074,176.763,338.530,62.910,135.717
61020,35.189668046,-118.196254992, 9828,179.196,337.413,62.808,135.945
61080,35.236353346,-118.205572537,10583,181.629,336.297,62.705,136.174
61140,35.283038646,-118.214890083,11337,184.062,335.181,62.603,136.402
61200,35.329723946,-118.224207628,12091,186.495,334.065,62.501,136.631
61260,35.376409247,-118.233525174,12846,188.928,332.949,62.398,136.859
61320,35.423094547,-118.242842720,13600,191.361,331.832,62.296,137.088
61380,35.469779847,-118.252160265,14355,193.794,330.716,62.194,137.317
61440,35.516465147,-118.261477811,15109,196.227,329.600,62.091,137.545
61500,35.563150447,-118.270795356,15864,198.660,328.484,61.989,137.774
61560,35.609835747,-118.280112902,16618,201.093,327.367,61.887,138.002
61620,35.656521047,-118.289430448,17372,203.526,326.251,61.784,138.231
61680,35.703206347,-118.298747993,18127,205.959,325.135,61.682,138.459
61740,35.749891648,-118.308065539,18881,208.392,324.019,61.579,138.688
61800,35.796576948,-118.317383084,19636,210.825,322.902,61.477,138.917
61860,35.862576388,-118.364429274,20000,212.000,318.414,61.418,139.123
61920,35.946618618,-118.446720624,20000,212.000,310.777,61.398,139.310
61980,36.030660848,-118.529011974,20000,212.000,303.139,61.379,139.497
62040,36.114703078,-118.611303324,20000,212.000,295.501,61.360,139.684
62100,36.198745308,-118.693594674,20000,212.000,287.863,61.341,139.870
62160,36.282787538,-118.775886024,20000,212.000,280.225,61.321,140.057
62220,36.366829767,-118.858177374,20000,212.000,272.588,61.302,140.244
62280,36.450871997,-118.940468724,20000,212.000,264.950,61.283,140.431
62340,36.534914227,-119.022760075,20000,212.000,257.312,61.263,140.617
62400,36.618956457,-119.105051425,20000,212.000,249.674,61.244,140.804
62460,36.702998687,-119.187342775,20000,212.000,242.037,61.225,140.991
62520,36.787040917,-119.269634125,20000,212.000,234.399,61.205,141.177
62580,36.871083146,-119.351925475,20000,212.000,226.761,61.186,141.364
62640,36.955125376,-119.434216825,20000,212.000,219.123,61.167,141.551
62700,37.039167606,-119.516508175,20000,212.000,211.485,61.147,141.738
62760,37.123209836,-119.598799525,20000,212.000,203.848,61.128,141.924
62820,37.207252066,-119.681090875,20000,212.000,196.210,61.109,142.111
62880,37.291294296,-119.763382225,20000,212.000,188.572,61.090,142.298
62940,37.375336525,-119.845673575,20000,212.000,180.934,61.070,142.485
63000,37.459378755,-119.927964925,20000,212.000,173.297,61.051,142.671
63060,37.543420985,-120.010256275,20000,212.000,165.659,61.032,142.858
63120,37.451662828,-119.984005194,20000,212.000,165.032,60.827,143.095
63180,37.344645270,-119.948332675,20000,212.000,165.013,60.606,143.337
63240,37.237627712,-119.912660155,20000,212.000,164.995,60.386,143.579
63300,37.130610154,-119.876987636,20000,212.000,164.976,60.165,143.820
63360,37.023592596,-119.841315117,20000,212.000,164.957,59.945,144.062
63420,36.916575037,-119.805642597,20000,212.000,164.939,59.724,144.303
63480,36.809557479,-119.769970078,20000,212.000,164.920,59.503,144.545
63540,36.699813704,-119.733741106,20000,212.000,165.079,59.284,144.795
63600,36.589564402,-119.697408949,20000,212.000,165.271,59.064,145.046
63660,36.479315100,-119.661076793,20000,212.000,165.463,58.845,145.297
63720,36.369065797,-119.624744636,20000,212.000,165.655,58.625,145.548
63780,36.258816495,-119.588412480,20000,212.000,165.847,58.405,145.799
63840,36.148567192,-119.552080323,20000,212.000,166.039,58.186,146.050
63900,36.038317890,-119.515748167,20000,212.000,166.231,57.966,146.301
63960,35.928068588,-119.479416010,20000,212.000,166.423,57.747,146.552
64020,35.817819285,-119.443083854,20000,212.000,166.614,57.527,146.803
64080,35.707569983,-119.406751697,20000,212.000,166.806,57.308,147.054
64140,35.597320681,-119.370419541,20000,212.000,166.998,57.088,147.305
64200,35.487071378,-119.334087384,20000,212.000,167.190,56.869,147.556
64260,35.376822076,-119.297755228,20000,212.000,167.382,56.649,147.807
64320,35.266572773,-119.261423071,20000,212.000,167.574,56.429,148.058
64380,35.157164461,-119.228565550,20000,212.000,166.137,56.214,148.312
64440,35.048779359,-119.199935523,20000,212.000,162.718,56.005,148.569
64500,34.940394257,-119.171305496,20000,212.000,159.300,55.795,148.825
64560,34.832009155,-119.142675469,20000,212.000,155.881,55.585,149.082
64620,34.723624053,-119.114045442,20000,212.000,152.462,55.376,149.338
64680,34.615238952,-119.085415415,20000,212.000,149.044,55.166,149.595
64740,34.506853850,-119.056785388,20000,212.000,145.625,54.956,149.852
64800,34.398468748,-119.028155361,20000,212.000,142.206,54.747,150.108
64860,34.290083646,-118.999525334,20000,212.000,138.787,54.537,150.365
64920,34.196836226,-118.930497092,20000,212.000,137.472,54.329,150.679
64980,34.112332988,-118.838133087,20000,212.000,137.372,54.121,151.026
65040,34.027829750,-118.745769083,20000,212.000,137.272,53.914,151.374
65100,33.943326512,-118.653405079,20000,212.000,137.171,53.706,151.722
65160,33.858823273,-118.561041074,20000,212.000,137.071,53.498,152.069
65220,33.774320035,-118.468677070,20000,212.000,136.971,53.291,152.417
65280,33.689816797,-118.376313065,20000,212.000,136.871,53.083,152.764
65340,33.605313559,-118.283949061,20000,212.000,136.770,52.875,153.112
65400,33.520810321,-118.191585057,20000,212.000,136.670,52.668,153.459
65460,33.436829921,-118.098797825,20000,212.000,132.281,52.466,153.816
65520,33.353467004,-118.005510751,20000,212.000,122.827,52.270,154.182
65580,33.270104087,-117.912223678,20000,212.000,113.372,52.075,154.549
65640,33.186741171,-117.818936605,20000,212.000,103.918,51.879,154.915
65700,33.103378254,-117.725649531,20000,212.000,94.463,51.684,155.282
65760,33.020015337,-117.632362458,20000,212.000,85.009,51.488,155.648
65820,32.936652421,-117.539075384,20000,212.000,75.554,51.293,156.015
65880,32.853289504,-117.445788311,20000,212.000,66.100,51.097,156.382
65940,32.769926587,-117.352501238,20000,212.000,56.645,50.901,156.748
66000,32.744573926,-117.254376927,20000,212.000,51.018,50.766,157.144
66060,32.816346340,-117.148153755,20000,212.000,51.798,50.730,157.590
66120,32.888118753,-117.041930583,20000,212.000,52.578,50.695,158.036
66180,32.959891167,-116.935707411,20000,212.000,53.359,50.659,158.481
66240,33.031663580,-116.829484239,20000,212.000,54.139,50.623,158.927
66300,33.103435994,-116.723261067,20000,212.000,54.919,50.588,159.373
66360,33.175208407,-116.617037894,20000,212.000,55.699,50.552,159.819
66420,33.246980821,-116.510814722,20000,212.000,56.480,50.517,160.264
66480,33.318753234,-116.404591550,20000,212.000,57.260,50.481,160.710
66540,33.390525648,-116.298368378,20000,212.000,58.040,50.446,161.156
66600,33.462298062,-116.192145206,20000,212.000,58.820,50.410,161.602
66660,33.534070475,-116.085922034,20000,212.000,59.601,50.374,162.047
66720,33.605842889,-115.979698862,20000,212.000,60.381,50.339,162.493
66780,33.664505607,-115.862081605,20000,212.000,61.041,50.311,162.955
66840,33.720142377,-115.741834392,20000,212.000,61.673,50.285,163.421
66900,33.775779147,-115.621587179,20000,212.000,62.305,50.259,163.887
66960,33.831415917,-115.501339967,20000,212.000,62.937,50.233,164.353
67020,33.887052687,-115.381092754,20000,212.000,63.569,50.207,164.819
67080,33.942689457,-115.260845541,20000,212.000,64.201,50.181,165.285
67140,33.998326227,-115.140598328,20000,212.000,64.833,50.155,165.750
67200,34.053962998,-115.020351116,20000,212.000,65.465,50.128,166.216
67260,34.109599768,-114.900103903,20000,212.000,66.097,50.102,166.682
67320,34.165236538,-114.779856690,20000,212.000,66.729,50.076,167.148
67380,34.211923538,-114.653699294,20000,212.000,65.567,50.065,167.623
67440,34.255871517,-114.525733123,20000,212.000,63.855,50.057,168.101
67500,34.299819495,-114.397766951,20000,212.000,62.143,50.050,168.579
67560,34.343767473,-114.269800779,20000,212.000,60.431,50.042,169.057
67620,34.387715451,-114.141834608,20000,212.000,58.719,50.035,169.535
67680,34.431663429,-114.013868436,20000,212.000,57.007,50.028,170.013
67740,34.475611407,-113.885902264,20000,212.000,55.295,50.020,170.491
67800,34.519559385,-113.757936093,20000,212.000,53.584,50.013,170.968
67860,34.563507364,-113.629969921,20000,212.000,51.872,50.005,171.446
67920,34.607455342,-113.502003749,20000,212.000,50.160,49.998,171.924
67980,34.651403320,-113.374037578,20000,212.000,48.448,49.991,172.402
68040,34.695351298,-113.246071406,20000,212.000,46.736,49.983,172.880
68100,34.739299276,-113.118105234,20000,212.000,45.024,49.976,173.358
68160,34.783247254,-112.990139063,20000,212.000,43.312,49.968,173.836
68220,34.859219596,-112.888367231,20000,212.000,42.856,50.019,174.281
68280,34.942419137,-112.792506891,20000,212.000,42.683,50.083,174.719
68340,35.025618678,-112.696646550,20000,212.000,42.509,50.147,175.158
68400,35.108818219,-112.600786209,20000,212.000,42.336,50.211,175.596
68460,35.192017760,-112.504925869,20000,212.000,42.163,50.275,176.034
68520,35.275217301,-112.409065528,20000,212.000,41.990,50.339,176.472
68580,35.358416842,-112.313205187,20000,212.000,41.816,50.403,176.910
68640,35.441616383,-112.217344847,20000,212.000,41.643,50.467,177.349
68700,35.524815924,-112.121484506,20000,212.000,41.470,50.531,177.787
68760,35.608015465,-112.025624165,20000,212.000,41.296,50.595,178.225
68820,35.693275919,-111.931830712,20000,212.000,41.229,50.677,178.654
68880,35.778909879,-111.838411846,20000,212.000,41.181,50.762,179.082
68940,35.864543840,-111.744992980,20000,212.000,41.133,50.846,179.510
69000,35.950177800,-111.651574114,20000,212.000,41.085,50.931,179.937
69060,36.035811760,-111.558155249,20000,212.000,41.037,51.016,180.365
69120,36.121445720,-111.464736383,20000,212.000,40.990,51.100,180.793
69180,36.207079681,-111.371317517,20000,212.000,40.942,51.185,181.221
69240,36.293167307,-111.277989749,20000,212.000,86.816,51.281,181.642
69300,36.379306465,-111.184672327,20000,212.000,137.907,51.379,182.062
69360,36.465445624,-111.091354906,20000,212.000,188.999,51.476,182.483
69420,36.551584782,-110.998037485,20000,212.000,240.090,51.573,182.904
69480,36.637723940,-110.904720063,20000,212.000,291.181,51.671,183.324
69540,36.689182183,-110.991611951,20000,212.000,286.772,51.731,183.521
69600,36.735646430,-111.104453694,20000,212.000,274.372,51.786,183.686
69660,36.782110677,-111.217295436,20000,212.000,261.972,51.840,183.852
69720,36.828574924,-111.330137179,20000,212.000,249.572,51.895,184.017
69780,36.875039171,-111.442978921,20000,212.000,237.172,51.950,184.182
69840,36.921503418,-111.555820663,20000,212.000,224.771,52.004,184.347
69900,36.967967665,-111.668662406,20000,212.000,212.371,52.059,184.512
69960,37.014431911,-111.781504148,20000,212.000,199.971,52.114,184.677
70020,37.060896158,-111.894345890,20000,212.000,187.571,52.168,184.842
70080,37.107360405,-112.007187633,20000,212.000,175.170,52.223,185.007
70140,37.152555385,-112.118769156,20000,212.000,162.792,52.277,185.174
70200,37.044142393,-112.077837720,20000,212.000,153.065,52.203,185.542
70260,36.935729401,-112.036906285,20000,212.000,143.339,52.129,185.910
70320,36.827316409,-111.995974849,20000,212.000,133.612,52.056,186.278
70380,36.718903417,-111.955043413,20000,212.000,123.886,51.982,186.646
70440,36.610490425,-111.914111978,20000,212.000,114.159,51.908,187.013
70500,36.502077434,-111.873180542,20000,212.000,104.433,51.834,187.381
70560,36.393664442,-111.832249106,20000,212.000,94.706,51.761,187.749
70620,36.285251450,-111.791317670,20000,212.000,84.979,51.687,188.117
70680,36.176838458,-111.750386235,20000,212.000,75.253,51.613,188.485
70740,36.068425466,-111.709454799,20000,212.000,65.526,51.540,188.853
70800,35.960012474,-111.668523363,20000,212.000,55.800,51.466,189.220
70860,35.851599482,-111.627591928,20000,212.000,46.073,51.392,189.588
70920,35.743186490,-111.586660492,20000,212.000,36.347,51.319,189.956
70980,35.634773498,-111.545729056,20000,212.000,26.620,51.245,190.324
71040,35.526360507,-111.504797621,20000,212.000,16.893,51.171,190.692
71100,35.417947515,-111.463866185,20000,212.000,7.167,51.097,191.060
71160,35.459155890,-111.445013578,20000,212.000,12.515,51.182,191.373
71220,35.561846262,-111.435233543,20000,212.000,24.059,51.332,191.664
71280,35.664536633,-111.425453508,20000,212.000,35.602,51.482,191.955
71340,35.767227005,-111.415673472,20000,212.000,47.145,51.632,192.246
71400,35.869917377,-111.405893437,20000,212.000,58.688,51.782,192.538
71460,35.972607748,-111.396113401,20000,212.000,70.231,51.932,192.829
71520,36.075298120,-111.386333366,20000,212.000,81.774,52.082,193.120
71580,36.177988491,-111.376553331,20000,212.000,93.318,52.232,193.411
71640,36.280678863,-111.366773295,20000,212.000,104.861,52.381,193.702
71700,36.383369234,-111.356993260,20000,212.000,116.404,52.531,193.993
71760,36.486059606,-111.347213225,20000,212.000,127.947,52.681,194.284
71820,36.588749977,-111.337433189,20000,212.000,139.490,52.831,194.575
71880,36.691440349,-111.327653154,20000,212.000,151.034,52.981,194.867
71940,36.794130720,-111.317873118,20000,212.000,162.577,53.131,195.158
72000,36.896821092,-111.308093083,20000,212.000,174.120,53.281,195.449
72060,36.999511464,-111.298313048,20000,212.000,185.663,53.431,195.740
72120,37.102201835,-111.288533012,20000,212.000,197.206,53.581,196.031
72180,37.204892207,-111.278752977,20000,212.000,208.749,53.731,196.322
72240,37.255094382,-111.293683940,20000,212.000,218.015,53.830,196.594
72300,37.164727737,-111.374793514,20000,212.000,221.179,53.796,196.812
72360,37.074361092,-111.455903088,20000,212.000,224.343,53.761,197.031
72420,36.983994447,-111.537012662,20000,212.000,227.508,53.726,197.250
72480,36.893627802,-111.618122236,20000,212.000,230.672,53.691,197.468
72540,36.803261157,-111.699231810,20000,212.000,233.837,53.656,197.687
72600,36.712894512,-111.780341384,20000,212.000,237.001,53.622,197.905
72660,36.622527867,-111.861450958,20000,212.000,240.165,53.587,198.124
72720,36.532161223,-111.942560532,20000,212.000,243.330,53.552,198.343
72780,36.441794578,-112.023670106,20000,212.000,246.494,53.517,198.561
72840,36.351427933,-112.104779680,20000,212.000,249.658,53.483,198.780
72900,36.261061288,-112.185889254,20000,212.000,252.823,53.448,198.999
72960,36.170694643,-112.266998828,20000,212.000,255.987,53.413,199.217
73020,36.080327998,-112.348108401,20000,212.000,259.152,53.378,199.436
73080,35.989961353,-112.429217975,20000,212.000,262.316,53.344,199.655
73140,35.899594708,-112.510327549,20000,212.000,265.480,53.309,199.873
73200,35.809228063,-112.591437123,20000,212.000,268.645,53.274,200.092
73260,35.718861418,-112.672546697,20000,212.000,271.809,53.239,200.310
73320,35.628494774,-112.753656271,20000,212.000,274.973,53.205,200.529
73380,35.538128129,-112.834765845,20000,212.000,278.138,53.170,200.748
73440,35.447761484,-112.915875419,20000,212.000,281.302,53.135,200.966
73500,35.357394839,-112.996984993,20000,212.000,284.467,53.100,201.185
73560,35.267028194,-113.078094567,20000,212.000,287.631,53.066,201.404
73620,35.176661549,-113.159204141,20000,212.000,290.795,53.031,201.622
73680,35.086294904,-113.240313715,20000,212.000,293.960,52.996,201.841
73740,34.995928259,-113.321423289,20000,212.000,297.124,52.961,202.059
73800,34.905561614,-113.402532863,20000,212.000,300.289,52.927,202.278
