src/Components/missions/ACEPOL/Plans/ACEPOL-Flt-plan_er2_20171101_RA.ict
42, 1001
kknobels
NASA Ames Research Center
Simulated flight plan
ACEPOL
1,1
2017,11,01,2017,11,01
60
Start_UTC, seconds from midnight UTC, time keeping
7
1,1,1,1,1,1,1
-9999,-9999,-9999,-9999,-9999,-9999,-9999
Latitude, Degrees (North positive), Planned latitude position of the aircraft
Longitude, Degrees (East positive), Planned longitude position of the aircraft
Altitude, meters (above sea level), Planned altitude of the aircraft
speed, meters per second (m/s), Estimated speed of aircraft
Bearing, degrees from north, Direction of travel of the plane per respect to north
SZA, degrees from zenith, Elevation position of the sun in the sky per respect to zenith
AZI, degrees from north, Azimuthal position of the sun in the sky per respect to north
1
Simulated aircraft data interpolated from flight plan waypoints
20
-----------------------------------------------------------------------------
PI_CONTACT_INFO: kknobels
PLATFORM: er2
LOCATION: N/A
ASSOCIATED_DATA: N/A
INSTRUMENT_INFO: None
DATA_INFO: Compiled with flight planner: moving lines v1.2
UNCERTAINTY: Undefined
ULOD_FLAG: -7777
ULOD_VALUE: N/A
LLOD_FLAG: -8888
LLOD_VALUE: N/A
DM_CONTACT_INFO: Samuel LeBlanc, samuel.leblanc@nasa.gov
PROJECT_INFO: ACEPOL
STIPULATIONS_ON_USE: None
OTHER_COMMENTS: N/A
REVISION: RA
RA: First iteration of the flight plan
-----------------------------------------------------------------------------
Start_UTC,Latitude,Longitude,Altitude,speed,Bearing,SZA,AZI
59400,34.629444444,-118.084444444,  775,150.000,354.788,66.098,129.894
59460,34.704901646,-118.093003424, 1519,152.240,348.302,66.005,130.122
59520,34.780358848,-118.101562403, 2262,154.481,341.816,65.912,130.351
59580,34.855816049,-118.110121383, 3006,156.721,335.330,65.819,130.580
59640,34.931273251,-118.118680363, 3750,158.962,328.843,65.726,130.808
59700,35.006730453,-118.127239342, 4494,161.202,322.357,65.633,131.037
59760,35.082187654,-118.135798322, 5237,163.442,315.871,65.541,131.266
59820,35.157644856,-118.144357301, 5981,165.683,309.385,65.448,131.494
59880,35.233102058,-118.152916281, 6725,167.923,302.899,65.355,131.723
59940,35.308559259,-118.161475260, 7469,170.164,296.412,65.262,131.952
60000,35.384016461,-118.170034240, 8212,172.404,289.926,65.169,132.180
60060,35.459473663,-118.178593219, 8956,174.645,283.440,65.076,132.409
60120,35.534930864,-118.187152199, 9700,176.885,276.954,64.983,132.637
60180,35.610388066,-118.195711178,10444,179.125,270.467,64.890,132.866
60240,35.685845268,-118.204270158,11187,181.366,263.981,64.797,133.095
60300,35.761302469,-118.212829137,11931,183.606,257.495,64.704,133.323
60360,35.836759671,-118.221388117,12675,185.847,251.009,64.611,133.552
60420,35.912216872,-118.229947096,13419,188.087,244.523,64.518,133.781
60480,35.987674074,-118.238506076,14162,190.327,238.036,64.425,134.009
60540,36.063131276,-118.247065055,14906,192.568,231.550,64.332,134.238
60600,36.138588477,-118.255624035,15650,194.808,225.064,64.239,134.467
60660,36.214045679,-118.264183014,16394,197.049,218.578,64.146,134.695
60720,36.289502881,-118.272741994,17137,199.289,212.091,64.053,134.924
60780,36.364960082,-118.281300973,17881,201.530,205.605,63.960,135.153
60840,36.440417284,-118.289859953,18625,203.770,199.119,63.867,135.381
60900,36.427032634,-118.311868868,19000,204.900,194.452,63.724,135.573
60960,36.323226721,-118.347566829,19000,204.900,191.635,63.529,135.728
61020,36.219420807,-118.383264791,19000,204.900,188.819,63.335,135.883
61080,36.115614894,-118.418962752,19000,204.900,186.002,63.140,136.038
61140,36.011808980,-118.454660713,19000,204.900,183.186,62.946,136.193
61200,35.908003066,-118.490358674,19000,204.900,180.369,62.751,136.348
61260,35.804197153,-118.526056636,19000,204.900,177.553,62.557,136.503
61320,35.700391239,-118.561754597,19000,204.900,174.737,62.362,136.657
61380,35.596585326,-118.597452558,19000,204.900,171.920,62.168,136.812
61440,35.492779412,-118.633150519,19000,204.900,169.104,61.973,136.967
61500,35.388973498,-118.668848481,19000,204.900,166.287,61.779,137.122
61560,35.285167585,-118.704546442,19000,204.900,163.471,61.584,137.277
61620,35.181361671,-118.740244403,19000,204.900,160.654,61.390,137.432
61680,35.077555758,-118.775942364,19000,204.900,157.838,61.195,137.587
61740,34.973749844,-118.811640326,19000,204.900,155.022,61.001,137.742
61800,34.869943930,-118.847338287,19000,204.900,152.205,60.806,137.896
61860,34.766138017,-118.883036248,19000,204.900,149.389,60.612,138.051
61920,34.662332103,-118.918734209,19000,204.900,146.572,60.417,138.206
61980,34.558526190,-118.954432171,19000,204.900,143.756,60.223,138.361
62040,34.456710196,-118.976699437,19000,204.900,141.261,60.023,138.530
62100,34.370456542,-118.893930779,19000,204.900,141.285,59.780,138.811
62160,34.284202888,-118.811162121,19000,204.900,141.309,59.537,139.091
62220,34.197949234,-118.728393464,19000,204.900,141.333,59.294,139.372
62280,34.111695580,-118.645624806,19000,204.900,141.357,59.051,139.653
62340,34.025441926,-118.562856148,19000,204.900,141.380,58.808,139.934
62400,33.939188273,-118.480087491,19000,204.900,141.404,58.564,140.214
62460,33.852934619,-118.397318833,19000,204.900,141.428,58.321,140.495
62520,33.766680965,-118.314550175,19000,204.900,141.452,58.078,140.776
62580,33.680427311,-118.231781517,19000,204.900,141.475,57.835,141.056
62640,33.594173657,-118.149012860,19000,204.900,141.499,57.592,141.337
62700,33.510803120,-118.070012616,19000,204.900,138.722,57.358,141.625
62760,33.428891660,-117.992919477,19000,204.900,134.527,57.129,141.918
62820,33.346980201,-117.915826339,19000,204.900,130.333,56.899,142.210
62880,33.265068741,-117.838733200,19000,204.900,126.138,56.669,142.502
62940,33.183157281,-117.761640061,19000,204.900,121.944,56.440,142.795
63000,33.101245822,-117.684546923,19000,204.900,117.749,56.210,143.087
63060,33.019334362,-117.607453784,19000,204.900,113.554,55.980,143.380
63120,32.937422902,-117.530360646,19000,204.900,109.360,55.751,143.672
63180,32.855511442,-117.453267507,19000,204.900,105.165,55.521,143.964
63240,32.773599983,-117.376174369,19000,204.900,100.971,55.291,144.257
63300,32.691688523,-117.299081230,19000,204.900,96.776,55.062,144.549
63360,32.635637181,-117.231187503,19000,204.900,118.435,54.860,144.846
63420,32.632756058,-117.182208410,19000,204.900,193.250,54.714,145.152
63480,32.629874935,-117.133229318,19000,204.900,268.066,54.569,145.458
63540,32.643452527,-117.103414927,19000,204.900,330.365,54.448,145.751
63600,32.738932102,-117.168968068,19000,204.900,330.383,54.444,145.982
63660,32.834411677,-117.234521209,19000,204.900,330.401,54.441,146.213
63720,32.929891251,-117.300074349,19000,204.900,330.419,54.438,146.444
63780,33.025370826,-117.365627490,19000,204.900,330.437,54.435,146.675
63840,33.120850401,-117.431180631,19000,204.900,330.454,54.432,146.906
63900,33.216329975,-117.496733772,19000,204.900,330.472,54.428,147.137
63960,33.311809550,-117.562286913,19000,204.900,330.490,54.425,147.368
64020,33.407289125,-117.627840054,19000,204.900,330.508,54.422,147.599
64080,33.502768699,-117.693393194,19000,204.900,330.526,54.419,147.830
64140,33.598248274,-117.758946335,19000,204.900,330.544,54.415,148.061
64200,33.693727849,-117.824499476,19000,204.900,330.562,54.412,148.292
64260,33.789207423,-117.890052617,19000,204.900,330.580,54.409,148.523
64320,33.875729983,-117.949409852,19000,204.900,319.681,54.399,148.759
64380,33.948264273,-117.999090872,19000,204.900,291.733,54.378,149.000
64440,34.020798563,-118.048771893,19000,204.900,263.785,54.358,149.242
64500,34.093332852,-118.098452913,19000,204.900,235.837,54.337,149.484
64560,34.165867142,-118.148133934,19000,204.900,207.889,54.317,149.726
64620,34.238401432,-118.197814954,19000,204.900,179.941,54.296,149.967
64680,34.310935722,-118.247495975,19000,204.900,151.993,54.275,150.209
64740,34.383470012,-118.297176995,19000,204.900,124.045,54.255,150.451
64800,34.456004302,-118.346858016,19000,204.900,96.097,54.234,150.693
64860,34.518467441,-118.355795573,19000,204.900,74.550,54.193,150.978
64920,34.546808053,-118.226688341,19000,204.900,74.693,54.082,151.411
64980,34.575148665,-118.097581109,19000,204.900,74.835,53.971,151.844
65040,34.603489277,-117.968473876,19000,204.900,74.977,53.860,152.277
65100,34.631829889,-117.839366644,19000,204.900,75.120,53.750,152.710
65160,34.660170501,-117.710259411,19000,204.900,75.262,53.639,153.144
65220,34.688511113,-117.581152179,19000,204.900,75.405,53.528,153.577
65280,34.716851725,-117.452044947,19000,204.900,75.547,53.417,154.010
65340,34.745192337,-117.322937714,19000,204.900,75.689,53.306,154.443
65400,34.773532949,-117.193830482,19000,204.900,75.832,53.195,154.876
65460,34.801873561,-117.064723250,19000,204.900,75.974,53.084,155.309
65520,34.830214173,-116.935616017,19000,204.900,76.117,52.974,155.742
65580,34.858554785,-116.806508785,19000,204.900,76.259,52.863,156.175
65640,34.886895397,-116.677401553,19000,204.900,76.401,52.752,156.608
65700,34.915236009,-116.548294320,19000,204.900,76.544,52.641,157.041
65760,34.940982812,-116.417605611,19000,204.900,76.566,52.548,157.489
65820,34.965964730,-116.286450541,19000,204.900,76.554,52.460,157.941
65880,34.990946648,-116.155295472,19000,204.900,76.541,52.373,158.392
65940,35.015928566,-116.024140402,19000,204.900,76.529,52.285,158.844
66000,35.040910484,-115.892985333,19000,204.900,76.516,52.197,159.296
66060,35.065892402,-115.761830263,19000,204.900,76.503,52.109,159.748
66120,35.090874320,-115.630675194,19000,204.900,76.491,52.022,160.199
66180,35.115856238,-115.499520124,19000,204.900,76.478,51.934,160.651
66240,35.140832178,-115.368408851,19000,204.900,76.417,51.847,161.103
66300,35.165584871,-115.238933229,19000,204.900,74.525,51.782,161.564
66360,35.190337563,-115.109457607,19000,204.900,72.633,51.717,162.024
66420,35.215090256,-114.979981984,19000,204.900,70.741,51.651,162.485
66480,35.239842948,-114.850506362,19000,204.900,68.849,51.586,162.946
66540,35.264595640,-114.721030740,19000,204.900,66.958,51.521,163.406
66600,35.289348333,-114.591555118,19000,204.900,65.066,51.456,163.867
66660,35.314101025,-114.462079496,19000,204.900,63.174,51.391,164.327
66720,35.338853718,-114.332603874,19000,204.900,61.282,51.326,164.788
66780,35.363606410,-114.203128252,19000,204.900,59.390,51.260,165.249
66840,35.401988891,-114.083442797,19000,204.900,58.293,51.217,165.702
66900,35.456160879,-113.975098820,19000,204.900,58.115,51.200,166.148
66960,35.510332868,-113.866754842,19000,204.900,57.938,51.183,166.593
67020,35.567347697,-113.752435202,19000,204.900,57.844,51.183,167.048
67080,35.625190853,-113.636374414,19000,204.900,57.774,51.189,167.506
67140,35.683034008,-113.520313626,19000,204.900,57.704,51.195,167.963
67200,35.740877164,-113.404252838,19000,204.900,57.634,51.200,168.421
67260,35.798720320,-113.288192050,19000,204.900,57.565,51.206,168.878
67320,35.856563476,-113.172131262,19000,204.900,57.495,51.211,169.336
67380,35.914406631,-113.056070474,19000,204.900,57.425,51.217,169.794
67440,35.972249787,-112.940009686,19000,204.900,57.355,51.222,170.251
67500,36.030092943,-112.823948898,19000,204.900,57.285,51.228,170.709
67560,36.087936099,-112.707888110,19000,204.900,57.215,51.233,171.167
67620,36.145779255,-112.591827322,19000,204.900,57.145,51.239,171.624
67680,36.203622410,-112.475766535,19000,204.900,57.075,51.245,172.082
67740,36.261465566,-112.359705747,19000,204.900,57.005,51.250,172.539
67800,36.319308722,-112.243644959,19000,204.900,56.936,51.256,172.997
67860,36.376275093,-112.130372278,19000,204.900,59.871,51.276,173.450
67920,36.431987226,-112.021087981,19000,204.900,67.104,51.319,173.895
67980,36.487699358,-111.911803685,19000,204.900,74.338,51.362,174.340
68040,36.543411490,-111.802519388,19000,204.900,81.571,51.404,174.785
68100,36.599123623,-111.693235092,19000,204.900,88.805,51.447,175.230
68160,36.654835755,-111.583950796,19000,204.900,96.038,51.489,175.675
68220,36.710547887,-111.474666499,19000,204.900,103.272,51.532,176.120
68280,36.766260019,-111.365382203,19000,204.900,110.505,51.575,176.565
68340,36.821972152,-111.256097906,19000,204.900,117.739,51.617,177.010
68400,36.877684284,-111.146813610,19000,204.900,124.972,51.660,177.455
68460,36.933396416,-111.037529314,19000,204.900,132.206,51.702,177.900
68520,36.989108549,-110.928245017,19000,204.900,139.440,51.745,178.345
68580,37.044820681,-110.818960721,19000,204.900,146.673,51.788,178.790
68640,37.100532813,-110.709676425,19000,204.900,153.907,51.830,179.235
68700,37.156244945,-110.600392128,19000,204.900,161.140,51.873,179.680
68760,37.211957078,-110.491107832,19000,204.900,168.374,51.915,180.125
68820,37.267669210,-110.381823535,19000,204.900,175.607,51.958,180.570
68880,37.323381342,-110.272539239,19000,204.900,182.841,52.001,181.015
68940,37.376802351,-110.165184633,19000,204.900,190.133,52.041,181.457
69000,37.276982933,-110.186896195,19000,204.900,201.326,51.952,181.743
69060,37.177163515,-110.208607757,19000,204.900,212.520,51.863,182.030
69120,37.077344097,-110.230319318,19000,204.900,223.714,51.774,182.316
69180,36.977524678,-110.252030880,19000,204.900,234.908,51.685,182.602
69240,36.877705260,-110.273742442,19000,204.900,246.101,51.596,182.888
69300,36.777885842,-110.295454004,19000,204.900,257.295,51.507,183.174
69360,36.678066424,-110.317165566,19000,204.900,268.489,51.418,183.460
69420,36.578247006,-110.338877128,19000,204.900,279.682,51.329,183.747
69480,36.478427588,-110.360588689,19000,204.900,290.876,51.240,184.033
69540,36.378608170,-110.382300251,19000,204.900,302.070,51.151,184.319
69600,36.278788752,-110.404011813,19000,204.900,313.264,51.062,184.605
69660,36.178969334,-110.425723375,19000,204.900,324.457,50.973,184.891
69720,36.168271663,-110.468511795,19000,204.900,330.524,50.975,185.145
69780,36.264235798,-110.536525211,19000,204.900,330.455,51.086,185.361
69840,36.360199934,-110.604538627,19000,204.900,330.386,51.197,185.577
69900,36.456164069,-110.672552044,19000,204.900,330.317,51.308,185.793
69960,36.552128204,-110.740565460,19000,204.900,330.247,51.419,186.009
70020,36.648092339,-110.808578876,19000,204.900,330.178,51.530,186.225
70080,36.744056475,-110.876592292,19000,204.900,330.109,51.642,186.441
70140,36.840020610,-110.944605709,19000,204.900,330.040,51.753,186.657
70200,36.935984745,-111.012619125,19000,204.900,329.971,51.864,186.872
70260,37.031948880,-111.080632541,19000,204.900,329.901,51.975,187.088
70320,37.122876905,-111.147012659,19000,204.900,324.257,52.085,187.302
70380,37.211658620,-111.212696692,19000,204.900,316.235,52.194,187.515
70440,37.300440334,-111.278380725,19000,204.900,308.214,52.304,187.727
70500,37.389222048,-111.344064757,19000,204.900,300.193,52.413,187.940
70560,37.478003763,-111.409748790,19000,204.900,292.172,52.523,188.153
70620,37.566785477,-111.475432822,19000,204.900,284.151,52.632,188.365
70680,37.655567192,-111.541116855,19000,204.900,276.130,52.742,188.578
70740,37.744348906,-111.606800888,19000,204.900,268.109,52.851,188.791
70800,37.833130621,-111.672484920,19000,204.900,260.088,52.961,189.004
70860,37.921912335,-111.738168953,19000,204.900,252.066,53.071,189.216
70920,38.010694049,-111.803852986,19000,204.900,244.045,53.180,189.429
70980,38.099475764,-111.869537018,19000,204.900,236.024,53.290,189.642
71040,38.172846361,-111.936045478,19000,204.900,224.892,53.384,189.855
71100,38.122574440,-112.009168272,19000,204.900,188.798,53.359,190.071
71160,38.065980679,-112.066841102,19000,204.900,157.120,53.332,190.308
71220,37.964034233,-112.013676373,19000,204.900,157.117,53.291,190.687
71280,37.862087787,-111.960511645,19000,204.900,157.113,53.250,191.065
71340,37.760141340,-111.907346917,19000,204.900,157.110,53.209,191.444
71400,37.658194894,-111.854182189,19000,204.900,157.107,53.168,191.823
71460,37.556248448,-111.801017461,19000,204.900,157.104,53.127,192.201
71520,37.454302001,-111.747852733,19000,204.900,157.100,53.086,192.580
71580,37.352355555,-111.694688005,19000,204.900,157.097,53.045,192.959
71640,37.250409109,-111.641523276,19000,204.900,157.094,53.004,193.337
71700,37.148462662,-111.588358548,19000,204.900,157.091,52.963,193.716
71760,37.046516216,-111.535193820,19000,204.900,157.087,52.922,194.095
71820,36.944569770,-111.482029092,19000,204.900,157.084,52.881,194.473
71880,36.842623323,-111.428864364,19000,204.900,157.081,52.840,194.852
71940,36.740676877,-111.375699636,19000,204.900,157.078,52.799,195.231
72000,36.638730431,-111.322534908,19000,204.900,157.075,52.758,195.609
72060,36.536783984,-111.269370179,19000,204.900,157.071,52.717,195.988
72120,36.434837538,-111.216205451,19000,204.900,157.068,52.676,196.367
72180,36.332891092,-111.163040723,19000,204.900,157.065,52.635,196.745
72240,36.230944645,-111.109875995,19000,204.900,157.062,52.594,197.124
72300,36.130530129,-111.057781116,19000,204.900,158.791,52.566,197.502
72360,36.032466891,-111.007328290,19000,204.900,163.181,52.558,197.878
72420,35.934403652,-110.956875464,19000,204.900,167.570,52.550,198.255
72480,35.836340413,-110.906422639,19000,204.900,171.959,52.542,198.631
72540,35.738277175,-110.855969813,19000,204.900,176.349,52.533,199.008
72600,35.640213936,-110.805516987,19000,204.900,180.738,52.525,199.384
72660,35.542150697,-110.755064162,19000,204.900,185.127,52.517,199.761
72720,35.444087458,-110.704611336,19000,204.900,189.517,52.509,200.137
72780,35.346024220,-110.654158510,19000,204.900,193.906,52.501,200.514
72840,35.247960981,-110.603705685,19000,204.900,198.295,52.493,200.890
72900,35.149897742,-110.553252859,19000,204.900,202.685,52.485,201.266
