src/Components/missions/ACEPOL/Plans/ACEPOL-Flt-plan_er2_20171102_RB.ict
42, 1001
rferrare
NASA Ames Research Center
Simulated flight plan
ACEPOL
1,1
2017,11,02,2017,11,02
60
Start_UTC, seconds from midnight UTC, time keeping
7
1,1,1,1,1,1,1
-9999,-9999,-9999,-9999,-9999,-9999,-9999
Latitude, Degrees (North positive), Planned latitude position of the aircraft
Longitude, Degrees (East positive), Planned longitude position of the aircraft
Altitude, meters (above sea level), Planned altitude of the aircraft
speed, meters per second (m/s), Estimated speed of aircraft
Bearing, degrees from north, Direction of travel of the plane per respect to north
SZA, degrees from zenith, Elevation position of the sun in the sky per respect to zenith
AZI, degrees from north, Azimuthal position of the sun in the sky per respect to north
1
Simulated aircraft data interpolated from flight plan waypoints
20
-----------------------------------------------------------------------------
PI_CONTACT_INFO: rferrare
PLATFORM: er2
LOCATION: N/A
ASSOCIATED_DATA: N/A
INSTRUMENT_INFO: None
DATA_INFO: Compiled with flight planner: moving lines v1.21
UNCERTAINTY: Undefined
ULOD_FLAG: -7777
ULOD_VALUE: N/A
LLOD_FLAG: -8888
LLOD_VALUE: N/A
DM_CONTACT_INFO: Samuel LeBlanc, samuel.leblanc@nasa.gov
PROJECT_INFO: ACEPOL
STIPULATIONS_ON_USE: None
OTHER_COMMENTS: N/A
REVISION: RB
RB: First iteration of the flight plan
-----------------------------------------------------------------------------
Start_UTC,Latitude,Longitude,Altitude,speed,Bearing,SZA,AZI
[from data line 227]
73920,34.724828325,-113.564752011,20000,212.000,306.617,52.857,202.715
73980,34.634461680,-113.645861585,20000,212.000,309.782,52.822,202.934
74040,34.544095035,-113.726971159,20000,212.000,312.946,52.788,203.153
74100,34.453728390,-113.808080733,20000,212.000,316.110,52.753,203.371
74160,34.363361745,-113.889190307,20000,212.000,319.275,52.718,203.590
74220,34.272995100,-113.970299881,20000,212.000,322.439,52.683,203.809
74280,34.182628455,-114.051409455,20000,212.000,325.604,52.648,204.027
74340,34.092261810,-114.132519028,20000,212.000,328.768,52.614,204.246
74400,34.001895165,-114.213628602,20000,212.000,331.932,52.579,204.464
74460,33.911528521,-114.294738176,20000,212.000,335.097,52.544,204.683
74520,33.821161876,-114.375847750,20000,212.000,338.261,52.509,204.902
74580,33.730795231,-114.456957324,20000,212.000,341.425,52.475,205.120
74640,33.640428586,-114.538066898,20000,212.000,344.590,52.440,205.339
74700,33.624029339,-114.601272708,20000,212.000,346.602,52.484,205.552
74760,33.735127694,-114.633617798,20000,212.000,346.627,52.664,205.757
74820,33.846226049,-114.665962889,20000,212.000,346.653,52.845,205.961
74880,33.957324404,-114.698307980,20000,212.000,346.679,53.025,206.165
74940,34.068422759,-114.730653070,20000,212.000,346.704,53.206,206.369
75000,34.179521114,-114.762998161,20000,212.000,346.730,53.386,206.574
75060,34.290619468,-114.795343252,20000,212.000,346.755,53.566,206.778
75120,34.401717823,-114.827688342,20000,212.000,346.781,53.747,206.982
75180,34.512816178,-114.860033433,20000,212.000,346.806,53.927,207.187
75240,34.623914533,-114.892378524,20000,212.000,346.832,54.107,207.391
75300,34.735012888,-114.924723614,20000,212.000,346.857,54.288,207.595
75360,34.846111243,-114.957068705,20000,212.000,346.883,54.468,207.799
75420,34.957209598,-114.989413796,20000,212.000,346.909,54.648,208.004
75480,35.068387998,-115.021661900,20000,212.000,341.335,54.831,208.203
75540,35.179633117,-115.053829163,20000,212.000,331.093,55.014,208.397
75600,35.290878236,-115.085996427,20000,212.000,320.851,55.198,208.591
75660,35.402123356,-115.118163690,20000,212.000,310.610,55.382,208.785
75720,35.513368475,-115.150330953,20000,212.000,300.368,55.565,208.979
75780,35.624613595,-115.182498217,20000,212.000,290.127,55.749,209.174
75840,35.735858714,-115.214665480,20000,212.000,279.885,55.933,209.368
75900,35.847103833,-115.246832744,20000,212.000,269.644,56.117,209.562
75960,35.958348953,-115.279000007,20000,212.000,259.402,56.300,209.756
76020,36.069594072,-115.311167271,20000,212.000,249.161,56.484,209.951
76080,36.180839191,-115.343334534,20000,212.000,238.919,56.668,210.145
76140,36.292084311,-115.375501797,20000,212.000,228.678,56.851,210.339
76200,36.403329430,-115.407669061,20000,212.000,218.436,57.035,210.533
76260,36.495068354,-115.443057136,20000,212.000,208.424,57.202,210.730
76320,36.394788519,-115.510150838,20000,212.000,200.674,57.201,210.952
76380,36.294508683,-115.577244541,20000,212.000,192.924,57.200,211.173
76440,36.194228848,-115.644338244,20000,212.000,185.174,57.199,211.395
76500,36.093949012,-115.711431947,20000,212.000,177.424,57.198,211.616
76560,35.993669177,-115.778525650,20000,212.000,169.674,57.197,211.838
76620,35.893389341,-115.845619353,20000,212.000,161.924,57.196,212.059
76680,35.793109506,-115.912713056,20000,212.000,154.174,57.195,212.281
76740,35.692829670,-115.979806759,20000,212.000,146.424,57.194,212.502
76800,35.592549835,-116.046900462,20000,212.000,138.674,57.193,212.724
76860,35.492269999,-116.113994164,20000,212.000,130.924,57.192,212.945
76920,35.391990164,-116.181087867,20000,212.000,123.174,57.191,213.167
76980,35.291710328,-116.248181570,20000,212.000,115.424,57.190,213.388
77040,35.191430493,-116.315275273,20000,212.000,107.674,57.189,213.610
77100,35.091150657,-116.382368976,20000,212.000,99.924,57.188,213.831
77160,34.990870822,-116.449462679,20000,212.000,92.174,57.187,214.053
77220,34.890590986,-116.516556382,20000,212.000,84.424,57.186,214.274
77280,34.790311150,-116.583650085,20000,212.000,76.674,57.185,214.496
77340,34.690031315,-116.650743788,20000,212.000,68.924,57.184,214.717
77400,34.589751479,-116.717837490,20000,212.000,61.174,57.183,214.939
77460,34.489471644,-116.784931193,20000,212.000,53.424,57.182,215.160
77520,34.389191808,-116.852024896,20000,212.000,45.674,57.181,215.382
77580,34.288911973,-116.919118599,20000,212.000,37.924,57.180,215.603
77640,34.188632137,-116.986212302,20000,212.000,30.174,57.179,215.825
77700,34.088352302,-117.053306005,20000,212.000,22.424,57.178,216.046
77760,34.008820866,-117.110163848,20000,212.000,62.282,57.200,216.269
77820,34.027133078,-117.171828585,20000,212.000,247.164,57.307,216.447
77880,33.986108015,-117.297062988,20000,212.000,244.540,57.337,216.585
77940,33.945082952,-117.422297391,20000,212.000,241.916,57.366,216.723
78000,33.904057889,-117.547531794,20000,212.000,239.291,57.396,216.861
78060,33.863032826,-117.672766197,20000,212.000,236.667,57.426,216.999
78120,33.822007763,-117.798000600,20000,212.000,234.043,57.455,217.137
78180,33.780982700,-117.923235003,20000,212.000,231.418,57.485,217.275
78240,33.739957636,-118.048469406,20000,212.000,228.794,57.514,217.413
78300,33.689178385,-118.166767318,20000,212.000,224.790,57.542,217.560
78360,33.610138565,-118.264968306,20000,212.000,216.790,57.562,217.736
78420,33.531098745,-118.363169294,20000,212.000,208.790,57.582,217.912
78480,33.452058926,-118.461370283,20000,212.000,200.790,57.603,218.088
78540,33.373019106,-118.559571271,20000,212.000,192.790,57.623,218.264
78600,33.293979286,-118.657772259,20000,212.000,184.789,57.643,218.440
78660,33.214939466,-118.755973247,20000,212.000,176.789,57.664,218.615
78720,33.135899647,-118.854174235,20000,212.000,168.789,57.684,218.791
78780,33.056859827,-118.952375224,20000,212.000,160.789,57.704,218.967
78840,32.977820007,-119.050576212,20000,212.000,152.789,57.725,219.143
78900,32.898780187,-119.148777200,20000,212.000,144.789,57.745,219.319
78960,32.819740368,-119.246978188,20000,212.000,136.789,57.765,219.495
79020,32.740700548,-119.345179176,20000,212.000,128.788,57.786,219.671
79080,32.661660728,-119.443380164,20000,212.000,120.788,57.806,219.846
79140,32.582620908,-119.541581153,20000,212.000,112.788,57.826,220.022
79200,32.503581089,-119.639782141,20000,212.000,104.788,57.847,220.198
79260,32.424541269,-119.737983129,20000,212.000,96.788,57.867,220.374
79320,32.345501449,-119.836184117,20000,212.000,88.788,57.887,220.550
79380,32.266461629,-119.934385105,20000,212.000,80.788,57.908,220.726
79440,32.187421810,-120.032586093,20000,212.000,72.787,57.928,220.902
79500,32.108381990,-120.130787082,20000,212.000,64.787,57.948,221.077
79560,32.029342170,-120.228988070,20000,212.000,56.787,57.969,221.253
79620,31.950302350,-120.327189058,20000,212.000,48.787,57.989,221.429
79680,31.976941613,-120.292888561,20000,212.000,44.846,58.172,221.671
79740,32.055221942,-120.193839982,20000,212.000,42.888,58.433,221.946
79800,32.133502271,-120.094791403,20000,212.000,40.930,58.695,222.221
79860,32.211782600,-119.995742823,20000,212.000,38.972,58.956,222.496
79920,32.290062928,-119.896694244,20000,212.000,37.014,59.218,222.771
79980,32.368343257,-119.797645664,20000,212.000,35.056,59.480,223.046
80040,32.446623586,-119.698597085,20000,212.000,33.098,59.741,223.321
80100,32.524903915,-119.599548505,20000,212.000,31.141,60.003,223.596
80160,32.603184244,-119.500499926,20000,212.000,29.183,60.264,223.870
80220,32.681464573,-119.401451346,20000,212.000,27.225,60.526,224.145
80280,32.759744902,-119.302402767,20000,212.000,25.267,60.788,224.420
80340,32.838025231,-119.203354188,20000,212.000,23.309,61.049,224.695
80400,32.916305560,-119.104305608,20000,212.000,21.351,61.311,224.970
80460,32.994585889,-119.005257029,20000,212.000,19.393,61.572,225.245
80520,33.072866218,-118.906208449,20000,212.000,17.435,61.834,225.520
80580,33.151146546,-118.807159870,20000,212.000,15.477,62.096,225.795
80640,33.229426875,-118.708111290,20000,212.000,13.519,62.357,226.069
80700,33.307707204,-118.609062711,20000,212.000,11.562,62.619,226.344
80760,33.385987533,-118.510014132,20000,212.000,9.604,62.880,226.619
80820,33.464267862,-118.410965552,20000,212.000,7.646,63.142,226.894
80880,33.542548191,-118.311916973,20000,212.000,5.688,63.404,227.169
80940,33.620828520,-118.212868393,20000,212.000,3.730,63.665,227.444
81000,33.694189038,-118.123423560,19941,211.582,1.964,63.919,227.710
81060,33.722329536,-118.122250734,19341,207.322,1.965,64.098,227.898
81120,33.750470034,-118.121077908,18741,203.062,1.966,64.276,228.086
81180,33.778610532,-118.119905082,18141,198.802,1.966,64.455,228.273
81240,33.806751030,-118.118732256,17541,194.542,1.967,64.634,228.461
81300,33.834891528,-118.117559430,16941,190.282,1.968,64.812,228.649
81360,33.863032027,-118.116386604,16341,186.022,1.968,64.991,228.837
81420,33.891172525,-118.115213779,15741,181.762,1.969,65.170,229.025
81480,33.919313023,-118.114040953,15141,177.502,1.970,65.349,229.212
81540,33.947453521,-118.112868127,14541,173.242,1.970,65.527,229.400
81600,33.975594019,-118.111695301,13941,168.982,1.971,65.706,229.588
81660,34.003734517,-118.110522475,13341,164.722,1.972,65.885,229.776
81720,34.031875015,-118.109349649,12741,160.462,1.972,66.064,229.964
81780,34.060015513,-118.108176824,12141,156.202,1.973,66.242,230.151
81840,34.088156011,-118.107003998,11541,151.942,1.973,66.421,230.339
81900,34.116296509,-118.105831172,10941,147.682,1.974,66.600,230.527
81960,34.144437007,-118.104658346,10341,143.422,1.975,66.778,230.715
82020,34.172577506,-118.103485520, 9741,139.162,1.975,66.957,230.902
82080,34.200718004,-118.102312694, 9141,134.902,1.976,67.136,231.090
82140,34.228858502,-118.101139868, 8541,130.642,1.977,67.315,231.278
82200,34.256999000,-118.099967043, 7941,126.382,1.977,67.493,231.466
82260,34.285139498,-118.098794217, 7341,122.122,1.978,67.672,231.654
82320,34.313279996,-118.097621391, 6741,117.862,1.979,67.851,231.841
82380,34.341420494,-118.096448565, 6141,113.602,1.979,68.030,232.029
82440,34.369560992,-118.095275739, 5541,109.342,1.980,68.208,232.217
82500,34.397701490,-118.094102913, 4941,105.082,1.981,68.387,232.405
82560,34.425841988,-118.092930088, 4341,100.822,1.981,68.566,232.593
82620,34.453982486,-118.091757262, 3741,96.562,1.982,68.744,232.780
82680,34.482122984,-118.090584436, 3141,92.302,1.983,68.923,232.968
82740,34.510263483,-118.089411610, 2541,88.042,1.983,69.102,233.156
82800,34.538403981,-118.088238784, 1941,83.782,1.984,69.281,233.344
82860,34.566544479,-118.087065958, 1341,79.522,1.985,69.459,233.531
82920,34.594684977,-118.085893132,  741,75.262,1.985,69.638,233.719
82980,34.622825475,-118.084720307,  141,71.002,1.986,69.817,233.907
