src/Components/missions/ACEPOL/Plans/ACEPOL-Flt-plan_er2_20171024_RO.ict
43, 1001
rferrare
NASA Ames Research Center
Simulated flight plan
ACEPOL
1,1
2017,10,24,2017,10,24
60
Start_UTC, seconds from midnight UTC, time keeping
7
1,1,1,1,1,1,1
-9999,-9999,-9999,-9999,-9999,-9999,-9999
Latitude, Degrees (North positive), Planned latitude position of the aircraft
Longitude, Degrees (East positive), Planned longitude position of the aircraft
Altitude, meters (above sea level), Planned altitude of the aircraft
speed, meters per second (m/s), Estimated speed of aircraft
Bearing, degrees from north, Direction of travel of the plane per respect to north
SZA, degrees from zenith, Elevation position of the sun in the sky per respect to zenith
AZI, degrees from north, Azimuthal position of the sun in the sky per respect to north
1
Simulated aircraft data interpolated from flight plan waypoints
21
-----------------------------------------------------------------------------
PI_CONTACT_INFO: rferrare
PLATFORM: er2
LOCATION: N/A
ASSOCIATED_DATA: N/A
INSTRUMENT_INFO: None
DATA_INFO: Compiled with flight planner: moving lines v1.09
UNCERTAINTY: Undefined
ULOD_FLAG: -7777
ULOD_VALUE: N/A
LLOD_FLAG: -8888
LLOD_VALUE: N/A
DM_CONTACT_INFO: Samuel LeBlanc, samuel.leblanc@nasa.gov
PROJECT_INFO: ACEPOL
STIPULATIONS_ON_USE: None
OTHER_COMMENTS: N/A
REVISION: RO
RO: Version 15 of the flight plan ict 
  RA: First iteration of the flight plan
-----------------------------------------------------------------------------
Start_UTC,Latitude,Longitude,Altitude,speed,Bearing,SZA,AZI
59400,34.629444444,-118.084444444,  775,150.000,351.524,64.192,127.850
59460,34.686792608,-118.095021451, 1529,152.433,351.338,64.082,128.077
59520,34.744140771,-118.105598457, 2284,154.866,351.152,63.972,128.303
59580,34.801488935,-118.116175463, 3038,157.299,350.967,63.862,128.530
59640,34.858837098,-118.126752469, 3793,159.732,350.781,63.751,128.756
59700,34.916185261,-118.137329476, 4547,162.165,350.595,63.641,128.983
59760,34.973533425,-118.147906482, 5302,164.598,350.410,63.531,129.209
59820,35.030881588,-118.158483488, 6056,167.031,350.224,63.421,129.436
59880,35.088229752,-118.169060494, 6810,169.464,350.038,63.311,129.662
59940,35.145577915,-118.179637500, 7565,171.897,349.853,63.200,129.889
60000,35.202926078,-118.190214507, 8319,174.330,349.667,63.090,130.115
60060,35.260274242,-118.200791513, 9074,176.763,349.481,62.980,130.342
60120,35.317622405,-118.211368519, 9828,179.196,349.295,62.870,130.568
60180,35.374970568,-118.221945525,10583,181.629,349.110,62.760,130.795
60240,35.432318732,-118.232522531,11337,184.062,348.924,62.649,131.021
60300,35.489666895,-118.243099538,12091,186.495,348.738,62.539,131.248
60360,35.547015059,-118.253676544,12846,188.928,348.553,62.429,131.474
60420,35.604363222,-118.264253550,13600,191.361,348.367,62.319,131.701
60480,35.661711385,-118.274830556,14355,193.794,348.181,62.209,131.927
60540,35.719059549,-118.285407563,15109,196.227,347.996,62.098,132.154
60600,35.776407712,-118.295984569,15864,198.660,347.810,61.988,132.380
60660,35.833755876,-118.306561575,16618,201.093,347.624,61.878,132.607
60720,35.891104039,-118.317138581,17372,203.526,347.438,61.768,132.833
60780,35.948452202,-118.327715587,18127,205.959,347.253,61.658,133.060
60840,36.005800366,-118.338292594,18881,208.392,347.067,61.547,133.286
60900,36.063148529,-118.348869600,19636,210.825,346.881,61.437,133.513
60960,36.142231417,-118.369137445,20000,212.000,343.604,61.356,133.746
61020,36.241618344,-118.398458232,20000,212.000,337.438,61.301,133.986
61080,36.341005271,-118.427779018,20000,212.000,331.272,61.246,134.227
61140,36.440392198,-118.457099805,20000,212.000,325.106,61.192,134.467
61200,36.539779125,-118.486420591,20000,212.000,318.941,61.137,134.707
61260,36.639166052,-118.515741378,20000,212.000,312.775,61.082,134.947
61320,36.738552979,-118.545062164,20000,212.000,306.609,61.028,135.187
61380,36.837939906,-118.574382951,20000,212.000,300.443,60.973,135.428
61440,36.937326833,-118.603703737,20000,212.000,294.277,60.919,135.668
61500,37.036713760,-118.633024524,20000,212.000,288.111,60.864,135.908
61560,37.136100687,-118.662345310,20000,212.000,281.946,60.809,136.148
61620,37.235487614,-118.691666097,20000,212.000,275.780,60.755,136.388
61680,37.270100497,-118.791135876,20000,212.000,266.391,60.696,136.542
61740,37.276301212,-118.921375465,20000,212.000,255.590,60.636,136.656
61800,37.282501927,-119.051615054,20000,212.000,244.788,60.576,136.771
61860,37.288702642,-119.181854642,20000,212.000,233.986,60.516,136.886
61920,37.294903357,-119.312094231,20000,212.000,223.184,60.456,137.001
61980,37.301104072,-119.442333820,20000,212.000,212.382,60.396,137.116
62040,37.307304787,-119.572573408,20000,212.000,201.580,60.336,137.231
62100,37.313505502,-119.702812997,20000,212.000,190.778,60.276,137.346
62160,37.319706217,-119.833052586,20000,212.000,179.976,60.216,137.461
62220,37.325906932,-119.963292174,20000,212.000,169.174,60.156,137.575
62280,37.332107647,-120.093531763,20000,212.000,158.373,60.096,137.690
62340,37.338308362,-120.223771352,20000,212.000,147.571,60.036,137.805
62400,37.278911089,-120.211712020,20000,212.000,143.910,59.853,138.032
62460,37.186357581,-120.127728281,20000,212.000,143.860,59.608,138.316
62520,37.093804073,-120.043744542,20000,212.000,143.809,59.363,138.600
62580,37.001250564,-119.959760803,20000,212.000,143.759,59.119,138.884
62640,36.908697056,-119.875777064,20000,212.000,143.708,58.874,139.168
62700,36.816143548,-119.791793325,20000,212.000,143.657,58.629,139.452
62760,36.725466850,-119.709268238,20000,212.000,145.323,58.388,139.741
62820,36.635381017,-119.627202369,20000,212.000,147.528,58.149,140.032
62880,36.545295185,-119.545136501,20000,212.000,149.734,57.910,140.323
62940,36.455209352,-119.463070633,20000,212.000,151.939,57.670,140.614
63000,36.365123520,-119.381004764,20000,212.000,154.145,57.431,140.905
63060,36.275037688,-119.298938896,20000,212.000,156.350,57.192,141.196
63120,36.177475479,-119.238313399,20000,212.000,160.926,56.960,141.466
63180,36.077179980,-119.185526295,20000,212.000,166.369,56.730,141.728
63240,35.969765465,-119.147867235,20000,212.000,168.648,56.503,141.975
63300,35.857773490,-119.119935366,20000,212.000,168.892,56.277,142.213
63360,35.745781514,-119.092003497,20000,212.000,169.137,56.051,142.450
63420,35.633789539,-119.064071628,20000,212.000,169.381,55.826,142.687
63480,35.521797564,-119.036139759,20000,212.000,169.626,55.600,142.924
63540,35.409805589,-119.008207890,20000,212.000,169.870,55.374,143.162
63600,35.304880634,-118.983531990,20000,212.000,162.409,55.157,143.402
63660,35.208975145,-118.963011602,20000,212.000,145.114,54.950,143.646
63720,35.113069655,-118.942491215,20000,212.000,127.819,54.743,143.890
63780,35.017164166,-118.921970827,20000,212.000,110.523,54.535,144.134
63840,34.921258676,-118.901450440,20000,212.000,93.228,54.328,144.379
63900,34.825353187,-118.880930052,20000,212.000,75.933,54.121,144.623
63960,34.729447697,-118.860409665,20000,212.000,58.637,53.914,144.867
64020,34.633542208,-118.839889277,20000,212.000,41.342,53.707,145.111
64080,34.619309235,-118.798999912,20000,212.000,37.527,53.563,145.416
64140,34.705633914,-118.733031651,20000,212.000,50.310,53.497,145.795
64200,34.791958593,-118.667063390,20000,212.000,63.092,53.431,146.174
64260,34.878283272,-118.601095129,20000,212.000,75.875,53.365,146.554
64320,34.964607952,-118.535126869,20000,212.000,88.657,53.299,146.933
64380,35.050932631,-118.469158608,20000,212.000,101.439,53.233,147.312
64440,35.137257310,-118.403190347,20000,212.000,114.222,53.167,147.692
64500,35.223581989,-118.337222086,20000,212.000,127.004,53.101,148.071
64560,35.309906668,-118.271253825,20000,212.000,139.787,53.035,148.450
64620,35.396231347,-118.205285564,20000,212.000,152.569,52.969,148.830
64680,35.482556026,-118.139317303,20000,212.000,165.352,52.903,149.209
64740,35.568880705,-118.073349042,20000,212.000,178.134,52.837,149.588
64800,35.503176045,-118.059660362,20000,212.000,181.217,52.671,149.858
64860,35.389027700,-118.062630411,20000,212.000,181.209,52.472,150.093
64920,35.274879356,-118.065600460,20000,212.000,181.202,52.274,150.327
64980,35.160731011,-118.068570509,20000,212.000,181.194,52.075,150.562
65040,35.046582666,-118.071540558,20000,212.000,181.186,51.877,150.797
65100,34.932434322,-118.074510607,20000,212.000,181.178,51.679,151.032
65160,34.818262649,-118.077426185,20000,212.000,181.231,51.481,151.270
65220,34.704044364,-118.080232928,20000,212.000,181.403,51.286,151.516
65280,34.589826078,-118.083039672,20000,212.000,181.575,51.091,151.761
65340,34.475607793,-118.085846415,20000,212.000,181.747,50.896,152.007
65400,34.361389508,-118.088653158,20000,212.000,181.919,50.700,152.253
65460,34.247171223,-118.091459901,20000,212.000,182.091,50.505,152.499
65520,34.132952938,-118.094266644,20000,212.000,182.264,50.310,152.744
65580,34.018734652,-118.097073387,20000,212.000,182.436,50.115,152.990
65640,33.904516367,-118.099880131,20000,212.000,182.608,49.920,153.236
65700,33.790298082,-118.102686874,20000,212.000,182.780,49.724,153.481
65760,33.676079797,-118.105493617,20000,212.000,182.952,49.529,153.727
65820,33.562139730,-118.108311732,20000,212.000,183.402,49.334,153.973
65880,33.491746841,-118.112909871,20000,212.000,227.256,49.183,154.241
65940,33.421353951,-118.117508010,20000,212.000,271.111,49.031,154.510
66000,33.350961062,-118.122106148,20000,212.000,314.965,48.879,154.778
66060,33.426705101,-118.211562703,20000,212.000,316.912,48.894,155.000
66120,33.509977589,-118.305390859,20000,212.000,316.700,48.917,155.220
66180,33.593250077,-118.399219014,20000,212.000,316.487,48.940,155.440
66240,33.676522565,-118.493047169,20000,212.000,316.275,48.963,155.660
66300,33.759795053,-118.586875325,20000,212.000,316.063,48.986,155.880
66360,33.843067541,-118.680703480,20000,212.000,315.850,49.009,156.099
66420,33.926340029,-118.774531636,20000,212.000,315.638,49.032,156.319
66480,34.009612517,-118.868359791,20000,212.000,315.426,49.055,156.539
66540,34.092885005,-118.962187947,20000,212.000,315.214,49.078,156.759
66600,34.174838755,-119.057533268,20000,212.000,315.300,49.102,156.976
66660,34.254756103,-119.155221409,20000,212.000,315.849,49.129,157.189
66720,34.334673450,-119.252909549,20000,212.000,316.398,49.157,157.401
66780,34.414590797,-119.350597690,20000,212.000,316.946,49.184,157.614
66840,34.494508145,-119.448285830,20000,212.000,317.495,49.211,157.826
66900,34.574425492,-119.545973971,20000,212.000,318.044,49.238,158.039
66960,34.654342840,-119.643662111,20000,212.000,318.592,49.265,158.252
67020,34.734260187,-119.741350252,20000,212.000,319.141,49.293,158.464
67080,34.814177534,-119.839038392,20000,212.000,319.690,49.320,158.677
67140,34.894094882,-119.936726533,20000,212.000,320.238,49.347,158.890
67200,34.975766592,-120.032168511,20000,212.000,320.143,49.378,159.105
67260,35.061970393,-120.121807922,20000,212.000,318.384,49.420,159.325
67320,35.148174194,-120.211447333,20000,212.000,316.625,49.462,159.546
67380,35.234377995,-120.301086744,20000,212.000,314.867,49.504,159.767
67440,35.320581796,-120.390726155,20000,212.000,313.108,49.546,159.987
67500,35.406785597,-120.480365566,20000,212.000,311.349,49.588,160.208
67560,35.492989398,-120.570004976,20000,212.000,309.591,49.630,160.429
67620,35.579193199,-120.659644387,20000,212.000,307.832,49.672,160.649
67680,35.665397000,-120.749283798,20000,212.000,306.073,49.714,160.870
67740,35.751600801,-120.838923209,20000,212.000,304.314,49.756,161.090
67800,35.837804602,-120.928562620,20000,212.000,302.556,49.797,161.311
67860,35.924008403,-121.018202031,20000,212.000,300.797,49.839,161.532
67920,36.010212205,-121.107841442,20000,212.000,299.038,49.881,161.752
67980,36.096416006,-121.197480853,20000,212.000,297.279,49.923,161.973
68040,36.182619807,-121.287120264,20000,212.000,295.521,49.965,162.194
68100,36.268823608,-121.376759675,20000,212.000,293.762,50.007,162.414
68160,36.355027409,-121.466399086,20000,212.000,292.003,50.049,162.635
68220,36.441231210,-121.556038497,20000,212.000,290.244,50.091,162.856
68280,36.527435011,-121.645677908,20000,212.000,288.486,50.133,163.076
68340,36.613638812,-121.735317319,20000,212.000,286.727,50.175,163.297
68400,36.699842613,-121.824956730,20000,212.000,284.968,50.217,163.518
68460,36.786046414,-121.914596141,20000,212.000,283.209,50.259,163.738
68520,36.872250215,-122.004235552,20000,212.000,281.451,50.300,163.959
68580,36.958454016,-122.093874962,20000,212.000,279.692,50.342,164.180
68640,37.044657817,-122.183514373,20000,212.000,277.933,50.384,164.400
68700,37.130861618,-122.273153784,20000,212.000,276.174,50.426,164.621
68760,37.194649686,-122.373379684,20000,212.000,271.070,50.452,164.823
68820,37.201981064,-122.500268916,20000,212.000,257.541,50.436,164.978
68880,37.209312442,-122.627158148,20000,212.000,244.012,50.420,165.133
68940,37.216643819,-122.754047380,20000,212.000,230.482,50.404,165.288
69000,37.223975197,-122.880936612,20000,212.000,216.953,50.388,165.444
69060,37.231306575,-123.007825844,20000,212.000,203.424,50.373,165.599
69120,37.238637953,-123.134715076,20000,212.000,189.894,50.357,165.754
69180,37.245969331,-123.261604307,20000,212.000,176.365,50.341,165.909
69240,37.253300709,-123.388493539,20000,212.000,162.836,50.325,166.064
69300,37.260632086,-123.515382771,20000,212.000,149.306,50.309,166.219
69360,37.267963464,-123.642272003,20000,212.000,135.777,50.294,166.375
69420,37.275294842,-123.769161235,20000,212.000,122.248,50.278,166.530
69480,37.282626220,-123.896050467,20000,212.000,108.718,50.262,166.685
69540,37.289957598,-124.022939699,20000,212.000,95.189,50.246,166.840
69600,37.297288976,-124.149828931,20000,212.000,81.660,50.230,166.995
69660,37.304620353,-124.276718163,20000,212.000,68.130,50.214,167.150
69720,37.311951731,-124.403607395,20000,212.000,54.601,50.199,167.306
69780,37.319283109,-124.530496626,20000,212.000,41.071,50.183,167.461
69840,37.326614487,-124.657385858,20000,212.000,27.542,50.167,167.616
69900,37.333945865,-124.784275090,20000,212.000,14.013,50.151,167.771
69960,37.384476537,-124.853425766,20000,212.000,5.994,50.171,168.006
70020,37.498077571,-124.838278961,20000,212.000,6.021,50.243,168.356
70080,37.611678606,-124.823132157,20000,212.000,6.047,50.316,168.706
70140,37.725279640,-124.807985352,20000,212.000,6.074,50.388,169.056
70200,37.838880675,-124.792838547,20000,212.000,6.101,50.461,169.407
70260,37.952481709,-124.777691743,20000,212.000,6.127,50.533,169.757
70320,38.066082744,-124.762544938,20000,212.000,6.154,50.605,170.107
70380,38.179634649,-124.747400926,20000,212.000,6.231,50.678,170.457
70440,38.284399100,-124.732756433,20000,212.000,15.403,50.753,170.800
70500,38.389163552,-124.718111940,20000,212.000,24.574,50.829,171.142
70560,38.493928003,-124.703467447,20000,212.000,33.746,50.905,171.484
70620,38.598692455,-124.688822953,20000,212.000,42.917,50.981,171.827
70680,38.703456906,-124.674178460,20000,212.000,52.088,51.056,172.169
70740,38.808221358,-124.659533967,20000,212.000,61.260,51.132,172.511
70800,38.912985810,-124.644889474,20000,212.000,70.431,51.208,172.854
70860,39.017750261,-124.630244981,20000,212.000,79.603,51.284,173.196
70920,39.122514713,-124.615600487,20000,212.000,88.774,51.360,173.538
70980,39.220762926,-124.593817201,20000,212.000,97.450,51.429,173.889
71040,39.205561590,-124.447745505,20000,212.000,97.507,51.387,174.383
71100,39.190360254,-124.301673808,20000,212.000,97.564,51.345,174.877
71160,39.175158918,-124.155602112,20000,212.000,97.620,51.303,175.370
71220,39.159957582,-124.009530416,20000,212.000,97.677,51.261,175.864
71280,39.142842401,-123.864227624,20000,212.000,97.701,51.249,176.360
71340,39.124991440,-123.719220439,20000,212.000,97.712,51.247,176.856
71400,39.107140478,-123.574213254,20000,212.000,97.723,51.246,177.352
71460,39.089289516,-123.429206068,20000,212.000,97.735,51.245,177.848
71520,39.071438554,-123.284198883,20000,212.000,97.746,51.244,178.344
71580,39.053587592,-123.139191698,20000,212.000,97.758,51.242,178.840
71640,39.035736631,-122.994184512,20000,212.000,97.769,51.241,179.336
71700,39.017885669,-122.849177327,20000,212.000,97.781,51.240,179.833
71760,39.000034707,-122.704170142,20000,212.000,97.792,51.239,180.329
71820,38.982183745,-122.559162956,20000,212.000,97.804,51.238,180.825
71880,38.964332783,-122.414155771,20000,212.000,97.815,51.236,181.321
71940,38.946481822,-122.269148586,20000,212.000,97.826,51.235,181.817
72000,38.928630860,-122.124141401,20000,212.000,97.838,51.234,182.313
72060,38.910779898,-121.979134215,20000,212.000,97.849,51.233,182.809
72120,38.892928936,-121.834127030,20000,212.000,97.861,51.232,183.306
72180,38.875077974,-121.689119845,20000,212.000,97.872,51.230,183.802
72240,38.857227013,-121.544112659,20000,212.000,97.884,51.229,184.298
72300,38.839376051,-121.399105474,20000,212.000,97.895,51.228,184.794
72360,38.821525089,-121.254098289,20000,212.000,97.906,51.227,185.290
72420,38.803674127,-121.109091103,20000,212.000,97.918,51.225,185.786
72480,38.785823165,-120.964083918,20000,212.000,97.929,51.224,186.282
72540,38.767972204,-120.819076733,20000,212.000,97.941,51.223,186.779
72600,38.750121242,-120.674069547,20000,212.000,97.952,51.222,187.275
72660,38.732270280,-120.529062362,20000,212.000,97.964,51.221,187.771
72720,38.714419318,-120.384055177,20000,212.000,97.975,51.219,188.267
72780,38.696568356,-120.239047991,20000,212.000,97.987,51.218,188.763
72840,38.678717395,-120.094040806,20000,212.000,97.998,51.217,189.259
72900,38.660866433,-119.949033621,20000,212.000,98.009,51.216,189.755
