src/Components/missions/ACEPOL/Plans/ACEPOL-Flt-plan_er2_20171026_RO.ict
43, 1001
rferrare
NASA Ames Research Center
Simulated flight plan
ACEPOL
1,1
2017,10,26,2017,10,26
60
Start_UTC, seconds from midnight UTC, time keeping
7
1,1,1,1,1,1,1
-9999,-9999,-9999,-9999,-9999,-9999,-9999
Latitude, Degrees (North positive), Planned latitude position of the aircraft
Longitude, Degrees (East positive), Planned longitude position of the aircraft
Altitude, meters (above sea level), Planned altitude of the aircraft
speed, meters per second (m/s), Estimated speed of aircraft
Bearing, degrees from north, Direction of travel of the plane per respect to north
SZA, degrees from zenith, Elevation position of the sun in the sky per respect to zenith
AZI, degrees from north, Azimuthal position of the sun in the sky per respect to north
1
Simulated aircraft data interpolated from flight plan waypoints
21
-----------------------------------------------------------------------------
PI_CONTACT_INFO: rferrare
PLATFORM: er2
LOCATION: N/A
ASSOCIATED_DATA: N/A
INSTRUMENT_INFO: None
DATA_INFO: Compiled with flight planner: moving lines v1.09
UNCERTAINTY: Undefined
ULOD_FLAG: -7777
ULOD_VALUE: N/A
LLOD_FLAG: -8888
LLOD_VALUE: N/A
DM_CONTACT_INFO: Samuel LeBlanc, samuel.leblanc@nasa.gov
PROJECT_INFO: ACEPOL
STIPULATIONS_ON_USE: None
OTHER_COMMENTS: N/A
REVISION: RO
RO: Version 15 of the flight plan ict 
  RA: First iteration of the flight plan
-----------------------------------------------------------------------------
Start_UTC,Latitude,Longitude,Altitude,speed,Bearing,SZA,AZI
65700,34.629444444,-118.084444444,  775,150.000,5.418,51.080,154.196
65760,34.683924935,-118.078051969, 1504,152.351,17.842,51.054,154.519
65820,34.738405426,-118.071659494, 2233,154.702,30.266,51.028,154.843
65880,34.792885917,-118.065267019, 2962,157.053,42.690,51.003,155.167
65940,34.847366408,-118.058874544, 3691,159.404,55.114,50.977,155.491
66000,34.901846899,-118.052482069, 4420,161.755,67.538,50.951,155.815
66060,34.956327390,-118.046089594, 5149,164.106,79.962,50.925,156.139
66120,35.010807881,-118.039697119, 5878,166.457,92.386,50.899,156.463
66180,35.065288372,-118.033304644, 6607,168.808,104.810,50.873,156.787
66240,35.119768862,-118.026912169, 7336,171.159,117.234,50.847,157.111
66300,35.174249353,-118.020519693, 8065,173.510,129.658,50.821,157.434
66360,35.228729844,-118.014127218, 8794,175.861,142.082,50.795,157.758
66420,35.283210335,-118.007734743, 9523,178.211,154.507,50.769,158.082
66480,35.337690826,-118.001342268,10252,180.562,166.931,50.743,158.406
66540,35.392171317,-117.994949793,10981,182.913,179.355,50.717,158.730
66600,35.446651808,-117.988557318,11710,185.264,191.779,50.691,159.054
66660,35.501132299,-117.982164843,12439,187.615,204.203,50.665,159.378
66720,35.555612790,-117.975772368,13168,189.966,216.627,50.640,159.702
66780,35.610093280,-117.969379893,13897,192.317,229.051,50.614,160.026
66840,35.664573771,-117.962987418,14626,194.668,241.475,50.588,160.349
66900,35.719054262,-117.956594942,15355,197.019,253.899,50.562,160.673
66960,35.773534753,-117.950202467,16084,199.370,266.323,50.536,160.997
67020,35.828015244,-117.943809992,16813,201.721,278.747,50.510,161.321
67080,35.882495735,-117.937417517,17542,204.072,291.171,50.484,161.645
67140,35.936976226,-117.931025042,18271,206.423,303.595,50.458,161.969
67200,35.991456717,-117.924632567,19000,208.774,316.019,50.432,162.293
67260,36.045937208,-117.918240092,19729,211.125,328.443,50.406,162.617
67320,36.124145836,-117.953049995,20000,212.000,330.589,50.427,162.897
67380,36.216423599,-118.012290040,20000,212.000,326.641,50.476,163.152
67440,36.308701362,-118.071530086,20000,212.000,322.693,50.525,163.406
67500,36.400979125,-118.130770131,20000,212.000,318.744,50.574,163.661
67560,36.493256888,-118.190010176,20000,212.000,314.796,50.623,163.915
67620,36.585534651,-118.249250222,20000,212.000,310.848,50.672,164.170
67680,36.677812414,-118.308490267,20000,212.000,306.900,50.721,164.424
67740,36.770090177,-118.367730312,20000,212.000,302.952,50.770,164.678
67800,36.862367940,-118.426970358,20000,212.000,299.004,50.819,164.933
67860,36.954645703,-118.486210403,20000,212.000,295.056,50.868,165.187
67920,37.046923466,-118.545450448,20000,212.000,291.107,50.917,165.442
67980,37.139201229,-118.604690494,20000,212.000,287.159,50.966,165.696
68040,37.231478992,-118.663930539,20000,212.000,283.211,51.015,165.951
68100,37.323756755,-118.723170584,20000,212.000,279.263,51.064,166.205
68160,37.416034517,-118.782410630,20000,212.000,275.315,51.113,166.460
68220,37.508312280,-118.841650675,20000,212.000,271.367,51.162,166.714
68280,37.511558052,-118.970723953,20000,212.000,260.330,51.144,166.864
68340,37.513128617,-119.101111197,20000,212.000,249.160,51.125,167.012
68400,37.514699183,-119.231498441,20000,212.000,237.990,51.107,167.160
68460,37.516269748,-119.361885685,20000,212.000,226.820,51.088,167.307
68520,37.517840314,-119.492272930,20000,212.000,215.650,51.069,167.455
68580,37.519410879,-119.622660174,20000,212.000,204.480,51.051,167.603
68640,37.520981445,-119.753047418,20000,212.000,193.310,51.032,167.751
68700,37.522552010,-119.883434662,20000,212.000,182.140,51.013,167.898
68760,37.524122576,-120.013821906,20000,212.000,170.970,50.994,168.046
68820,37.525693141,-120.144209151,20000,212.000,159.800,50.976,168.194
68880,37.496094592,-120.214351524,20000,212.000,152.104,50.919,168.413
68940,37.395910336,-120.148063112,20000,212.000,152.278,50.775,168.794
69000,37.295726080,-120.081774699,20000,212.000,152.452,50.632,169.175
69060,37.195541823,-120.015486287,20000,212.000,152.626,50.489,169.556
69120,37.095357567,-119.949197874,20000,212.000,152.800,50.345,169.937
69180,36.995173310,-119.882909461,20000,212.000,152.973,50.202,170.318
69240,36.894989054,-119.816621049,20000,212.000,153.147,50.059,170.699
69300,36.794862940,-119.750457832,20000,212.000,153.441,49.915,171.080
69360,36.697297879,-119.689809281,20000,212.000,159.031,49.786,171.466
69420,36.599732818,-119.629160729,20000,212.000,164.620,49.656,171.851
69480,36.502167757,-119.568512178,20000,212.000,170.210,49.527,172.237
69540,36.404602696,-119.507863627,20000,212.000,175.799,49.397,172.622
69600,36.307037635,-119.447215075,20000,212.000,181.388,49.268,173.008
69660,36.209472574,-119.386566524,20000,212.000,186.978,49.138,173.393
69720,36.111907096,-119.348035205,20000,212.000,187.109,49.012,173.752
69780,36.014340445,-119.371653614,20000,212.000,171.902,48.897,174.034
69840,35.916773794,-119.395272023,20000,212.000,156.696,48.781,174.315
69900,35.819294426,-119.375170120,20000,212.000,148.226,48.665,174.657
69960,35.721921713,-119.301643787,20000,212.000,147.988,48.548,175.073
70020,35.624549001,-119.228117453,20000,212.000,147.749,48.431,175.488
70080,35.527176289,-119.154591119,20000,212.000,147.511,48.314,175.903
70140,35.429803576,-119.081064785,20000,212.000,147.273,48.197,176.318
70200,35.332430864,-119.007538451,20000,212.000,147.035,48.080,176.733
70260,35.238570256,-118.933603739,20000,212.000,145.980,47.977,177.157
70320,35.144787866,-118.859659932,20000,212.000,144.908,47.874,177.581
70380,35.051005477,-118.785716125,20000,212.000,143.835,47.772,178.005
70440,34.957223088,-118.711772318,20000,212.000,142.762,47.669,178.429
70500,34.863440698,-118.637828511,20000,212.000,141.690,47.567,178.852
70560,34.769658309,-118.563884705,20000,212.000,140.617,47.464,179.276
70620,34.689475867,-118.484712894,20000,212.000,151.699,47.382,179.709
70680,34.594705952,-118.423140422,20000,212.000,151.817,47.291,180.125
70740,34.499797826,-118.361729281,20000,212.000,151.830,47.201,180.542
70800,34.404889700,-118.300318141,20000,212.000,151.843,47.110,180.958
70860,34.309981574,-118.238907001,20000,212.000,151.856,47.020,181.374
70920,34.215073448,-118.177495860,20000,212.000,151.870,46.929,181.790
70980,34.119285261,-118.115637205,20000,212.000,152.009,46.840,182.208
71040,34.018430165,-118.051202004,20000,212.000,152.874,46.757,182.636
71100,33.917575068,-117.986766804,20000,212.000,153.739,46.674,183.064
71160,33.816719971,-117.922331603,20000,212.000,154.604,46.591,183.492
71220,33.715864874,-117.857896402,20000,212.000,155.469,46.508,183.919
71280,33.615009778,-117.793461202,20000,212.000,156.335,46.425,184.347
71340,33.514154681,-117.729026001,20000,212.000,157.200,46.342,184.775
71400,33.413299584,-117.664590800,20000,212.000,158.065,46.259,185.202
71460,33.311749612,-117.606455248,20000,212.000,160.204,46.178,185.624
71520,33.209063532,-117.558411122,20000,212.000,164.360,46.101,186.036
71580,33.099068564,-117.521746133,20000,212.000,164.087,46.020,186.436
71640,32.989073595,-117.485081143,20000,212.000,163.813,45.939,186.836
71700,32.882818069,-117.449490065,20000,212.000,159.639,45.862,187.234
71760,32.802007892,-117.421206503,20000,212.000,128.925,45.814,187.621
71820,32.721197714,-117.392922940,20000,212.000,98.211,45.766,188.008
71880,32.640387537,-117.364639378,20000,212.000,67.497,45.718,188.396
71940,32.673750139,-117.255759801,20000,212.000,61.872,45.798,188.873
72000,32.724734234,-117.134440987,20000,212.000,60.119,45.897,189.364
72060,32.779568840,-117.015440904,20000,212.000,59.301,46.006,189.849
72120,32.837446595,-116.898273369,20000,212.000,59.222,46.121,190.328
72180,32.895324351,-116.781105834,20000,212.000,59.143,46.237,190.806
72240,32.953202107,-116.663938299,20000,212.000,59.063,46.352,191.285
72300,33.011079863,-116.546770764,20000,212.000,58.984,46.468,191.764
72360,33.068957619,-116.429603229,20000,212.000,58.905,46.584,192.243
72420,33.126417668,-116.314470216,20000,212.000,61.244,46.711,192.708
72480,33.183803548,-116.199698456,20000,212.000,64.014,46.840,193.170
72540,33.241189428,-116.084926696,20000,212.000,66.783,46.970,193.632
72600,33.298575308,-115.970154936,20000,212.000,69.552,47.099,194.095
72660,33.355961188,-115.855383176,20000,212.000,72.321,47.229,194.557
72720,33.413347068,-115.740611416,20000,212.000,75.091,47.358,195.020
72780,33.470732948,-115.625839656,20000,212.000,77.860,47.487,195.482
72840,33.502367736,-115.498092929,20000,212.000,81.188,47.603,195.960
72900,33.524460192,-115.365538195,20000,212.000,84.722,47.713,196.444
72960,33.540802718,-115.231467621,20000,212.000,86.992,47.822,196.929
73020,33.546150545,-115.094498541,20000,212.000,86.844,47.930,197.415
73080,33.551498372,-114.957529461,20000,212.000,86.695,48.038,197.901
73140,33.556846198,-114.820560381,20000,212.000,86.547,48.146,198.387
73200,33.562194025,-114.683591301,20000,212.000,86.398,48.253,198.873
73260,33.567541851,-114.546622221,20000,212.000,86.250,48.361,199.359
73320,33.572889678,-114.409653140,20000,212.000,86.101,48.469,199.846
73380,33.578293273,-114.275252613,20000,212.000,88.163,48.578,200.327
73440,33.584214257,-114.164681648,20000,212.000,110.730,48.700,200.763
73500,33.590135240,-114.054110684,20000,212.000,133.297,48.822,201.199
73560,33.596056224,-113.943539719,20000,212.000,155.864,48.944,201.634
73620,33.601977207,-113.832968755,20000,212.000,178.431,49.066,202.070
73680,33.607898191,-113.722397790,20000,212.000,200.999,49.188,202.506
73740,33.613819174,-113.611826826,20000,212.000,223.566,49.310,202.942
73800,33.619740158,-113.501255861,20000,212.000,246.133,49.432,203.378
73860,33.625661141,-113.390684897,20000,212.000,268.700,49.555,203.814
73920,33.631582125,-113.280113932,20000,212.000,291.267,49.677,204.250
73980,33.637503109,-113.169542968,20000,212.000,313.834,49.799,204.686
74040,33.643424092,-113.058972003,20000,212.000,336.401,49.921,205.122
74100,33.705234752,-113.023833024,20000,212.000,346.950,50.073,205.442
74160,33.816031422,-113.054808437,20000,212.000,346.963,50.252,205.660
74220,33.926828091,-113.085783850,20000,212.000,346.977,50.430,205.878
74280,34.038045824,-113.117311347,20000,212.000,346.953,50.611,206.089
74340,34.149294948,-113.148880004,20000,212.000,346.925,50.792,206.299
74400,34.260544072,-113.180448661,20000,212.000,346.897,50.974,206.509
74460,34.371793196,-113.212017318,20000,212.000,346.870,51.155,206.719
74520,34.483042320,-113.243585975,20000,212.000,346.842,51.336,206.929
74580,34.594291445,-113.275154632,20000,212.000,346.814,51.517,207.139
74640,34.705540569,-113.306723289,20000,212.000,346.786,51.698,207.349
74700,34.816789693,-113.338291946,20000,212.000,346.759,51.880,207.559
74760,34.928038817,-113.369860603,20000,212.000,346.731,52.061,207.769
74820,35.039287941,-113.401429260,20000,212.000,346.703,52.242,207.978
74880,35.150537066,-113.432997917,20000,212.000,346.676,52.423,208.188
74940,35.261786190,-113.464566574,20000,212.000,346.648,52.604,208.398
75000,35.373035314,-113.496135231,20000,212.000,346.620,52.785,208.608
75060,35.484108241,-113.529209567,20000,212.000,346.629,52.969,208.806
75120,35.595161723,-113.562450065,20000,212.000,346.643,53.153,209.002
75180,35.706215206,-113.595690563,20000,212.000,346.656,53.337,209.198
75240,35.817268688,-113.628931061,20000,212.000,346.669,53.522,209.394
75300,35.928322171,-113.662171560,20000,212.000,346.682,53.706,209.591
75360,36.039375653,-113.695412058,20000,212.000,346.695,53.890,209.787
75420,36.150429136,-113.728652556,20000,212.000,346.708,54.074,209.983
75480,36.261482618,-113.761893054,20000,212.000,346.721,54.258,210.179
75540,36.372536101,-113.795133552,20000,212.000,346.734,54.442,210.375
75600,36.483589583,-113.828374050,20000,212.000,346.748,54.626,210.571
75660,36.594643066,-113.861614549,20000,212.000,346.761,54.810,210.768
75720,36.705696548,-113.894855047,20000,212.000,346.774,54.994,210.964
75780,36.816750031,-113.928095545,20000,212.000,346.787,55.179,211.160
75840,36.927803513,-113.961336043,20000,212.000,346.800,55.363,211.356
75900,37.038856996,-113.994576541,20000,212.000,346.813,55.547,211.552
75960,37.149910478,-114.027817039,20000,212.000,346.826,55.731,211.748
76020,37.260963960,-114.061057537,20000,212.000,346.839,55.915,211.945
76080,37.371314594,-114.094098488,20000,212.000,346.012,56.100,212.137
76140,37.480823772,-114.126900539,20000,212.000,344.179,56.285,212.324
76200,37.590332949,-114.159702589,20000,212.000,342.345,56.471,212.512
76260,37.699842127,-114.192504640,20000,212.000,340.512,56.656,212.699
76320,37.809351304,-114.225306690,20000,212.000,338.679,56.842,212.886
76380,37.918860482,-114.258108741,20000,212.000,336.845,57.027,213.074
76440,38.028369659,-114.290910792,20000,212.000,335.012,57.213,213.261
76500,38.137878837,-114.323712842,20000,212.000,333.179,57.398,213.449
76560,38.247388014,-114.356514893,20000,212.000,331.345,57.584,213.636
76620,38.356897192,-114.389316943,20000,212.000,329.512,57.769,213.824
76680,38.466406370,-114.422118994,20000,212.000,327.679,57.954,214.011
76740,38.575915547,-114.454921045,20000,212.000,325.845,58.140,214.198
76800,38.685424725,-114.487723095,20000,212.000,324.012,58.325,214.386
76860,38.761055226,-114.553763710,20000,212.000,301.676,58.469,214.547
76920,38.834100095,-114.622341103,20000,212.000,277.774,58.610,214.706
76980,38.907144964,-114.690918496,20000,212.000,253.873,58.750,214.866
77040,38.897333962,-114.804915912,20000,212.000,246.679,58.804,215.007
77100,38.851287901,-114.938776703,20000,212.000,246.790,58.819,215.140
77160,38.805241841,-115.072637494,20000,212.000,246.902,58.835,215.273
77220,38.759195780,-115.206498285,20000,212.000,247.013,58.850,215.407
77280,38.713149720,-115.340359075,20000,212.000,247.125,58.865,215.540
77340,38.667103659,-115.474219866,20000,212.000,247.236,58.881,215.673
77400,38.621057599,-115.608080657,20000,212.000,247.348,58.896,215.806
77460,38.575011538,-115.741941448,20000,212.000,247.459,58.912,215.940
77520,38.528965478,-115.875802238,20000,212.000,247.571,58.927,216.073
77580,38.483606289,-116.009620218,20000,212.000,247.739,58.944,216.205
77640,38.439440940,-116.143363788,20000,212.000,248.007,58.964,216.337
77700,38.395275591,-116.277107358,20000,212.000,248.274,58.983,216.468
77760,38.351110242,-116.410850928,20000,212.000,248.541,59.003,216.599
77820,38.306944893,-116.544594498,20000,212.000,248.809,59.022,216.730
77880,38.262779544,-116.678338068,20000,212.000,249.076,59.042,216.862
77940,38.218614195,-116.812081637,20000,212.000,249.344,59.061,216.993
78000,38.174448846,-116.945825207,20000,212.000,249.611,59.081,217.124
78060,38.130283497,-117.079568777,20000,212.000,249.879,59.100,217.255
78120,38.086118148,-117.213312347,20000,212.000,250.146,59.120,217.386
78180,38.041952799,-117.347055917,20000,212.000,250.413,59.139,217.518
78240,38.001592237,-117.479269024,20000,212.000,238.182,59.164,217.649
78300,37.964996608,-117.609967698,20000,212.000,213.583,59.193,217.782
78360,37.928400980,-117.740666373,20000,212.000,188.984,59.222,217.914
78420,37.816755751,-117.763412439,20000,212.000,187.611,59.259,218.172
78480,37.703708993,-117.784142520,20000,212.000,186.671,59.295,218.433
78540,37.590662234,-117.804872600,20000,212.000,185.732,59.331,218.695
78600,37.477615476,-117.825602681,20000,212.000,184.792,59.367,218.956
78660,37.364568717,-117.846332762,20000,212.000,183.852,59.403,219.217
78720,37.251521958,-117.867062843,20000,212.000,182.913,59.440,219.478
78780,37.138475200,-117.887792924,20000,212.000,181.973,59.476,219.739
78840,37.025428441,-117.908523004,20000,212.000,181.034,59.512,220.000
78900,36.912381683,-117.929253085,20000,212.000,180.094,59.548,220.261
78960,36.799334924,-117.949983166,20000,212.000,179.155,59.584,220.522
79020,36.686288165,-117.970713247,20000,212.000,178.215,59.621,220.783
79080,36.573241407,-117.991443328,20000,212.000,177.276,59.657,221.044
79140,36.460194648,-118.012173408,20000,212.000,176.336,59.693,221.305
79200,36.347147890,-118.032903489,20000,212.000,175.397,59.729,221.567
79260,36.234101131,-118.053633570,20000,212.000,174.457,59.765,221.828
79320,36.121054373,-118.074363651,20000,212.000,173.518,59.802,222.089
79380,36.008007614,-118.095093732,20000,212.000,172.578,59.838,222.350
79440,35.894960855,-118.115823812,20000,212.000,171.639,59.874,222.611
79500,35.781914097,-118.136553893,20000,212.000,170.699,59.910,222.872
79560,35.668867338,-118.157283974,20000,212.000,169.760,59.946,223.133
79620,35.555820580,-118.178014055,20000,212.000,168.820,59.983,223.394
79680,35.442773821,-118.198744136,20000,212.000,167.881,60.019,223.655
79740,35.329727063,-118.219474216,20000,212.000,166.941,60.055,223.916
79800,35.216680304,-118.240204297,20000,212.000,166.002,60.091,224.177
79860,35.151651619,-118.248222430,19703,209.894,165.528,60.181,224.421
79920,35.135749595,-118.243235135,19103,205.634,165.531,60.326,224.645
79980,35.119847571,-118.238247839,18503,201.374,165.534,60.471,224.870
80040,35.103945548,-118.233260544,17903,197.114,165.536,60.616,225.095
80100,35.088043524,-118.228273249,17303,192.854,165.539,60.761,225.319
80160,35.072141501,-118.223285953,16703,188.594,165.542,60.906,225.544
80220,35.056239477,-118.218298658,16103,184.334,165.545,61.051,225.769
80280,35.040337454,-118.213311363,15503,180.074,165.548,61.197,225.994
80340,35.024435430,-118.208324068,14903,175.814,165.551,61.342,226.218
80400,35.008533407,-118.203336772,14303,171.554,165.554,61.487,226.443
80460,34.992631383,-118.198349477,13703,167.294,165.556,61.632,226.668
80520,34.976729360,-118.193362182,13103,163.034,165.559,61.777,226.892
80580,34.960827336,-118.188374886,12503,158.774,165.562,61.922,227.117
80640,34.944925313,-118.183387591,11903,154.514,165.565,62.067,227.342
80700,34.929023289,-118.178400296,11303,150.254,165.568,62.212,227.567
80760,34.913121266,-118.173413001,10703,145.994,165.571,62.357,227.791
80820,34.897219242,-118.168425705,10103,141.734,165.574,62.502,228.016
80880,34.881317218,-118.163438410, 9503,137.474,165.576,62.647,228.241
80940,34.865415195,-118.158451115, 8903,133.214,165.579,62.792,228.465
81000,34.849513171,-118.153463819, 8303,128.954,165.582,62.937,228.690
81060,34.833611148,-118.148476524, 7703,124.694,165.585,63.082,228.915
81120,34.817709124,-118.143489229, 7103,120.434,165.588,63.227,229.140
81180,34.801807101,-118.138501934, 6503,116.174,165.591,63.372,229.364
81240,34.785905077,-118.133514638, 5903,111.914,165.594,63.517,229.589
81300,34.770003054,-118.128527343, 5303,107.654,165.596,63.662,229.814
81360,34.754101030,-118.123540048, 4703,103.394,165.599,63.807,230.038
81420,34.738199007,-118.118552752, 4103,99.134,165.602,63.952,230.263
81480,34.722296983,-118.113565457, 3503,94.874,165.605,64.097,230.488
81540,34.706394960,-118.108578162, 2903,90.614,165.608,64.242,230.713
81600,34.690492936,-118.103590867, 2303,86.354,165.611,64.387,230.937
81660,34.674590913,-118.098603571, 1703,82.094,165.613,64.533,231.162
81720,34.658688889,-118.093616276, 1103,77.834,165.616,64.678,231.387
81780,34.642786865,-118.088628981,  503,73.574,165.619,64.823,231.611
