src/Components/missions/ACEPOL/Plans/ACEPOL-Flt-plan_er2_20171102_RA.ict
42, 1001
kknobels
NASA Ames Research Center
Simulated flight plan
ACEPOL
1,1
2017,11,02,2017,11,02
60
Start_UTC, seconds from midnight UTC, time keeping
7
1,1,1,1,1,1,1
-9999,-9999,-9999,-9999,-9999,-9999,-9999
Latitude, Degrees (North positive), Planned latitude position of the aircraft
Longitude, Degrees (East positive), Planned longitude position of the aircraft
Altitude, meters (above sea level), Planned altitude of the aircraft
speed, meters per second (m/s), Estimated speed of aircraft
Bearing, degrees from north, Direction of travel of the plane per respect to north
SZA, degrees from zenith, Elevation position of the sun in the sky per respect to zenith
AZI, degrees from north, Azimuthal position of the sun in the sky per respect to north
1
Simulated aircraft data interpolated from flight plan waypoints
20
-----------------------------------------------------------------------------
PI_CONTACT_INFO: kknobels
PLATFORM: er2
LOCATION: N/A
ASSOCIATED_DATA: N/A
INSTRUMENT_INFO: None
DATA_INFO: Compiled with flight planner: moving lines v1.2
UNCERTAINTY: Undefined
ULOD_FLAG: -7777
ULOD_VALUE: N/A
LLOD_FLAG: -8888
LLOD_VALUE: N/A
DM_CONTACT_INFO: Samuel LeBlanc, samuel.leblanc@nasa.gov
PROJECT_INFO: ACEPOL
STIPULATIONS_ON_USE: None
OTHER_COMMENTS: N/A
REVISION: RA
RA: First iteration of the flight plan
-----------------------------------------------------------------------------
Start_UTC,Latitude,Longitude,Altitude,speed,Bearing,SZA,AZI
61200,34.629444444,-118.084444444,  775,150.000,357.856,61.852,136.446
61260,34.736945402,-118.089514643, 1460,152.063,354.824,61.807,136.711
61320,34.844446360,-118.094584842, 2145,154.126,351.793,61.763,136.977
61380,34.951947318,-118.099655041, 2830,156.189,348.761,61.718,137.242
61440,35.059448276,-118.104725240, 3515,158.252,345.729,61.673,137.507
61500,35.166949234,-118.109795439, 4199,160.316,342.698,61.628,137.773
61560,35.274450192,-118.114865638, 4884,162.379,339.666,61.583,138.038
61620,35.381951150,-118.119935837, 5569,164.442,336.634,61.538,138.304
61680,35.489452108,-118.125006036, 6254,166.505,333.603,61.493,138.569
61740,35.596953066,-118.130076235, 6939,168.568,330.571,61.448,138.834
61800,35.704454024,-118.135146434, 7624,170.631,327.539,61.404,139.100
61860,35.811954981,-118.140216633, 8309,172.694,324.508,61.359,139.365
61920,35.919455939,-118.145286832, 8994,174.757,321.476,61.314,139.631
61980,36.026956897,-118.150357031, 9679,176.821,318.444,61.269,139.896
62040,36.134457855,-118.155427230,10363,178.884,315.413,61.224,140.161
62100,36.241958813,-118.160497429,11048,180.947,312.381,61.179,140.427
62160,36.349459771,-118.165567628,11733,183.010,309.349,61.134,140.692
62220,36.456960729,-118.170637827,12418,185.073,306.318,61.089,140.958
62280,36.564461687,-118.175708026,13103,187.136,303.286,61.044,141.223
62340,36.671962645,-118.180778224,13788,189.199,300.254,61.000,141.488
62400,36.779463603,-118.185848423,14473,191.262,297.223,60.955,141.754
62460,36.886964561,-118.190918622,15158,193.326,294.191,60.910,142.019
62520,36.994465519,-118.195988821,15843,195.389,291.159,60.865,142.284
62580,37.101966476,-118.201059020,16527,197.452,288.128,60.820,142.550
62640,37.209467434,-118.206129219,17212,199.515,285.096,60.775,142.815
62700,37.316968392,-118.211199418,17897,201.578,282.064,60.730,143.081
62760,37.424469350,-118.216269617,18582,203.641,279.033,60.685,143.346
62820,37.495050037,-118.273089016,19000,204.900,276.959,60.642,143.552
62880,37.507853390,-118.410891863,19000,204.900,276.384,60.601,143.666
62940,37.520656742,-118.548694710,19000,204.900,275.809,60.559,143.779
63000,37.533460094,-118.686497556,19000,204.900,275.235,60.518,143.893
63060,37.546263447,-118.824300403,19000,204.900,274.660,60.476,144.007
63120,37.559066799,-118.962103250,19000,204.900,274.085,60.435,144.120
63180,37.571870151,-119.099906097,19000,204.900,273.511,60.394,144.234
63240,37.584673504,-119.237708944,19000,204.900,272.936,60.352,144.348
63300,37.597476856,-119.375511791,19000,204.900,272.361,60.311,144.461
63360,37.610280208,-119.513314637,19000,204.900,271.787,60.269,144.575
63420,37.623083561,-119.651117484,19000,204.900,271.212,60.228,144.688
63480,37.635886913,-119.788920331,19000,204.900,270.637,60.187,144.802
63540,37.641836372,-119.927617046,19000,204.900,270.328,60.141,144.913
63600,37.641879996,-120.067083985,19000,204.900,270.247,60.091,145.022
63660,37.641923621,-120.206550924,19000,204.900,270.167,60.042,145.132
63720,37.641967246,-120.346017863,19000,204.900,270.086,59.992,145.241
63780,37.642010870,-120.485484802,19000,204.900,270.006,59.943,145.350
63840,37.642054495,-120.624951741,19000,204.900,269.925,59.893,145.459
63900,37.642098119,-120.764418680,19000,204.900,269.845,59.844,145.568
63960,37.642141744,-120.903885619,19000,204.900,269.764,59.794,145.677
64020,37.641717273,-121.041179699,19000,204.900,269.727,59.744,145.789
64080,37.640432169,-121.174478795,19000,204.900,269.771,59.692,145.906
64140,37.639147066,-121.307777891,19000,204.900,269.815,59.639,146.022
64200,37.637861962,-121.441076987,19000,204.900,269.858,59.587,146.138
64260,37.636576858,-121.574376083,19000,204.900,269.902,59.535,146.255
64320,37.635291755,-121.707675179,19000,204.900,269.946,59.483,146.371
64380,37.634006651,-121.840974275,19000,204.900,269.990,59.431,146.487
64440,37.632721547,-121.974273371,19000,204.900,270.033,59.379,146.604
64500,37.631436444,-122.107572467,19000,204.900,270.077,59.327,146.720
64560,37.630151340,-122.240871562,19000,204.900,270.121,59.275,146.837
64620,37.628840064,-122.374912950,19000,204.900,271.004,59.223,146.953
64680,37.627465400,-122.510752144,19000,204.900,273.919,59.175,147.069
64740,37.626090736,-122.646591338,19000,204.900,276.835,59.126,147.185
64800,37.624716072,-122.782430532,19000,204.900,279.751,59.078,147.301
64860,37.623341409,-122.918269726,19000,204.900,282.667,59.029,147.416
64920,37.621966745,-123.054108920,19000,204.900,285.582,58.980,147.532
64980,37.620592081,-123.189948114,19000,204.900,288.498,58.932,147.648
65040,37.619217417,-123.325787308,19000,204.900,291.414,58.883,147.764
65100,37.617842753,-123.461626502,19000,204.900,294.330,58.835,147.880
65160,37.616468089,-123.597465696,19000,204.900,297.245,58.786,147.996
65220,37.615093425,-123.733304890,19000,204.900,300.161,58.737,148.112
65280,37.613718761,-123.869144084,19000,204.900,303.077,58.689,148.228
65340,37.612344097,-124.004983278,19000,204.900,305.993,58.640,148.344
65400,37.610969433,-124.140822472,19000,204.900,308.908,58.592,148.459
65460,37.609594770,-124.276661666,19000,204.900,311.824,58.543,148.575
65520,37.608220106,-124.412500861,19000,204.900,314.740,58.494,148.691
65580,37.606845442,-124.548340055,19000,204.900,317.656,58.446,148.807
65640,37.605470778,-124.684179249,19000,204.900,320.571,58.397,148.923
65700,37.604096114,-124.820018443,19000,204.900,323.487,58.349,149.039
65760,37.602721450,-124.955857637,19000,204.900,326.403,58.300,149.155
65820,37.601346786,-125.091696831,19000,204.900,329.318,58.251,149.271
65880,37.599972122,-125.227536025,19000,204.900,332.234,58.203,149.387
65940,37.695854938,-125.294288874,19000,204.900,332.305,58.216,149.607
66000,37.793257764,-125.359961991,19000,204.900,332.332,58.229,149.828
66060,37.890660590,-125.425635109,19000,204.900,332.359,58.243,150.050
66120,37.988063417,-125.491308227,19000,204.900,332.386,58.257,150.272
66180,38.085466243,-125.556981344,19000,204.900,332.413,58.271,150.493
66240,38.182869069,-125.622654462,19000,204.900,332.440,58.284,150.715
66300,38.280271895,-125.688327579,19000,204.900,332.466,58.298,150.937
66360,38.377674721,-125.754000697,19000,204.900,332.493,58.312,151.159
66420,38.475077547,-125.819673815,19000,204.900,332.520,58.326,151.380
66480,38.572480373,-125.885346932,19000,204.900,332.547,58.339,151.602
66540,38.669043562,-125.950462634,19000,204.900,331.854,58.353,151.824
66600,38.759812674,-126.011731785,19000,204.900,326.196,58.368,152.048
66660,38.850581786,-126.073000935,19000,204.900,320.537,58.382,152.273
66720,38.941350898,-126.134270086,19000,204.900,314.879,58.397,152.497
66780,39.032120010,-126.195539236,19000,204.900,309.221,58.412,152.721
66840,39.122889122,-126.256808387,19000,204.900,303.563,58.426,152.946
66900,39.213658234,-126.318077538,19000,204.900,297.904,58.441,153.170
66960,39.304427346,-126.379346688,19000,204.900,292.246,58.456,153.395
67020,39.395196458,-126.440615839,19000,204.900,286.588,58.470,153.619
67080,39.485965570,-126.501884990,19000,204.900,280.930,58.485,153.843
67140,39.576734682,-126.563154140,19000,204.900,275.271,58.499,154.068
67200,39.621092084,-126.656149138,19000,204.900,262.476,58.485,154.247
67260,39.624984214,-126.776805151,19000,204.900,243.459,58.446,154.386
67320,39.628876343,-126.897461164,19000,204.900,224.441,58.407,154.525
67380,39.632768473,-127.018117178,19000,204.900,205.423,58.368,154.665
67440,39.636660602,-127.138773191,19000,204.900,186.405,58.329,154.804
67500,39.640552732,-127.259429204,19000,204.900,167.388,58.290,154.943
67560,39.607221666,-127.315686142,19000,204.900,155.186,58.198,155.144
67620,39.507303053,-127.256741349,19000,204.900,155.177,58.012,155.456
67680,39.407384440,-127.197796555,19000,204.900,155.168,57.826,155.767
67740,39.307465826,-127.138851762,19000,204.900,155.159,57.640,156.079
67800,39.207547213,-127.079906968,19000,204.900,155.150,57.454,156.390
67860,39.107628600,-127.020962175,19000,204.900,155.141,57.268,156.701
67920,39.007709986,-126.962017381,19000,204.900,155.132,57.082,157.013
67980,38.907791373,-126.903072588,19000,204.900,155.123,56.896,157.324
68040,38.807872760,-126.844127795,19000,204.900,155.114,56.710,157.636
68100,38.707954146,-126.785183001,19000,204.900,155.105,56.524,157.947
68160,38.608035533,-126.726238208,19000,204.900,155.096,56.338,158.259
68220,38.510355355,-126.668721988,19000,204.900,152.690,56.156,158.572
68280,38.420965216,-126.616496489,19000,204.900,141.406,55.993,158.893
68340,38.331575078,-126.564270989,19000,204.900,130.123,55.829,159.214
68400,38.242184939,-126.512045490,19000,204.900,118.840,55.665,159.535
68460,38.152794800,-126.459819990,19000,204.900,107.556,55.502,159.856
68520,38.063404662,-126.407594491,19000,204.900,96.273,55.338,160.177
68580,37.974014523,-126.355368992,19000,204.900,84.990,55.174,160.498
68640,37.884624385,-126.303143492,19000,204.900,73.706,55.010,160.819
68700,37.795234246,-126.250917993,19000,204.900,62.423,54.847,161.140
68760,37.705844108,-126.198692493,19000,204.900,51.140,54.683,161.461
68820,37.616453969,-126.146466994,19000,204.900,39.856,54.519,161.783
68880,37.527063830,-126.094241495,19000,204.900,28.573,54.355,162.104
68940,37.492565663,-126.051124926,19000,204.900,41.569,54.250,162.429
69000,37.548714391,-126.023050562,19000,204.900,94.659,54.241,162.763
69060,37.604863119,-125.994976198,19000,204.900,147.749,54.232,163.097
69120,37.661011847,-125.966901834,19000,204.900,200.838,54.222,163.430
69180,37.717160576,-125.938827469,19000,204.900,253.928,54.213,163.764
69240,37.773309304,-125.910753105,19000,204.900,307.018,54.204,164.098
69300,37.838226653,-125.890893089,19000,204.900,351.323,54.207,164.423
69360,37.947343201,-125.912438395,19000,204.900,351.347,54.271,164.707
69420,38.056459748,-125.933983700,19000,204.900,351.370,54.335,164.990
69480,38.165576296,-125.955529006,19000,204.900,351.394,54.399,165.274
69540,38.274692843,-125.977074311,19000,204.900,351.418,54.463,165.558
69600,38.383809391,-125.998619617,19000,204.900,351.442,54.527,165.842
69660,38.492925939,-126.020164923,19000,204.900,351.466,54.592,166.125
69720,38.602042486,-126.041710228,19000,204.900,351.490,54.656,166.409
69780,38.711159034,-126.063255534,19000,204.900,351.514,54.720,166.693
69840,38.820275581,-126.084800839,19000,204.900,351.538,54.784,166.977
69900,38.929392129,-126.106346145,19000,204.900,351.561,54.848,167.260
69960,39.038508677,-126.127891450,19000,204.900,351.585,54.912,167.544
70020,39.147625224,-126.149436756,19000,204.900,351.609,54.976,167.828
70080,39.256741772,-126.170982062,19000,204.900,351.633,55.040,168.112
70140,39.359933811,-126.191255707,19000,204.900,345.257,55.101,168.395
70200,39.442826315,-126.207172178,19000,204.900,316.951,55.150,168.678
70260,39.525718820,-126.223088650,19000,204.900,288.645,55.200,168.960
70320,39.608611325,-126.239005122,19000,204.900,260.339,55.250,169.242
70380,39.691503830,-126.254921593,19000,204.900,232.033,55.299,169.525
70440,39.774396335,-126.270838065,19000,204.900,203.727,55.349,169.807
70500,39.857288839,-126.286754537,19000,204.900,175.422,55.398,170.090
70560,39.940181344,-126.302671008,19000,204.900,147.116,55.448,170.372
70620,40.023073849,-126.318587480,19000,204.900,118.810,55.497,170.655
70680,40.105966354,-126.334503951,19000,204.900,90.504,55.547,170.937
70740,40.163572334,-126.280686270,19000,204.900,74.969,55.583,171.297
70800,40.189653622,-126.139931071,19000,204.900,75.355,55.602,171.753
70860,40.215734911,-125.999175871,19000,204.900,75.741,55.621,172.210
70920,40.241816199,-125.858420672,19000,204.900,76.127,55.639,172.666
70980,40.267897487,-125.717665472,19000,204.900,76.513,55.658,173.123
71040,40.293978775,-125.576910273,19000,204.900,76.899,55.677,173.579
71100,40.320060064,-125.436155074,19000,204.900,77.285,55.696,174.036
71160,40.346141352,-125.295399874,19000,204.900,77.672,55.715,174.493
71220,40.372222640,-125.154644675,19000,204.900,78.058,55.733,174.949
71280,40.398303928,-125.013889475,19000,204.900,78.444,55.752,175.406
71340,40.424385216,-124.873134276,19000,204.900,78.830,55.771,175.862
71400,40.450466505,-124.732379076,19000,204.900,79.216,55.790,176.319
71460,40.476547793,-124.591623877,19000,204.900,79.602,55.809,176.775
71520,40.502629081,-124.450868677,19000,204.900,79.988,55.828,177.232
71580,40.528710369,-124.310113478,19000,204.900,80.374,55.846,177.688
71640,40.554791658,-124.169358279,19000,204.900,80.760,55.865,178.145
71700,40.580872946,-124.028603079,19000,204.900,81.146,55.884,178.601
71760,40.606954234,-123.887847880,19000,204.900,81.532,55.903,179.058
71820,40.633035522,-123.747092680,19000,204.900,81.919,55.922,179.514
71880,40.659116811,-123.606337481,19000,204.900,82.305,55.940,179.971
71940,40.685198099,-123.465582281,19000,204.900,82.691,55.959,180.427
72000,40.711279387,-123.324827082,19000,204.900,83.077,55.978,180.884
72060,40.737360675,-123.184071883,19000,204.900,83.463,55.997,181.340
72120,40.763441963,-123.043316683,19000,204.900,83.849,56.016,181.797
72180,40.789523252,-122.902561484,19000,204.900,84.235,56.034,182.253
72240,40.815604540,-122.761806284,19000,204.900,84.621,56.053,182.710
72300,40.841685828,-122.621051085,19000,204.900,85.007,56.072,183.166
72360,40.867767116,-122.480295885,19000,204.900,85.393,56.091,183.623
72420,40.893848405,-122.339540686,19000,204.900,85.779,56.110,184.080
72480,40.919929693,-122.198785487,19000,204.900,86.166,56.129,184.536
72540,40.946010981,-122.058030287,19000,204.900,86.552,56.147,184.993
72600,40.972092269,-121.917275088,19000,204.900,86.938,56.166,185.449
72660,40.998173558,-121.776519888,19000,204.900,87.324,56.185,185.906
72720,41.008923447,-121.632023825,19000,204.900,87.482,56.223,186.362
72780,41.012982575,-121.485895214,19000,204.900,87.541,56.270,186.817
72840,41.017041703,-121.339766604,19000,204.900,87.600,56.317,187.273
72900,41.021100831,-121.193637993,19000,204.900,87.659,56.363,187.729
72960,41.025159959,-121.047509383,19000,204.900,87.718,56.410,188.185
73020,41.029219087,-120.901380772,19000,204.900,87.777,56.457,188.641
73080,41.033278215,-120.755252162,19000,204.900,87.835,56.504,189.097
73140,41.037337343,-120.609123551,19000,204.900,87.894,56.550,189.552
73200,41.041396471,-120.462994941,19000,204.900,87.953,56.597,190.008
73260,41.045140335,-120.316795367,19000,204.900,88.012,56.650,190.462
73320,41.048174297,-120.170435999,19000,204.900,88.069,56.717,190.912
73380,41.051208259,-120.024076631,19000,204.900,88.125,56.784,191.362
73440,41.054242220,-119.877717264,19000,204.900,88.182,56.851,191.811
73500,41.057276182,-119.731357896,19000,204.900,88.239,56.918,192.261
73560,41.060310143,-119.584998529,19000,204.900,88.296,56.985,192.711
73620,41.063344105,-119.438639161,19000,204.900,88.353,57.052,193.160
73680,41.066378067,-119.292279793,19000,204.900,88.410,57.119,193.610
73740,41.069412028,-119.145920426,19000,204.900,88.467,57.186,194.060
73800,41.071881947,-119.002078401,19000,204.900,90.072,57.261,194.503
73860,41.073230530,-118.863240948,19000,204.900,94.755,57.353,194.933
73920,41.074579112,-118.724403495,19000,204.900,99.437,57.445,195.362
73980,41.075927694,-118.585566041,19000,204.900,104.120,57.536,195.792
74040,41.077276276,-118.446728588,19000,204.900,108.802,57.628,196.222
74100,41.078624858,-118.307891134,19000,204.900,113.485,57.720,196.652
74160,41.079973441,-118.169053681,19000,204.900,118.167,57.811,197.082
74220,41.081322023,-118.030216227,19000,204.900,122.850,57.903,197.511
74280,41.082670605,-117.891378774,19000,204.900,127.532,57.995,197.941
74340,41.084019187,-117.752541320,19000,204.900,132.215,58.087,198.371
74400,41.085367769,-117.613703867,19000,204.900,136.897,58.178,198.801
74460,41.086716352,-117.474866414,19000,204.900,141.580,58.270,199.231
74520,41.088064934,-117.336028960,19000,204.900,146.262,58.362,199.661
74580,41.089413516,-117.197191507,19000,204.900,150.945,58.453,200.090
74640,41.090762098,-117.058354053,19000,204.900,155.627,58.545,200.520
74700,41.092110680,-116.919516600,19000,204.900,160.310,58.637,200.950
