src/Components/missions/ACEPOL/Plans/ACEPOL-Flt-plan_er2_20171031_RA.ict
42, 1001
kknobels
NASA Ames Research Center
Simulated flight plan
ACEPOL
1,1
2017,10,31,2017,10,31
60
Start_UTC, seconds from midnight UTC, time keeping
7
1,1,1,1,1,1,1
-9999,-9999,-9999,-9999,-9999,-9999,-9999
Latitude, Degrees (North positive), Planned latitude position of the aircraft
Longitude, Degrees (East positive), Planned longitude position of the aircraft
Altitude, meters (above sea level), Planned altitude of the aircraft
speed, meters per second (m/s), Estimated speed of aircraft
Bearing, degrees from north, Direction of travel of the plane per respect to north
SZA, degrees from zenith, Elevation position of the sun in the sky per respect to zenith
AZI, degrees from north, Azimuthal position of the sun in the sky per respect to north
1
Simulated aircraft data interpolated from flight plan waypoints
20
-----------------------------------------------------------------------------
PI_CONTACT_INFO: kknobels
PLATFORM: er2
LOCATION: N/A
ASSOCIATED_DATA: N/A
INSTRUMENT_INFO: None
DATA_INFO: Compiled with flight planner: moving lines v1.2
UNCERTAINTY: Undefined
ULOD_FLAG: -7777
ULOD_VALUE: N/A
LLOD_FLAG: -8888
LLOD_VALUE: N/A
DM_CONTACT_INFO: Samuel LeBlanc, samuel.leblanc@nasa.gov
PROJECT_INFO: ACEPOL
STIPULATIONS_ON_USE: None
OTHER_COMMENTS: N/A
REVISION: RA
RA: First iteration of the flight plan
-----------------------------------------------------------------------------
Start_UTC,Latitude,Longitude,Altitude,speed,Bearing,SZA,AZI
[from data line 227]
76620,38.336609809,-118.963905417,19000,204.900,141.830,57.490,208.304
76680,38.234985281,-118.933480004,19000,204.900,135.546,57.517,208.628
76740,38.133360753,-118.903054591,19000,204.900,129.263,57.544,208.952
76800,38.031736225,-118.872629178,19000,204.900,122.979,57.571,209.277
76860,37.930111697,-118.842203765,19000,204.900,116.696,57.598,209.601
76920,37.828487170,-118.811778352,19000,204.900,110.412,57.625,209.926
76980,37.726862642,-118.781352939,19000,204.900,104.129,57.652,210.250
77040,37.625238114,-118.750927527,19000,204.900,97.845,57.679,210.575
77100,37.523613586,-118.720502114,19000,204.900,91.562,57.706,210.899
77160,37.421989058,-118.690076701,19000,204.900,85.278,57.734,211.224
77220,37.320364531,-118.659651288,19000,204.900,78.995,57.761,211.548
77280,37.218740003,-118.629225875,19000,204.900,72.711,57.788,211.873
77340,37.117115475,-118.598800462,19000,204.900,66.428,57.815,212.197
77400,37.015490947,-118.568375049,19000,204.900,60.144,57.842,212.521
77460,36.913866419,-118.537949636,19000,204.900,53.861,57.869,212.846
77520,36.812241892,-118.507524224,19000,204.900,47.577,57.896,213.170
77580,36.710617364,-118.477098811,19000,204.900,41.294,57.923,213.495
77640,36.608992836,-118.446673398,19000,204.900,35.010,57.950,213.819
77700,36.507368308,-118.416247985,19000,204.900,28.727,57.978,214.144
77760,36.405743780,-118.385822572,19000,204.900,22.443,58.005,214.468
77820,36.375363531,-118.350821569,19000,204.900,24.253,58.099,214.768
77880,36.480124747,-118.307141245,19000,204.900,41.414,58.322,215.021
77940,36.584885963,-118.263460921,19000,204.900,58.576,58.544,215.274
78000,36.689647179,-118.219780598,19000,204.900,75.738,58.767,215.527
78060,36.794408395,-118.176100274,19000,204.900,92.900,58.989,215.780
78120,36.899169611,-118.132419950,19000,204.900,110.061,59.212,216.033
78180,37.003930827,-118.088739626,19000,204.900,127.223,59.434,216.286
78240,37.108692043,-118.045059302,19000,204.900,144.385,59.657,216.539
78300,37.213453259,-118.001378978,19000,204.900,161.546,59.879,216.792
78360,37.318214475,-117.957698654,19000,204.900,178.708,60.102,217.045
78420,37.308545771,-117.949995041,18785,203.373,182.365,60.238,217.280
78480,37.267884001,-117.952035632,18512,201.432,182.363,60.351,217.510
78540,37.227222230,-117.954076223,18238,199.491,182.362,60.464,217.740
78600,37.186560460,-117.956116814,17965,197.551,182.361,60.577,217.970
78660,37.145898690,-117.958157406,17692,195.610,182.360,60.691,218.200
78720,37.105236920,-117.960197997,17418,193.669,182.359,60.804,218.430
78780,37.064575149,-117.962238588,17145,191.728,182.357,60.917,218.661
78840,37.023913379,-117.964279179,16872,189.788,182.356,61.030,218.891
78900,36.983251609,-117.966319771,16598,187.847,182.355,61.143,219.121
78960,36.942589838,-117.968360362,16325,185.906,182.354,61.256,219.351
79020,36.901928068,-117.970400953,16051,183.965,182.353,61.369,219.581
79080,36.861266298,-117.972441545,15778,182.025,182.351,61.482,219.811
79140,36.820604527,-117.974482136,15505,180.084,182.350,61.595,220.041
79200,36.779942757,-117.976522727,15231,178.143,182.349,61.708,220.272
79260,36.739280987,-117.978563318,14958,176.203,182.348,61.821,220.502
79320,36.698619217,-117.980603910,14685,174.262,182.347,61.934,220.732
79380,36.657957446,-117.982644501,14411,172.321,182.345,62.047,220.962
79440,36.617295676,-117.984685092,14138,170.380,182.344,62.160,221.192
79500,36.576633906,-117.986725683,13865,168.440,182.343,62.273,221.422
79560,36.535972135,-117.988766275,13591,166.499,182.342,62.386,221.653
79620,36.495310365,-117.990806866,13318,164.558,182.341,62.500,221.883
79680,36.454648595,-117.992847457,13045,162.617,182.339,62.613,222.113
79740,36.413986825,-117.994888049,12771,160.677,182.338,62.726,222.343
79800,36.373325054,-117.996928640,12498,158.736,182.337,62.839,222.573
79860,36.332663284,-117.998969231,12225,156.795,182.336,62.952,222.803
79920,36.292001514,-118.001009822,11951,154.854,182.335,63.065,223.033
79980,36.251339743,-118.003050414,11678,152.914,182.333,63.178,223.264
80040,36.210677973,-118.005091005,11405,150.973,182.332,63.291,223.494
80100,36.170016203,-118.007131596,11131,149.032,182.331,63.404,223.724
80160,36.129354432,-118.009172187,10858,147.091,182.330,63.517,223.954
80220,36.088692662,-118.011212779,10585,145.151,182.329,63.630,224.184
80280,36.048030892,-118.013253370,10311,143.210,182.327,63.743,224.414
80340,36.007369122,-118.015293961,10038,141.269,182.326,63.856,224.645
80400,35.966707351,-118.017334552, 9765,139.328,182.325,63.969,224.875
80460,35.926045581,-118.019375144, 9491,137.388,182.324,64.082,225.105
80520,35.885383811,-118.021415735, 9218,135.447,182.323,64.196,225.335
80580,35.844722040,-118.023456326, 8945,133.506,182.321,64.309,225.565
80640,35.804060270,-118.025496918, 8671,131.566,182.320,64.422,225.795
80700,35.763398500,-118.027537509, 8398,129.625,182.319,64.535,226.025
80760,35.722736730,-118.029578100, 8125,127.684,182.318,64.648,226.256
80820,35.682074959,-118.031618691, 7851,125.743,182.317,64.761,226.486
80880,35.641413189,-118.033659283, 7578,123.803,182.315,64.874,226.716
80940,35.600751419,-118.035699874, 7304,121.862,182.314,64.987,226.946
81000,35.560089648,-118.037740465, 7031,119.921,182.313,65.100,227.176
81060,35.519427878,-118.039781056, 6758,117.980,182.312,65.213,227.406
81120,35.478766108,-118.041821648, 6484,116.040,182.311,65.326,227.636
81180,35.438104338,-118.043862239, 6211,114.099,182.309,65.439,227.867
81240,35.397442567,-118.045902830, 5938,112.158,182.308,65.552,228.097
81300,35.356780797,-118.047943422, 5664,110.217,182.307,65.665,228.327
81360,35.316119027,-118.049984013, 5391,108.277,182.306,65.778,228.557
81420,35.275457256,-118.052024604, 5118,106.336,182.305,65.891,228.787
81480,35.234795486,-118.054065195, 4844,104.395,182.303,66.005,229.017
81540,35.194133716,-118.056105787, 4571,102.454,182.302,66.118,229.248
81600,35.153471945,-118.058146378, 4298,100.514,182.301,66.231,229.478
81660,35.112810175,-118.060186969, 4024,98.573,182.300,66.344,229.708
81720,35.072148405,-118.062227560, 3751,96.632,182.299,66.457,229.938
81780,35.031486635,-118.064268152, 3478,94.692,182.297,66.570,230.168
81840,34.990824864,-118.066308743, 3204,92.751,182.296,66.683,230.398
81900,34.950163094,-118.068349334, 2931,90.810,182.295,66.796,230.628
81960,34.909501324,-118.070389925, 2658,88.869,182.294,66.909,230.859
82020,34.868839553,-118.072430517, 2384,86.929,182.293,67.022,231.089
82080,34.828177783,-118.074471108, 2111,84.988,182.291,67.135,231.319
82140,34.787516013,-118.076511699, 1838,83.047,182.290,67.248,231.549
82200,34.746854243,-118.078552291, 1564,81.106,182.289,67.361,231.779
82260,34.706192472,-118.080592882, 1291,79.166,182.288,67.474,232.009
82320,34.665530702,-118.082633473, 1018,77.225,182.287,67.587,232.240
