src/Components/missions/ACEPOL/Plans/ACEPOL-Flt-plan_er2_20171024_RJ.ict
43, 1001
rferrare
NASA Ames Research Center
Simulated flight plan
ACEPOL
1,1
2017,10,24,2017,10,24
60
Start_UTC, seconds from midnight UTC, time keeping
7
1,1,1,1,1,1,1
-9999,-9999,-9999,-9999,-9999,-9999,-9999
Latitude, Degrees (North positive), Planned latitude position of the aircraft
Longitude, Degrees (East positive), Planned longitude position of the aircraft
Altitude, meters (above sea level), Planned altitude of the aircraft
speed, meters per second (m/s), Estimated speed of aircraft
Bearing, degrees from north, Direction of travel of the plane per respect to north
SZA, degrees from zenith, Elevation position of the sun in the sky per respect to zenith
AZI, degrees from north, Azimuthal position of the sun in the sky per respect to north
1
Simulated aircraft data interpolated from flight plan waypoints
21
-----------------------------------------------------------------------------
PI_CONTACT_INFO: rferrare
PLATFORM: er2
LOCATION: N/A
ASSOCIATED_DATA: N/A
INSTRUMENT_INFO: None
DATA_INFO: Compiled with flight planner: moving lines v1.09
UNCERTAINTY: Undefined
ULOD_FLAG: -7777
ULOD_VALUE: N/A
LLOD_FLAG: -8888
LLOD_VALUE: N/A
DM_CONTACT_INFO: Samuel LeBlanc, samuel.leblanc@nasa.gov
PROJECT_INFO: ACEPOL
STIPULATIONS_ON_USE: None
OTHER_COMMENTS: N/A
REVISION: RJ
RJ: Version 10 of the flight plan ict 
  RA: First iteration of the flight plan
-----------------------------------------------------------------------------
Start_UTC,Latitude,Longitude,Altitude,speed,Bearing,SZA,AZI
[from data line 227]
73020,38.163112384,-119.642365618,20000,212.000,89.874,50.852,190.814
73080,38.180287446,-119.506038565,20000,212.000,94.909,50.942,191.284
73140,38.197462507,-119.369711513,20000,212.000,99.944,51.033,191.755
73200,38.214637569,-119.233384461,20000,212.000,104.979,51.124,192.225
73260,38.231812631,-119.097057409,20000,212.000,110.014,51.214,192.696
73320,38.248987692,-118.960730356,20000,212.000,115.049,51.305,193.166
73380,38.266162754,-118.824403304,20000,212.000,120.084,51.395,193.637
73440,38.283337816,-118.688076252,20000,212.000,125.119,51.486,194.107
73500,38.300512877,-118.551749200,20000,212.000,130.154,51.577,194.577
73560,38.317687939,-118.415422147,20000,212.000,135.189,51.667,195.048
73620,38.334863001,-118.279095095,20000,212.000,140.225,51.758,195.518
73680,38.352038063,-118.142768043,20000,212.000,145.260,51.849,195.989
73740,38.369213124,-118.006440990,20000,212.000,150.295,51.939,196.459
73800,38.386388186,-117.870113938,20000,212.000,155.330,52.030,196.929
73860,38.403563248,-117.733786886,20000,212.000,160.365,52.121,197.400
73920,38.420738309,-117.597459834,20000,212.000,165.400,52.211,197.870
73980,38.409327655,-117.485434412,20000,212.000,169.022,52.274,198.316
74040,38.297665957,-117.458635605,20000,212.000,167.685,52.238,198.675
74100,38.186048104,-117.431288901,20000,212.000,166.474,52.204,199.035
74160,38.074855534,-117.398627675,20000,212.000,166.467,52.195,199.400
74220,37.963662963,-117.365966449,20000,212.000,166.461,52.186,199.766
74280,37.852470393,-117.333305224,20000,212.000,166.454,52.177,200.132
74340,37.741277822,-117.300643998,20000,212.000,166.448,52.169,200.497
74400,37.630085251,-117.267982772,20000,212.000,166.442,52.160,200.863
74460,37.518892681,-117.235321546,20000,212.000,166.435,52.151,201.228
74520,37.407700110,-117.202660320,20000,212.000,166.429,52.142,201.594
74580,37.296507540,-117.169999094,20000,212.000,166.422,52.133,201.960
74640,37.185314969,-117.137337868,20000,212.000,166.416,52.124,202.325
74700,37.074122399,-117.104676642,20000,212.000,166.410,52.115,202.691
74760,36.962929828,-117.072015417,20000,212.000,166.403,52.106,203.056
74820,36.851737257,-117.039354191,20000,212.000,166.397,52.097,203.422
74880,36.740544687,-117.006692965,20000,212.000,166.390,52.088,203.788
74940,36.629352116,-116.974031739,20000,212.000,166.384,52.079,204.153
75000,36.518159546,-116.941370513,20000,212.000,166.378,52.070,204.519
75060,36.406966975,-116.908709287,20000,212.000,166.371,52.061,204.885
75120,36.295774405,-116.876048061,20000,212.000,166.365,52.052,205.250
75180,36.184581834,-116.843386836,20000,212.000,166.358,52.043,205.616
75240,36.073389263,-116.810725610,20000,212.000,166.352,52.034,205.981
75300,35.962196693,-116.778064384,20000,212.000,166.346,52.025,206.347
75360,35.851004122,-116.745403158,20000,212.000,166.339,52.016,206.713
75420,35.739811552,-116.712741932,20000,212.000,166.333,52.008,207.078
75480,35.628618981,-116.680080706,20000,212.000,166.326,51.999,207.444
75540,35.517426411,-116.647419480,20000,212.000,166.320,51.990,207.809
75600,35.406233840,-116.614758254,20000,212.000,166.314,51.981,208.175
75660,35.295041269,-116.582097029,20000,212.000,166.307,51.972,208.541
75720,35.183848699,-116.549435803,20000,212.000,166.301,51.963,208.906
75780,35.077315729,-116.518423601,20000,212.000,171.150,51.987,209.261
75840,34.972860723,-116.488146788,20000,212.000,178.165,52.026,209.612
75900,34.868405717,-116.457869975,20000,212.000,185.180,52.065,209.963
75960,34.763950711,-116.427593162,20000,212.000,192.195,52.103,210.313
76020,34.659495706,-116.397316348,20000,212.000,199.210,52.142,210.664
76080,34.555040700,-116.367039535,20000,212.000,206.225,52.181,211.015
76140,34.450585694,-116.336762722,20000,212.000,213.240,52.220,211.366
76200,34.346130688,-116.306485908,20000,212.000,220.255,52.259,211.716
76260,34.241675682,-116.276209095,20000,212.000,227.269,52.297,212.067
76320,34.137220676,-116.245932282,20000,212.000,234.284,52.336,212.418
76380,34.032765671,-116.215655469,20000,212.000,241.299,52.375,212.768
76440,33.928310665,-116.185378655,20000,212.000,248.314,52.414,213.119
76500,33.823855659,-116.155101842,20000,212.000,255.329,52.453,213.470
76560,33.719400653,-116.124825029,20000,212.000,262.344,52.492,213.820
76620,33.614945647,-116.094548215,20000,212.000,269.359,52.530,214.171
76680,33.510490641,-116.064271402,20000,212.000,276.374,52.569,214.522
76740,33.406035635,-116.033994589,20000,212.000,283.389,52.608,214.873
76800,33.301580630,-116.003717776,20000,212.000,290.404,52.647,215.223
76860,33.197125624,-115.973440962,20000,212.000,297.418,52.686,215.574
76920,33.092670618,-115.943164149,20000,212.000,304.433,52.725,215.925
76980,32.988215612,-115.912887336,20000,212.000,311.448,52.763,216.275
77040,32.883760606,-115.882610522,20000,212.000,318.463,52.802,216.626
77100,32.889533615,-115.918554413,20000,212.000,320.739,52.907,216.851
77160,32.978520228,-116.004489800,20000,212.000,319.436,53.061,216.981
77220,33.067506841,-116.090425187,20000,212.000,318.134,53.215,217.110
77280,33.156493454,-116.176360574,20000,212.000,316.831,53.370,217.240
77340,33.245480067,-116.262295962,20000,212.000,315.528,53.524,217.370
77400,33.334466680,-116.348231349,20000,212.000,314.226,53.678,217.500
77460,33.423453293,-116.434166736,20000,212.000,312.923,53.832,217.629
77520,33.512439906,-116.520102123,20000,212.000,311.621,53.987,217.759
77580,33.601426519,-116.606037510,20000,212.000,310.318,54.141,217.889
77640,33.690413132,-116.691972897,20000,212.000,309.016,54.295,218.019
77700,33.779399745,-116.777908284,20000,212.000,307.713,54.449,218.148
77760,33.868386358,-116.863843671,20000,212.000,306.411,54.604,218.278
77820,33.957372971,-116.949779059,20000,212.000,305.108,54.758,218.408
77880,34.046359584,-117.035714446,20000,212.000,303.805,54.912,218.538
77940,34.107697369,-117.100455456,19773,210.390,302.989,55.059,218.696
78000,34.123529291,-117.130313673,19173,206.130,302.972,55.192,218.900
78060,34.139361214,-117.160171891,18573,201.870,302.955,55.326,219.104
78120,34.155193137,-117.190030108,17973,197.610,302.938,55.459,219.309
78180,34.171025059,-117.219888325,17373,193.350,302.921,55.593,219.513
78240,34.186856982,-117.249746542,16773,189.090,302.905,55.726,219.717
78300,34.202688904,-117.279604759,16173,184.830,302.888,55.860,219.921
78360,34.218520827,-117.309462977,15573,180.570,302.871,55.993,220.126
78420,34.234352750,-117.339321194,14973,176.310,302.854,56.127,220.330
78480,34.250184672,-117.369179411,14373,172.050,302.837,56.260,220.534
78540,34.266016595,-117.399037628,13773,167.790,302.820,56.394,220.739
78600,34.281848517,-117.428895846,13173,163.530,302.803,56.528,220.943
78660,34.297680440,-117.458754063,12573,159.270,302.787,56.661,221.147
78720,34.313512363,-117.488612280,11973,155.010,302.770,56.795,221.352
78780,34.329344285,-117.518470497,11373,150.750,302.753,56.928,221.556
78840,34.345176208,-117.548328714,10773,146.490,302.736,57.062,221.760
78900,34.361008131,-117.578186932,10173,142.230,302.719,57.195,221.964
78960,34.376840053,-117.608045149, 9573,137.970,302.702,57.329,222.169
79020,34.392671976,-117.637903366, 8973,133.710,302.685,57.462,222.373
79080,34.408503898,-117.667761583, 8373,129.450,302.669,57.596,222.577
79140,34.424335821,-117.697619800, 7773,125.190,302.652,57.729,222.782
79200,34.440167744,-117.727478018, 7173,120.930,302.635,57.863,222.986
79260,34.455999666,-117.757336235, 6573,116.670,302.618,57.997,223.190
79320,34.471831589,-117.787194452, 5973,112.410,302.601,58.130,223.395
79380,34.487663511,-117.817052669, 5373,108.150,302.584,58.264,223.599
79440,34.503495434,-117.846910886, 4773,103.890,302.567,58.397,223.803
79500,34.519327357,-117.876769104, 4173,99.630,302.551,58.531,224.008
79560,34.535159279,-117.906627321, 3573,95.370,302.534,58.664,224.212
79620,34.550991202,-117.936485538, 2973,91.110,302.517,58.798,224.416
79680,34.566823124,-117.966343755, 2373,86.850,302.500,58.931,224.620
79740,34.582655047,-117.996201972, 1773,82.590,302.483,59.065,224.825
79800,34.598486970,-118.026060190, 1173,78.330,302.466,59.198,225.029
79860,34.614318892,-118.055918407,  573,74.070,302.449,59.332,225.233
