src/Components/missions/ACEPOL/Plans/ACEPOL-Flt-plan_er2_20171101_RA.ict
42, 1001
kknobels
NASA Ames Research Center
Simulated flight plan
ACEPOL
1,1
2017,11,01,2017,11,01
60
Start_UTC, seconds from midnight UTC, time keeping
7
1,1,1,1,1,1,1
-9999,-9999,-9999,-9999,-9999,-9999,-9999
Latitude, Degrees (North positive), Planned latitude position of the aircraft
Longitude, Degrees (East positive), Planned longitude position of the aircraft
Altitude, meters (above sea level), Planned altitude of the aircraft
speed, meters per second (m/s), Estimated speed of aircraft
Bearing, degrees from north, Direction of travel of the plane per respect to north
SZA, degrees from zenith, Elevation position of the sun in the sky per respect to zenith
AZI, degrees from north, Azimuthal position of the sun in the sky per respect to north
1
Simulated aircraft data interpolated from flight plan waypoints
20
-----------------------------------------------------------------------------
PI_CONTACT_INFO: kknobels
PLATFORM: er2
LOCATION: N/A
ASSOCIATED_DATA: N/A
INSTRUMENT_INFO: None
DATA_INFO: Compiled with flight planner: moving lines v1.2
UNCERTAINTY: Undefined
ULOD_FLAG: -7777
ULOD_VALUE: N/A
LLOD_FLAG: -8888
LLOD_VALUE: N/A
DM_CONTACT_INFO: Samuel LeBlanc, samuel.leblanc@nasa.gov
PROJECT_INFO: ACEPOL
STIPULATIONS_ON_USE: None
OTHER_COMMENTS: N/A
REVISION: RA
RA: First iteration of the flight plan
-----------------------------------------------------------------------------
Start_UTC,Latitude,Longitude,Altitude,speed,Bearing,SZA,AZI
[from data line 227]
73020,34.953771265,-110.452347207,19000,204.900,211.463,52.468,202.019
73080,34.855708026,-110.401894382,19000,204.900,215.853,52.460,202.396
73140,34.762759062,-110.385224362,19000,204.900,221.688,52.451,202.731
73200,34.683932455,-110.461840877,19000,204.900,231.517,52.438,202.954
73260,34.605105848,-110.538457392,19000,204.900,241.346,52.425,203.177
73320,34.526279241,-110.615073907,19000,204.900,251.175,52.412,203.400
73380,34.447452635,-110.691690422,19000,204.900,261.004,52.399,203.623
73440,34.368626028,-110.768306937,19000,204.900,270.833,52.386,203.846
73500,34.289799421,-110.844923452,19000,204.900,280.662,52.373,204.069
73560,34.210972815,-110.921539967,19000,204.900,290.491,52.360,204.292
73620,34.132146208,-110.998156482,19000,204.900,300.319,52.347,204.515
73680,34.053319601,-111.074772997,19000,204.900,310.148,52.334,204.738
73740,33.974492994,-111.151389512,19000,204.900,319.977,52.321,204.960
73800,33.895666388,-111.228006027,19000,204.900,329.806,52.308,205.183
73860,33.816839781,-111.304622541,19000,204.900,339.635,52.295,205.406
73920,33.738013174,-111.381239056,19000,204.900,349.464,52.282,205.629
73980,33.779340619,-111.419465445,19000,204.900,353.016,52.395,205.851
74040,33.888942895,-111.435877510,19000,204.900,353.001,52.581,206.073
74100,33.998545171,-111.452289574,19000,204.900,352.986,52.767,206.294
74160,34.108147447,-111.468701639,19000,204.900,352.972,52.952,206.516
74220,34.217749724,-111.485113703,19000,204.900,352.957,53.138,206.737
74280,34.327352000,-111.501525768,19000,204.900,352.942,53.323,206.959
74340,34.436954276,-111.517937832,19000,204.900,352.927,53.509,207.180
74400,34.546556553,-111.534349897,19000,204.900,352.912,53.695,207.402
74460,34.656158829,-111.550761962,19000,204.900,352.898,53.880,207.623
74520,34.765761105,-111.567174026,19000,204.900,352.883,54.066,207.844
74580,34.875363382,-111.583586091,19000,204.900,352.868,54.252,208.066
74640,34.984965658,-111.599998155,19000,204.900,352.853,54.437,208.287
74700,35.094567934,-111.616410220,19000,204.900,352.839,54.623,208.509
74760,35.204170211,-111.632822284,19000,204.900,352.824,54.808,208.730
74820,35.309487451,-111.649386570,19000,204.900,346.020,54.995,208.941
74880,35.414342553,-111.665967273,19000,204.900,338.483,55.181,209.150
74940,35.519197656,-111.682547976,19000,204.900,330.947,55.368,209.359
75000,35.624052758,-111.699128679,19000,204.900,323.411,55.554,209.569
75060,35.728907861,-111.715709382,19000,204.900,315.874,55.740,209.778
75120,35.833762964,-111.732290084,19000,204.900,308.338,55.927,209.987
75180,35.938618066,-111.748870787,19000,204.900,300.802,56.113,210.196
75240,36.043473169,-111.765451490,19000,204.900,293.265,56.300,210.405
75300,36.148328271,-111.782032193,19000,204.900,285.729,56.486,210.615
75360,36.253183374,-111.798612896,19000,204.900,278.193,56.672,210.824
75420,36.358038476,-111.815193598,19000,204.900,270.656,56.859,211.033
75480,36.462893579,-111.831774301,19000,204.900,263.120,57.045,211.242
75540,36.567748682,-111.848355004,19000,204.900,255.584,57.232,211.452
75600,36.672603784,-111.864935707,19000,204.900,248.047,57.418,211.661
75660,36.777458887,-111.881516410,19000,204.900,240.511,57.604,211.870
75720,36.882313989,-111.898097113,19000,204.900,232.975,57.791,212.079
75780,36.987169092,-111.914677815,19000,204.900,225.438,57.977,212.289
75840,37.092024194,-111.931258518,19000,204.900,217.902,58.164,212.498
75900,37.196879297,-111.947839221,19000,204.900,210.366,58.350,212.707
75960,37.134130181,-112.004603783,19000,204.900,214.315,58.383,212.925
76020,37.042550429,-112.068280618,19000,204.900,220.239,58.390,213.144
76080,36.950970677,-112.131957453,19000,204.900,226.164,58.397,213.363
76140,36.859390925,-112.195634288,19000,204.900,232.089,58.403,213.583
76200,36.767811173,-112.259311123,19000,204.900,238.013,58.410,213.802
76260,36.676231421,-112.322987958,19000,204.900,243.938,58.417,214.021
76320,36.584651669,-112.386664793,19000,204.900,249.863,58.423,214.240
76380,36.493071917,-112.450341628,19000,204.900,255.787,58.430,214.460
76440,36.432389489,-112.545018184,19000,204.900,259.115,58.450,214.636
76500,36.410555042,-112.678671467,19000,204.900,259.178,58.487,214.759
76560,36.388720595,-112.812324751,19000,204.900,259.241,58.523,214.881
76620,36.366886147,-112.945978034,19000,204.900,259.303,58.560,215.004
76680,36.345051700,-113.079631317,19000,204.900,259.366,58.597,215.127
76740,36.323217253,-113.213284601,19000,204.900,259.429,58.633,215.250
76800,36.301382806,-113.346937884,19000,204.900,259.491,58.670,215.372
76860,36.279548358,-113.480591168,19000,204.900,259.554,58.707,215.495
76920,36.257713911,-113.614244451,19000,204.900,259.617,58.743,215.618
76980,36.235879464,-113.747897734,19000,204.900,259.680,58.780,215.740
77040,36.214045016,-113.881551018,19000,204.900,259.742,58.817,215.863
77100,36.192210569,-114.015204301,19000,204.900,259.805,58.853,215.986
77160,36.170376122,-114.148857584,19000,204.900,259.868,58.890,216.109
77220,36.148541675,-114.282510868,19000,204.900,259.930,58.927,216.231
77280,36.127849236,-114.414952083,19000,204.900,258.622,58.967,216.353
77340,36.107685802,-114.546831841,19000,204.900,256.678,59.009,216.475
77400,36.087522368,-114.678711599,19000,204.900,254.734,59.051,216.597
77460,36.067358934,-114.810591356,19000,204.900,252.790,59.093,216.719
77520,36.047195500,-114.942471114,19000,204.900,250.846,59.135,216.841
77580,36.027032066,-115.074350872,19000,204.900,248.902,59.177,216.962
77640,36.006868632,-115.206230629,19000,204.900,246.958,59.220,217.084
77700,35.986705198,-115.338110387,19000,204.900,245.014,59.262,217.206
77760,35.966541764,-115.469990144,19000,204.900,243.070,59.304,217.328
77820,35.946378330,-115.601869902,19000,204.900,241.126,59.346,217.450
77880,35.926214896,-115.733749660,19000,204.900,239.182,59.388,217.571
77940,35.906051462,-115.865629417,19000,204.900,237.238,59.430,217.693
78000,35.885888028,-115.997509175,19000,204.900,235.294,59.472,217.815
78060,35.865724594,-116.129388933,19000,204.900,233.350,59.514,217.937
78120,35.845561160,-116.261268690,19000,204.900,231.406,59.556,218.059
78180,35.825397726,-116.393148448,19000,204.900,229.462,59.598,218.180
78240,35.805234292,-116.525028206,19000,204.900,227.518,59.641,218.302
78300,35.777662434,-116.563620059,18582,201.935,227.454,59.737,218.503
78360,35.749919997,-116.600063966,18155,198.901,227.433,59.835,218.705
78420,35.722177561,-116.636507873,17728,195.867,227.412,59.933,218.907
78480,35.694435124,-116.672951780,17300,192.833,227.391,60.031,219.110
78540,35.666692688,-116.709395687,16873,189.799,227.370,60.129,219.312
78600,35.638950251,-116.745839594,16446,186.766,227.349,60.227,219.514
78660,35.611207815,-116.782283501,16019,183.732,227.328,60.325,219.716
78720,35.583465378,-116.818727408,15591,180.698,227.307,60.423,219.919
78780,35.555722942,-116.855171315,15164,177.664,227.286,60.521,220.121
78840,35.527980506,-116.891615222,14737,174.630,227.265,60.619,220.323
78900,35.500238069,-116.928059129,14309,171.597,227.244,60.717,220.526
78960,35.472495633,-116.964503037,13882,168.563,227.223,60.814,220.728
79020,35.444753196,-117.000946944,13455,165.529,227.202,60.912,220.930
79080,35.417010760,-117.037390851,13028,162.495,227.181,61.010,221.133
79140,35.389268323,-117.073834758,12600,159.462,227.160,61.108,221.335
79200,35.361525887,-117.110278665,12173,156.428,227.139,61.206,221.537
79260,35.333783450,-117.146722572,11746,153.394,227.118,61.304,221.740
79320,35.306041014,-117.183166479,11318,150.360,227.097,61.402,221.942
79380,35.278298578,-117.219610386,10891,147.326,227.076,61.500,222.144
79440,35.250556141,-117.256054293,10464,144.293,227.055,61.598,222.346
79500,35.222813705,-117.292498200,10036,141.259,227.034,61.696,222.549
79560,35.195071268,-117.328942107, 9609,138.225,227.013,61.794,222.751
79620,35.167328832,-117.365386014, 9182,135.191,226.992,61.892,222.953
79680,35.139586395,-117.401829921, 8755,132.158,226.971,61.990,223.156
79740,35.111843959,-117.438273828, 8327,129.124,226.950,62.088,223.358
79800,35.084101522,-117.474717735, 7900,126.090,226.929,62.186,223.560
79860,35.056359086,-117.511161642, 7473,123.056,226.908,62.284,223.763
79920,35.028616650,-117.547605549, 7045,120.022,226.886,62.381,223.965
79980,35.000874213,-117.584049456, 6618,116.989,226.865,62.479,224.167
80040,34.973131777,-117.620493363, 6191,113.955,226.844,62.577,224.369
80100,34.945389340,-117.656937270, 5764,110.921,226.823,62.675,224.572
80160,34.917646904,-117.693381177, 5336,107.887,226.802,62.773,224.774
80220,34.889904467,-117.729825084, 4909,104.854,226.781,62.871,224.976
80280,34.862162031,-117.766268991, 4482,101.820,226.760,62.969,225.179
80340,34.834419595,-117.802712898, 4054,98.786,226.739,63.067,225.381
80400,34.806677158,-117.839156805, 3627,95.752,226.718,63.165,225.583
80460,34.778934722,-117.875600712, 3200,92.718,226.697,63.263,225.786
80520,34.751192285,-117.912044619, 2772,89.685,226.676,63.361,225.988
80580,34.723449849,-117.948488526, 2345,86.651,226.655,63.459,226.190
80640,34.695707412,-117.984932433, 1918,83.617,226.634,63.557,226.392
80700,34.667964976,-118.021376340, 1491,80.583,226.613,63.655,226.595
80760,34.640222539,-118.057820247, 1063,77.550,226.592,63.753,226.797
