src/Components/missions/ORACLES/Tracks/routine_v3/ORACLES-Flt-plan_p3_20160901_RA_15S.ict
42, 1001
Samuel LeBlanc
NASA Ames Research Center
Simulated flight plan
ORACLES
1,1
2016,09,01,2016,09,01
60
Start_UTC, seconds from midnight UTC, time keeping
7
1,1,1,1,1,1,1
-9999,-9999,-9999,-9999,-9999,-9999,-9999
Latitude, Degrees (North positive), Planned latitude position of the aircraft
Longitude, Degrees (East positive), Planned longitude position of the aircraft
Altitude, meters (above sea level), Planned altitude of the aircraft
speed, meters per second (m/s), Estimated speed of aircraft
Bearing, degrees from north, Direction of travel of the plane per respect to north
SZA, degrees from zenith, Elevation position of the sun in the sky per respect to zenith
AZI, degrees from north, Azimuthal position of the sun in the sky per respect to north
1
Simulated aircraft data interpolated from flight plan waypoints
20
-----------------------------------------------------------------------------
PI_CONTACT_INFO: Samuel LeBlanc, samuel.leblanc@nasa.gov
PLATFORM: p3
LOCATION: N/A
ASSOCIATED_DATA: N/A
INSTRUMENT_INFO: None
DATA_INFO: Compiled with flight planner: moving lines v0.8beta
UNCERTAINTY: Undefined
ULOD_FLAG: -7777
ULOD_VALUE: N/A
LLOD_FLAG: -8888
LLOD_VALUE: N/A
DM_CONTACT_INFO: See PI
PROJECT_INFO: ORACLES
STIPULATIONS_ON_USE: None
OTHER_COMMENTS: N/A
REVISION: RA
RA: First iteration of the flight plan
-----------------------------------------------------------------------------
Start_UTC,Latitude,Longitude,Altitude,speed,Bearing,SZA,AZI
25200,-22.979716667,14.645283333,   95,150.000,36.363,66.622,110.459
25260,-22.925519798,14.602560193,  349,150.343,36.278,66.424,110.548
25320,-22.871322930,14.559837053,  603,150.686,36.192,66.226,110.636
25380,-22.817126062,14.517113913,  857,151.029,36.106,66.028,110.724
25440,-22.762929194,14.474390772, 1111,151.372,36.020,65.829,110.813
25500,-22.708732326,14.431667632, 1365,151.715,35.935,65.631,110.901
25560,-22.654535457,14.388944492, 1619,152.058,35.849,65.433,110.990
25620,-22.600338589,14.346221352, 1873,152.402,35.763,65.235,111.078
25680,-22.546141721,14.303498211, 2127,152.745,35.677,65.037,111.166
25740,-22.491944853,14.260775071, 2381,153.088,35.592,64.839,111.255
25800,-22.437747985,14.218051931, 2636,153.431,35.506,64.641,111.343
25860,-22.383551116,14.175328791, 2890,153.774,35.420,64.443,111.431
25920,-22.329354248,14.132605650, 3144,154.117,35.334,64.244,111.520
25980,-22.275157380,14.089882510, 3398,154.460,35.249,64.046,111.608
26040,-22.220960512,14.047159370, 3652,154.803,35.163,63.848,111.696
26100,-22.166763644,14.004436230, 3906,155.146,35.077,63.650,111.785
26160,-22.112566775,13.961713089, 4160,155.489,34.991,63.452,111.873
26220,-22.058369907,13.918989949, 4414,155.832,34.906,63.254,111.961
26280,-22.004173039,13.876266809, 4668,156.175,34.820,63.056,112.050
26340,-21.949976171,13.833543669, 4922,156.519,34.734,62.858,112.138
26400,-21.895779303,13.790820529, 5176,156.862,34.648,62.660,112.226
26460,-21.841582434,13.748097388, 5430,157.205,34.563,62.461,112.315
26520,-21.787385566,13.705374248, 5684,157.548,34.477,62.263,112.403
26580,-21.733188698,13.662651108, 5938,157.891,34.391,62.065,112.491
26640,-21.678991830,13.619927968, 6192,158.234,34.305,61.867,112.580
26700,-21.624794962,13.577204827, 6446,158.577,34.220,61.669,112.668
26760,-21.570598093,13.534481687, 6700,158.920,34.134,61.471,112.756
26820,-21.516401225,13.491758547, 6954,159.263,34.048,61.273,112.845
26880,-21.462204357,13.449035407, 7208,159.606,33.962,61.075,112.933
26940,-21.408007489,13.406312266, 7462,159.949,33.877,60.877,113.021
27000,-21.332680937,13.353718144, 7500,160.158,33.508,60.675,113.093
27060,-21.253691299,13.299412768, 7500,160.343,33.090,60.474,113.163
27120,-21.174701661,13.245107392, 7500,160.528,32.672,60.272,113.232
27180,-21.095712022,13.190802015, 7500,160.713,32.254,60.071,113.302
27240,-21.016722384,13.136496639, 7500,160.898,31.836,59.869,113.371
27300,-20.937732746,13.082191263, 7500,161.083,31.418,59.667,113.440
27360,-20.858743107,13.027885886, 7500,161.269,31.000,59.466,113.510
27420,-20.779753469,12.973580510, 7500,161.454,30.582,59.264,113.579
27480,-20.700763831,12.919275134, 7500,161.639,30.164,59.063,113.648
27540,-20.621774192,12.864969757, 7500,161.824,29.746,58.861,113.718
27600,-20.542784554,12.810664381, 7500,162.009,29.328,58.659,113.787
27660,-20.463794916,12.756359005, 7500,162.194,28.910,58.458,113.856
27720,-20.384805277,12.702053628, 7500,162.379,28.492,58.256,113.926
27780,-20.305815639,12.647748252, 7500,162.564,28.074,58.055,113.995
27840,-20.226826001,12.593442876, 7500,162.750,27.656,57.853,114.065
27900,-20.147836363,12.539137499, 7500,162.935,27.238,57.651,114.134
27960,-20.068846724,12.484832123, 7500,163.120,26.820,57.450,114.203
28020,-19.989857086,12.430526747, 7500,163.305,26.402,57.248,114.273
28080,-19.910867448,12.376221370, 7500,163.490,25.985,57.047,114.342
28140,-19.831877809,12.321915994, 7500,163.675,25.567,56.845,114.411
28200,-19.752888171,12.267610618, 7500,163.860,25.149,56.643,114.481
28260,-19.673898533,12.213305241, 7500,164.046,24.731,56.442,114.550
28320,-19.594908894,12.158999865, 7500,164.231,24.313,56.240,114.619
28380,-19.515919256,12.104694488, 7500,164.416,23.895,56.039,114.689
28440,-19.436929618,12.050389112, 7500,164.601,23.477,55.837,114.758
28500,-19.357939979,11.996083736, 7500,164.786,23.059,55.635,114.827
28560,-19.278950341,11.941778359, 7500,164.971,22.641,55.434,114.897
28620,-19.199960703,11.887472983, 7500,165.156,22.223,55.232,114.966
28680,-19.120971064,11.833167607, 7500,165.341,21.805,55.031,115.036
28740,-19.041981426,11.778862230, 7500,165.527,21.387,54.829,115.105
28800,-18.962991788,11.724556854, 7500,165.712,20.969,54.627,115.174
28860,-18.884002149,11.670251478, 7500,165.897,20.551,54.426,115.244
28920,-18.805012511,11.615946101, 7500,166.082,20.133,54.224,115.313
28980,-18.726022873,11.561640725, 7500,166.267,19.715,54.023,115.382
29040,-18.647033234,11.507335349, 7500,166.452,19.297,53.821,115.452
29100,-18.568043596,11.453029972, 7500,166.637,18.879,53.619,115.521
29160,-18.489053958,11.398724596, 7500,166.823,18.461,53.418,115.590
29220,-18.410064320,11.344419220, 7500,167.008,18.043,53.216,115.660
29280,-18.331074681,11.290113843, 7500,167.193,17.625,53.015,115.729
29340,-18.252085043,11.235808467, 7500,167.378,17.208,52.813,115.799
29400,-18.173095405,11.181503091, 7500,167.563,16.790,52.611,115.868
29460,-18.094105766,11.127197714, 7500,167.748,16.372,52.410,115.937
29520,-18.015116128,11.072892338, 7500,167.933,15.954,52.208,116.007
29580,-17.936126490,11.018586962, 7500,168.118,15.536,52.007,116.076
29640,-17.857136851,10.964281585, 7500,168.304,15.118,51.805,116.145
29700,-17.778147213,10.909976209, 7500,168.489,14.700,51.603,116.215
29760,-17.699157575,10.855670833, 7500,168.674,14.282,51.402,116.284
29820,-17.620167936,10.801365456, 7500,168.859,13.864,51.200,116.353
29880,-17.541178298,10.747060080, 7500,169.044,13.446,50.999,116.423
29940,-17.462188660,10.692754704, 7500,169.229,13.028,50.797,116.492
30000,-17.383199021,10.638449327, 7500,169.414,12.610,50.595,116.562
30060,-17.304209383,10.584143951, 7500,169.600,12.192,50.394,116.631
30120,-17.225219745,10.529838575, 7500,169.785,11.774,50.192,116.700
30180,-17.146230106,10.475533198, 7500,169.970,11.356,49.991,116.770
30240,-17.067240468,10.421227822, 7500,170.155,10.938,49.789,116.839
30300,-16.988250830,10.366922445, 7500,170.340,10.520,49.587,116.908
30360,-16.909261191,10.312617069, 7500,170.525,10.102,49.386,116.978
30420,-16.830271553,10.258311693, 7500,170.710,9.684,49.184,117.047
30480,-16.751281915,10.204006316, 7500,170.895,9.266,48.983,117.116
30540,-16.672292277,10.149700940, 7500,171.081,8.848,48.781,117.186
30600,-16.593302638,10.095395564, 7500,171.266,8.431,48.579,117.255
30660,-16.514313000,10.041090187, 7500,171.451,8.013,48.378,117.325
30720,-16.435323362,9.986784811, 7500,171.636,7.595,48.176,117.394
30780,-16.356333723,9.932479435, 7500,171.821,7.177,47.975,117.463
30840,-16.277344085,9.878174058, 7500,172.006,6.759,47.773,117.533
30900,-16.198354447,9.823868682, 7500,172.191,6.341,47.571,117.602
30960,-16.119364808,9.769563306, 7500,172.376,5.923,47.370,117.671
31020,-16.040375170,9.715257929, 7500,172.562,5.505,47.168,117.741
31080,-15.961385532,9.660952553, 7500,172.747,5.087,46.966,117.810
31140,-15.882395893,9.606647177, 7500,172.932,4.669,46.765,117.879
31200,-15.803406255,9.552341800, 7500,173.117,4.251,46.563,117.949
31260,-15.724416617,9.498036424, 7500,173.302,3.833,46.362,118.018
31320,-15.645426978,9.443731048, 7500,173.487,3.415,46.160,118.087
31380,-15.566437340,9.389425671, 7500,173.672,2.997,45.958,118.157
31440,-15.487447702,9.335120295, 7500,173.858,2.579,45.757,118.226
31500,-15.408458063,9.280814919, 7500,174.043,2.161,45.555,118.296
31560,-15.329468425,9.226509542, 7500,174.228,1.743,45.354,118.365
31620,-15.250478787,9.172204166, 7500,174.413,1.325,45.152,118.434
31680,-15.171489148,9.117898790, 7500,174.598,0.907,44.950,118.504
31740,-15.092499510,9.063593413, 7500,174.783,0.489,44.749,118.573
31800,-15.013509872,9.009288037, 7500,174.968,0.071,44.547,118.642
31860,-14.921808849,9.000000000, 7500,175.000,2.351,44.299,118.743
31920,-14.827485197,9.000000000, 7500,175.000,5.188,44.042,118.850
31980,-14.733161545,9.000000000, 7500,175.000,8.025,43.785,118.957
32040,-14.638837893,9.000000000, 7500,175.000,10.861,43.527,119.064
32100,-14.544514241,9.000000000, 7500,175.000,13.698,43.270,119.171
32160,-14.450190589,9.000000000, 7500,175.000,16.534,43.012,119.278
32220,-14.355866937,9.000000000, 7500,175.000,19.371,42.755,119.385
32280,-14.261543285,9.000000000, 7500,175.000,22.207,42.497,119.492
32340,-14.167219633,9.000000000, 7500,175.000,25.044,42.240,119.600
32400,-14.072895981,9.000000000, 7500,175.000,27.881,41.982,119.707
32460,-13.978572329,9.000000000, 7500,175.000,30.717,41.725,119.814
32520,-13.884248677,9.000000000, 7500,175.000,33.554,41.468,119.921
32580,-13.789925025,9.000000000, 7500,175.000,36.390,41.210,120.028
32640,-13.695601373,9.000000000, 7500,175.000,39.227,40.953,120.135
32700,-13.601277721,9.000000000, 7500,175.000,42.064,40.695,120.242
32760,-13.506954069,9.000000000, 7500,175.000,44.900,40.438,120.349
32820,-13.412630417,9.000000000, 7500,175.000,47.737,40.180,120.456
32880,-13.318306765,9.000000000, 7500,175.000,50.573,39.923,120.563
32940,-13.223983113,9.000000000, 7500,175.000,53.410,39.666,120.670
33000,-13.129659461,9.000000000, 7500,175.000,56.246,39.408,120.777
33060,-13.035335809,9.000000000, 7500,175.000,59.083,39.151,120.884
33120,-12.941012157,9.000000000, 7500,175.000,61.920,38.893,120.991
33180,-12.846688505,9.000000000, 7500,175.000,64.756,38.636,121.099
33240,-12.752364853,9.000000000, 7500,175.000,67.593,38.378,121.206
33300,-12.658041201,9.000000000, 7500,175.000,70.429,38.121,121.313
33360,-12.563717549,9.000000000, 7500,175.000,73.266,37.864,121.420
33420,-12.469393897,9.000000000, 7500,175.000,76.103,37.606,121.527
33480,-12.375070245,9.000000000, 7500,175.000,78.939,37.349,121.634
33540,-12.280746593,9.000000000, 7500,175.000,81.776,37.091,121.741
33600,-12.186422941,9.000000000, 7500,175.000,84.612,36.834,121.848
33660,-12.092099289,9.000000000, 7500,175.000,87.449,36.576,121.955
33720,-12.000000000,8.998115981, 7494,174.973,90.218,36.322,122.064
33780,-12.000000000,8.918224548, 7247,173.833,90.214,36.184,122.235
33840,-12.000000000,8.838333115, 7000,172.693,90.210,36.046,122.407
33900,-12.000000000,8.758441681, 6753,171.552,90.205,35.909,122.579
33960,-12.000000000,8.678550248, 6506,170.412,90.201,35.771,122.750
34020,-12.000000000,8.598658815, 6259,169.272,90.197,35.633,122.922
34080,-12.000000000,8.518767382, 6012,168.131,90.192,35.496,123.093
34140,-12.000000000,8.438875948, 5765,166.991,90.188,35.358,123.265
34200,-12.000000000,8.358984515, 5518,165.851,90.184,35.220,123.437
34260,-12.000000000,8.279093082, 5271,164.711,90.179,35.082,123.608
34320,-12.000000000,8.199201649, 5024,163.570,90.175,34.945,123.780
34380,-12.000000000,8.119310215, 4777,162.430,90.171,34.807,123.951
34440,-12.000000000,8.039418782, 4529,161.290,90.166,34.669,124.123
34500,-12.000000000,7.959527349, 4282,160.150,90.162,34.532,124.295
34560,-12.000000000,7.879635916, 4035,159.009,90.157,34.394,124.466
34620,-12.000000000,7.799744483, 3788,157.869,90.153,34.256,124.638
34680,-12.000000000,7.719853049, 3541,156.729,90.149,34.118,124.809
34740,-12.000000000,7.639961616, 3294,155.588,90.144,33.981,124.981
34800,-12.000000000,7.560070183, 3047,154.448,90.140,33.843,125.153
34860,-12.000000000,7.480178750, 2800,153.308,90.136,33.705,125.324
34920,-12.000000000,7.400287316, 2553,152.168,90.131,33.568,125.496
34980,-12.000000000,7.320395883, 2306,151.027,90.127,33.430,125.667
35040,-12.000000000,7.240504450, 2059,149.887,90.123,33.292,125.839
35100,-12.000000000,7.160613017, 1812,148.747,90.118,33.154,126.011
35160,-12.000000000,7.080721583, 1565,147.607,90.114,33.017,126.182
35220,-12.000000000,7.000830150, 1318,146.466,90.110,32.879,126.354
35280,-12.000000000,6.920938717, 1071,145.326,90.105,32.741,126.525
35340,-12.000000000,6.846965232, 1051,144.233,90.134,32.604,126.725
35400,-12.000000000,6.775360925, 1123,143.159,90.177,32.466,126.935
35460,-12.000000000,6.703756618, 1194,142.085,90.219,32.328,127.146
35520,-12.000000000,6.632152311, 1266,141.011,90.262,32.191,127.357
35580,-12.000000000,6.560548004, 1338,139.937,90.304,32.053,127.567
35640,-12.000000000,6.488943697, 1409,138.863,90.347,31.916,127.778
35700,-12.000000000,6.417339389, 1481,137.789,90.389,31.778,127.989
35760,-12.000000000,6.345735082, 1552,136.715,90.432,31.640,128.199
35820,-12.000000000,6.274130775, 1624,135.640,90.474,31.503,128.410
35880,-12.000000000,6.202526468, 1696,134.566,90.517,31.365,128.621
35940,-12.000000000,6.130922161, 1767,133.492,90.559,31.227,128.831
36000,-12.000000000,6.059317854, 1839,132.418,90.602,31.090,129.042
36060,-12.000000000,5.987713547, 1910,131.344,90.644,30.952,129.252
36120,-12.000000000,5.916109239, 1982,130.270,90.687,30.815,129.463
36180,-11.999999218,5.842356425, 1992,130.062,92.181,30.702,129.759
36240,-11.999998173,5.767881596, 1981,130.146,94.162,30.598,130.083
36300,-11.999997128,5.693406768, 1969,130.229,96.144,30.495,130.408
36360,-11.999996083,5.618931940, 1958,130.312,98.126,30.391,130.732
36420,-11.999995039,5.544457112, 1947,130.395,100.108,30.287,131.057
36480,-11.999993994,5.469982284, 1936,130.479,102.090,30.183,131.381
36540,-11.999992949,5.395507456, 1925,130.562,104.071,30.079,131.706
36600,-11.999991904,5.321032628, 1914,130.645,106.053,29.976,132.030
36660,-11.999990859,5.246557800, 1903,130.728,108.035,29.872,132.355
36720,-11.999989814,5.172082972, 1892,130.812,110.017,29.768,132.679
36780,-11.999988770,5.097608144, 1881,130.895,111.998,29.664,133.004
36840,-11.999987725,5.023133316, 1870,130.978,113.980,29.560,133.328
36900,-11.999986680,4.948658488, 1858,131.061,115.962,29.456,133.653
36960,-11.999985635,4.874183660, 1847,131.145,117.944,29.353,133.977
37020,-11.999984590,4.799708832, 1836,131.228,119.925,29.249,134.301
37080,-11.999983545,4.725234004, 1825,131.311,121.907,29.145,134.626
37140,-11.999982500,4.650759176, 1814,131.394,123.889,29.041,134.950
37200,-11.999981456,4.576284348, 1803,131.478,125.871,28.937,135.275
37260,-11.999980411,4.501809520, 1792,131.561,127.852,28.834,135.599
37320,-11.999979366,4.427334692, 1781,131.644,129.834,28.730,135.924
37380,-11.999978321,4.352859864, 1770,131.727,131.816,28.626,136.248
37440,-11.999977276,4.278385036, 1759,131.811,133.798,28.522,136.573
37500,-11.999976231,4.203910208, 1747,131.894,135.780,28.418,136.897
37560,-11.999975187,4.129435380, 1736,131.977,137.761,28.314,137.222
37620,-11.999974142,4.054960552, 1725,132.060,139.743,28.211,137.546
37680,-11.999973097,3.980485724, 1714,132.144,141.725,28.107,137.871
37740,-11.999972052,3.906010896, 1703,132.227,143.707,28.003,138.195
37800,-11.999971007,3.831536068, 1692,132.310,145.688,27.899,138.520
37860,-11.999969962,3.757061240, 1681,132.393,147.670,27.795,138.844
37920,-11.999968918,3.682586412, 1670,132.477,149.652,27.692,139.168
37980,-11.999967873,3.608111584, 1659,132.560,151.634,27.588,139.493
38040,-11.999966828,3.533636756, 1648,132.643,153.615,27.484,139.817
38100,-11.999965783,3.459161928, 1636,132.726,155.597,27.380,140.142
38160,-11.999964738,3.384687100, 1625,132.810,157.579,27.276,140.466
38220,-11.999963693,3.310212272, 1614,132.893,159.561,27.172,140.791
38280,-11.999962648,3.235737444, 1603,132.976,161.543,27.069,141.115
38340,-11.999961604,3.161262616, 1592,133.059,163.524,26.965,141.440
38400,-11.999960559,3.086787788, 1581,133.143,165.506,26.861,141.764
38460,-11.999959514,3.012312960, 1570,133.226,167.488,26.757,142.089
38520,-11.999958469,2.937838132, 1559,133.309,169.470,26.653,142.413
38580,-11.999957424,2.863363304, 1548,133.392,171.451,26.549,142.738
38640,-11.999956379,2.788888476, 1537,133.476,173.433,26.446,143.062
38700,-11.999955335,2.714413648, 1525,133.559,175.415,26.342,143.387
38760,-11.999954290,2.639938819, 1514,133.642,177.397,26.238,143.711
38820,-11.999953245,2.565463991, 1503,133.725,179.378,26.134,144.035
38880,-11.999952200,2.490989163, 1492,133.809,181.360,26.030,144.360
38940,-11.999951155,2.416514335, 1481,133.892,183.342,25.927,144.684
39000,-11.999950110,2.342039507, 1470,133.975,185.324,25.823,145.009
39060,-11.999949066,2.267564679, 1459,134.058,187.305,25.719,145.333
39120,-11.999948021,2.193089851, 1448,134.142,189.287,25.615,145.658
