src/Components/missions/ORACLES/Tracks/routine_v3/ORACLES-Flt-plan_p3_20160901_RA_15S.ict
42, 1001
Samuel LeBlanc
NASA Ames Research Center
Simulated flight plan
ORACLES
1,1
2016,09,01,2016,09,01
60
Start_UTC, seconds from midnight UTC, time keeping
7
1,1,1,1,1,1,1
-9999,-9999,-9999,-9999,-9999,-9999,-9999
Latitude, Degrees (North positive), Planned latitude position of the aircraft
Longitude, Degrees (East positive), Planned longitude position of the aircraft
Altitude, meters (above sea level), Planned altitude of the aircraft
speed, meters per second (m/s), Estimated speed of aircraft
Bearing, degrees from north, Direction of travel of the plane per respect to north
SZA, degrees from zenith, Elevation position of the sun in the sky per respect to zenith
AZI, degrees from north, Azimuthal position of the sun in the sky per respect to north
1
Simulated aircraft data interpolated from flight plan waypoints
20
-----------------------------------------------------------------------------
PI_CONTACT_INFO: Samuel LeBlanc, samuel.leblanc@nasa.gov
PLATFORM: p3
LOCATION: N/A
ASSOCIATED_DATA: N/A
INSTRUMENT_INFO: None
DATA_INFO: Compiled with flight planner: moving lines v0.8beta
UNCERTAINTY: Undefined
ULOD_FLAG: -7777
ULOD_VALUE: N/A
LLOD_FLAG: -8888
LLOD_VALUE: N/A
DM_CONTACT_INFO: See PI
PROJECT_INFO: ORACLES
STIPULATIONS_ON_USE: None
OTHER_COMMENTS: N/A
REVISION: RA
RA: First iteration of the flight plan
-----------------------------------------------------------------------------
Start_UTC,Latitude,Longitude,Altitude,speed,Bearing,SZA,AZI
[from data line 234]
39240,-11.999945931,2.044140195, 1426,134.308,193.251,25.407,146.307
39300,-11.999944886,1.969665367, 1414,134.391,195.233,25.304,146.631
39360,-11.999943841,1.895190539, 1403,134.475,197.214,25.200,146.956
39420,-11.999942796,1.820715711, 1392,134.558,199.196,25.096,147.280
39480,-11.999941752,1.746240883, 1381,134.641,201.178,24.992,147.605
39540,-11.999940707,1.671766055, 1370,134.724,203.160,24.888,147.929
39600,-11.999939662,1.597291227, 1359,134.808,205.141,24.785,148.254
39660,-11.999938617,1.522816399, 1348,134.891,207.123,24.681,148.578
39720,-11.999937572,1.448341571, 1337,134.974,209.105,24.577,148.902
39780,-11.999936527,1.373866743, 1326,135.057,211.087,24.473,149.227
39840,-11.999935483,1.299391915, 1315,135.141,213.068,24.369,149.551
39900,-11.999934438,1.224917087, 1303,135.224,215.050,24.265,149.876
39960,-11.999933393,1.150442259, 1292,135.307,217.032,24.162,150.200
40020,-11.999932348,1.075967431, 1281,135.390,219.014,24.058,150.525
40080,-11.999931303,1.001492603, 1270,135.474,220.995,23.954,150.849
40140,-11.999930258,0.927017775, 1259,135.557,222.977,23.850,151.174
40200,-11.999929214,0.852542947, 1248,135.640,224.959,23.746,151.498
40260,-11.999928169,0.778068119, 1237,135.723,226.941,23.643,151.823
40320,-11.999927124,0.703593291, 1226,135.807,228.923,23.539,152.147
40380,-11.999926079,0.629118463, 1215,135.890,230.904,23.435,152.472
40440,-11.999925034,0.554643635, 1204,135.973,232.886,23.331,152.796
40500,-11.999923989,0.480168807, 1192,136.056,234.868,23.227,153.121
40560,-11.999922944,0.405693979, 1181,136.140,236.850,23.123,153.445
40620,-11.999921900,0.331219151, 1170,136.223,238.831,23.020,153.770
40680,-11.999920855,0.256744323, 1159,136.306,240.813,22.916,154.094
40740,-11.999919810,0.182269495, 1148,136.389,242.795,22.812,154.418
40800,-11.999918765,0.107794667, 1137,136.473,244.777,22.708,154.743
40860,-11.999917720,0.033319839, 1126,136.556,246.758,22.604,155.067
40920,-11.999916675,-0.041154989, 1115,136.639,248.740,22.501,155.392
40980,-11.999915631,-0.115629817, 1104,136.722,250.722,22.397,155.716
41040,-11.999914586,-0.190104645, 1093,136.806,252.704,22.293,156.041
41100,-11.999913541,-0.264579473, 1081,136.889,254.685,22.189,156.365
41160,-11.999912496,-0.339054301, 1070,136.972,256.667,22.085,156.690
41220,-11.999911451,-0.413529129, 1059,137.055,258.649,21.981,157.014
41280,-11.999910406,-0.488003958, 1048,137.139,260.631,21.878,157.339
41340,-11.999909362,-0.562478786, 1037,137.222,262.613,21.774,157.663
41400,-11.999908317,-0.636953614, 1026,137.305,264.594,21.670,157.988
41460,-11.999907272,-0.711428442, 1015,137.388,266.576,21.566,158.312
41520,-11.999906227,-0.785903270, 1004,137.472,268.558,21.462,158.637
41580,-11.999906475,-0.764117110, 1000,137.452,269.239,21.496,159.222
41640,-11.999907392,-0.692484709, 1000,137.379,269.246,21.600,159.943
41700,-11.999908309,-0.620852308, 1000,137.306,269.253,21.705,160.664
41760,-11.999909226,-0.549219907, 1000,137.233,269.260,21.809,161.385
41820,-11.999910143,-0.477587506, 1000,137.160,269.267,21.914,162.106
41880,-11.999911060,-0.405955105, 1000,137.086,269.274,22.018,162.827
41940,-11.999911977,-0.334322705, 1000,137.013,269.281,22.123,163.548
42000,-11.999912895,-0.262690304, 1000,136.940,269.288,22.227,164.269
42060,-11.999913812,-0.191057903, 1000,136.867,269.295,22.331,164.990
42120,-11.999914729,-0.119425502, 1000,136.794,269.303,22.436,165.711
42180,-11.999915646,-0.047793101, 1000,136.721,269.310,22.540,166.432
42240,-11.999916563,0.023839300, 1000,136.648,269.317,22.645,167.153
42300,-11.999917480,0.095471701, 1000,136.575,269.324,22.749,167.874
42360,-11.999918397,0.167104102, 1000,136.502,269.331,22.854,168.595
42420,-11.999919314,0.238736503, 1000,136.429,269.338,22.958,169.316
42480,-11.999920231,0.310368904, 1000,136.356,269.345,23.063,170.037
42540,-11.999921148,0.382001305, 1000,136.283,269.352,23.167,170.758
42600,-11.999922066,0.453633706, 1000,136.210,269.359,23.272,171.479
42660,-11.999922983,0.525266107, 1000,136.137,269.366,23.376,172.200
42720,-11.999923900,0.596898507, 1000,136.063,269.374,23.481,172.921
42780,-11.999924817,0.668530908, 1000,135.990,269.381,23.585,173.642
42840,-11.999925734,0.740163309, 1000,135.917,269.388,23.689,174.363
42900,-11.999926651,0.811795710, 1000,135.844,269.395,23.794,175.084
42960,-11.999927568,0.883428111, 1000,135.771,269.402,23.898,175.805
43020,-11.999928485,0.955060512, 1000,135.698,269.409,24.003,176.526
43080,-11.999929402,1.026692913, 1000,135.625,269.416,24.107,177.247
43140,-11.999930319,1.098325314, 1000,135.552,269.423,24.212,177.968
43200,-11.999931237,1.169957715, 1000,135.479,269.430,24.316,178.689
43260,-11.999932154,1.241590116, 1000,135.406,269.437,24.421,179.410
43320,-11.999933071,1.313222517, 1000,135.333,269.445,24.525,180.131
43380,-11.999933988,1.384854918, 1000,135.260,269.452,24.630,180.852
43440,-11.999934905,1.456487319, 1000,135.187,269.459,24.734,181.573
43500,-11.999935822,1.528119719, 1000,135.114,269.466,24.839,182.294
43560,-11.999936739,1.599752120, 1000,135.040,269.473,24.943,183.015
43620,-11.999937656,1.671384521, 1000,134.967,269.480,25.048,183.736
43680,-11.999938573,1.743016922, 1000,134.894,269.487,25.152,184.457
43740,-11.999939491,1.814649323, 1000,134.821,269.494,25.256,185.178
43800,-11.999940408,1.886281724, 1000,134.748,269.501,25.361,185.899
43860,-11.999941325,1.957914125, 1000,134.675,269.508,25.465,186.620
43920,-11.999942242,2.029546526, 1000,134.602,269.516,25.570,187.341
43980,-11.999943159,2.101178927, 1000,134.529,269.523,25.674,188.062
44040,-11.999944076,2.172811328, 1000,134.456,269.530,25.779,188.783
44100,-11.999944993,2.244443729, 1000,134.383,269.537,25.883,189.504
44160,-11.999945910,2.316076130, 1000,134.310,269.544,25.988,190.225
44220,-11.999946827,2.387708531, 1000,134.237,269.551,26.092,190.946
44280,-11.999947744,2.459340931, 1000,134.164,269.558,26.197,191.667
44340,-11.999948662,2.530973332, 1000,134.091,269.565,26.301,192.388
44400,-11.999949579,2.602605733, 1000,134.017,269.572,26.406,193.109
44460,-11.999950496,2.674238134, 1000,133.944,269.580,26.510,193.830
44520,-11.999951413,2.745870535, 1000,133.871,269.587,26.614,194.551
44580,-11.999952330,2.817502936, 1000,133.798,269.594,26.719,195.272
44640,-11.999953247,2.889135337, 1000,133.725,269.601,26.823,195.993
44700,-11.999954164,2.960767738, 1000,133.652,269.608,26.928,196.713
44760,-11.999955081,3.032400139, 1000,133.579,269.615,27.032,197.434
44820,-11.999955998,3.104032540, 1000,133.506,269.622,27.137,198.155
44880,-11.999956915,3.175664941, 1000,133.433,269.629,27.241,198.876
44940,-11.999957833,3.247297342, 1000,133.360,269.636,27.346,199.597
45000,-11.999958750,3.318929743, 1000,133.287,269.643,27.450,200.318
45060,-11.999959667,3.390562143, 1000,133.214,269.651,27.555,201.039
45120,-11.999960584,3.462194544, 1000,133.141,269.658,27.659,201.760
45180,-11.999961501,3.533826945, 1000,133.068,269.665,27.764,202.481
45240,-11.999962418,3.605459346, 1000,132.994,269.672,27.868,203.202
45300,-11.999963335,3.677091747, 1000,132.921,269.679,27.972,203.923
45360,-11.999964252,3.748724148, 1000,132.848,269.686,28.077,204.644
45420,-11.999965169,3.820356549, 1000,132.775,269.693,28.181,205.365
45480,-11.999966087,3.891988950, 1000,132.702,269.700,28.286,206.086
45540,-11.999967004,3.963621351, 1000,132.629,269.707,28.390,206.807
45600,-11.999967921,4.035253752, 1000,132.556,269.714,28.495,207.528
45660,-11.999968838,4.106886153, 1000,132.483,269.722,28.599,208.249
45720,-11.999969755,4.178518554, 1000,132.410,269.729,28.704,208.970
45780,-11.999970672,4.250150955, 1000,132.337,269.736,28.808,209.691
45840,-11.999971589,4.321783355, 1000,132.264,269.743,28.913,210.412
45900,-11.999972506,4.393415756, 1000,132.191,269.750,29.017,211.133
45960,-11.999973423,4.465048157, 1000,132.118,269.757,29.122,211.854
46020,-11.999974340,4.536680558, 1000,132.044,269.764,29.226,212.575
46080,-11.999975258,4.608312959, 1000,131.971,269.771,29.330,213.296
46140,-11.999976175,4.679945360, 1000,131.898,269.778,29.435,214.017
46200,-11.999977092,4.751577761, 1000,131.825,269.785,29.539,214.738
46260,-11.999978009,4.823210162, 1000,131.752,269.793,29.644,215.459
46320,-11.999978926,4.894842563, 1000,131.679,269.800,29.748,216.180
46380,-11.999979843,4.966474964, 1000,131.606,269.807,29.853,216.901
46440,-11.999980760,5.038107365, 1000,131.533,269.814,29.957,217.622
46500,-11.999981677,5.109739766, 1000,131.460,269.821,30.062,218.343
46560,-11.999982594,5.181372167, 1000,131.387,269.828,30.166,219.064
46620,-11.999983512,5.253004567, 1000,131.314,269.835,30.271,219.785
46680,-11.999984429,5.324636968, 1000,131.241,269.842,30.375,220.506
46740,-11.999985346,5.396269369, 1000,131.168,269.849,30.480,221.227
46800,-11.999986263,5.467901770, 1000,131.095,269.856,30.584,221.948
46860,-11.999987180,5.539534171, 1000,131.021,269.864,30.688,222.669
46920,-11.999988097,5.611166572, 1000,130.948,269.871,30.793,223.390
46980,-11.999989014,5.682798973, 1000,130.875,269.878,30.897,224.111
47040,-11.999989931,5.754431374, 1000,130.802,269.885,31.002,224.832
47100,-11.999990848,5.826063775, 1000,130.729,269.892,31.106,225.553
47160,-11.999991765,5.897696176, 1000,130.656,269.899,31.211,226.274
47220,-11.999992683,5.969328577, 1000,130.583,269.906,31.315,226.995
47280,-11.999993600,6.040960978, 1000,130.510,269.913,31.420,227.716
47340,-11.999994517,6.112593379, 1000,130.437,269.920,31.524,228.437
47400,-11.999995434,6.184225779, 1000,130.364,269.928,31.629,229.158
47460,-11.999996351,6.255858180, 1000,130.291,269.935,31.733,229.879
47520,-11.999997268,6.327490581, 1000,130.218,269.942,31.838,230.600
47580,-11.999998185,6.399122982, 1000,130.145,269.949,31.942,231.321
47640,-11.999999102,6.470755383, 1000,130.072,269.956,32.046,232.042
47700,-12.000000000,6.542387136, 1004,130.000,269.962,32.154,232.755
47760,-12.000000000,6.613988841, 1205,130.000,269.926,32.408,233.113
47820,-12.000000000,6.685590547, 1405,130.000,269.889,32.661,233.470
47880,-12.000000000,6.757192253, 1606,130.000,269.853,32.915,233.827
47940,-12.000000000,6.828793959, 1806,130.000,269.817,33.168,234.185
48000,-12.000000000,6.900849626, 2007,130.039,269.664,33.423,234.540
48060,-12.000000000,6.986603199, 2232,131.263,266.001,33.702,234.842
48120,-12.000000000,7.072356773, 2456,132.487,262.338,33.982,235.143
48180,-12.000000000,7.158110346, 2680,133.711,258.675,34.261,235.445
48240,-12.000000000,7.243863919, 2905,134.935,255.012,34.540,235.746
48300,-12.000000000,7.329617492, 3129,136.159,251.349,34.820,236.048
48360,-12.000000000,7.415371065, 3354,137.383,247.686,35.099,236.349
48420,-12.000000000,7.501124638, 3578,138.607,244.024,35.378,236.651
48480,-12.000000000,7.586878211, 3802,139.831,240.361,35.658,236.952
48540,-12.000000000,7.672631784, 4027,141.055,236.698,35.937,237.254
48600,-12.000000000,7.758385357, 4251,142.279,233.035,36.216,237.555
48660,-12.000000000,7.844138930, 4475,143.503,229.372,36.496,237.856
48720,-12.000000000,7.929892503, 4700,144.727,225.709,36.775,238.158
48780,-12.000000000,8.015646076, 4924,145.951,222.046,37.054,238.459
48840,-12.000000000,8.101399649, 5149,147.174,218.383,37.334,238.761
48900,-12.000000000,8.187153222, 5373,148.398,214.720,37.613,239.062
48960,-12.000000000,8.272906795, 5597,149.622,211.057,37.893,239.364
49020,-12.000000000,8.358660368, 5822,150.846,207.394,38.172,239.665
49080,-12.000000000,8.444413941, 6046,152.070,203.732,38.451,239.967
49140,-12.000000000,8.530167514, 6271,153.294,200.069,38.731,240.268
49200,-12.000000000,8.615921087, 6495,154.518,196.406,39.010,240.570
49260,-12.000000000,8.701674660, 6719,155.742,192.743,39.289,240.871
49320,-12.000000000,8.787428233, 6944,156.966,189.080,39.569,241.173
49380,-12.000000000,8.873181806, 7168,158.190,185.417,39.848,241.474
49440,-12.000000000,8.958935379, 7393,159.414,181.754,40.127,241.775
49500,-12.049155097,9.000000000, 7500,160.246,180.532,40.396,241.964
49560,-12.143478749,9.000000000, 7500,160.717,181.554,40.656,242.049
49620,-12.237802401,9.000000000, 7500,161.189,182.575,40.915,242.133
49680,-12.332126053,9.000000000, 7500,161.661,183.597,41.174,242.218
49740,-12.426449705,9.000000000, 7500,162.132,184.618,41.434,242.303
49800,-12.520773357,9.000000000, 7500,162.604,185.639,41.693,242.388
49860,-12.615097009,9.000000000, 7500,163.075,186.661,41.953,242.472
49920,-12.709420661,9.000000000, 7500,163.547,187.682,42.212,242.557
49980,-12.803744313,9.000000000, 7500,164.019,188.704,42.471,242.642
50040,-12.898067965,9.000000000, 7500,164.490,189.725,42.731,242.726
50100,-12.992391617,9.000000000, 7500,164.962,190.747,42.990,242.811
50160,-13.086715269,9.000000000, 7500,165.434,191.768,43.249,242.896
50220,-13.181038921,9.000000000, 7500,165.905,192.789,43.509,242.981
50280,-13.275362573,9.000000000, 7500,166.377,193.811,43.768,243.065
50340,-13.369686225,9.000000000, 7500,166.848,194.832,44.027,243.150
50400,-13.464009877,9.000000000, 7500,167.320,195.854,44.287,243.235
50460,-13.558333529,9.000000000, 7500,167.792,196.875,44.546,243.319
50520,-13.652657181,9.000000000, 7500,168.263,197.897,44.806,243.404
50580,-13.746980833,9.000000000, 7500,168.735,198.918,45.065,243.489
50640,-13.841304485,9.000000000, 7500,169.207,199.939,45.324,243.574
50700,-13.935628137,9.000000000, 7500,169.678,200.961,45.584,243.658
50760,-14.029951789,9.000000000, 7500,170.150,201.982,45.843,243.743
50820,-14.124275441,9.000000000, 7500,170.621,203.004,46.102,243.828
50880,-14.218599093,9.000000000, 7500,171.093,204.025,46.362,243.913
50940,-14.312922745,9.000000000, 7500,171.565,205.046,46.621,243.997
51000,-14.407246397,9.000000000, 7500,172.036,206.068,46.880,244.082
51060,-14.501570049,9.000000000, 7500,172.508,207.089,47.140,244.167
51120,-14.595893701,9.000000000, 7500,172.979,208.111,47.399,244.251
51180,-14.690217353,9.000000000, 7500,173.451,209.132,47.659,244.336
51240,-14.784541005,9.000000000, 7500,173.923,210.154,47.918,244.421
51300,-14.878864657,9.000000000, 7500,174.394,211.175,48.177,244.506
51360,-14.973188309,9.000000000, 7500,174.866,212.196,48.437,244.590
51420,-15.056525493,9.038861276, 7500,175.000,212.517,48.723,244.696
51480,-15.135499511,9.093155914, 7500,175.000,212.559,49.021,244.810
51540,-15.214473530,9.147450552, 7500,175.000,212.601,49.318,244.924
51600,-15.293447548,9.201745189, 7500,175.000,212.643,49.615,245.038
51660,-15.372421567,9.256039827, 7500,175.000,212.685,49.913,245.151
51720,-15.451395585,9.310334465, 7500,175.000,212.727,50.210,245.265
51780,-15.530369604,9.364629103, 7500,175.000,212.769,50.507,245.379
51840,-15.609343622,9.418923740, 7500,175.000,212.811,50.805,245.493
51900,-15.688317641,9.473218378, 7500,175.000,212.853,51.102,245.607
51960,-15.767291659,9.527513016, 7500,175.000,212.895,51.399,245.721
52020,-15.846265678,9.581807654, 7500,175.000,212.937,51.697,245.835
52080,-15.925239696,9.636102291, 7500,175.000,212.979,51.994,245.949
52140,-16.004213715,9.690396929, 7500,175.000,213.021,52.291,246.063
52200,-16.083187733,9.744691567, 7500,175.000,213.063,52.589,246.177
52260,-16.162161752,9.798986205, 7500,175.000,213.105,52.886,246.290
52320,-16.241135771,9.853280842, 7500,175.000,213.147,53.184,246.404
52380,-16.320109789,9.907575480, 7500,175.000,213.189,53.481,246.518
52440,-16.399083808,9.961870118, 7500,175.000,213.231,53.778,246.632
52500,-16.478057826,10.016164755, 7500,175.000,213.273,54.076,246.746
52560,-16.557031845,10.070459393, 7500,175.000,213.315,54.373,246.860
52620,-16.636005863,10.124754031, 7500,175.000,213.357,54.670,246.974
52680,-16.714979882,10.179048669, 7500,175.000,213.400,54.968,247.088
52740,-16.793953900,10.233343306, 7500,175.000,213.442,55.265,247.202
52800,-16.872927919,10.287637944, 7500,175.000,213.484,55.562,247.316
52860,-16.951901937,10.341932582, 7500,175.000,213.526,55.860,247.429
52920,-17.030875956,10.396227220, 7500,175.000,213.568,56.157,247.543
52980,-17.109849974,10.450521857, 7500,175.000,213.610,56.455,247.657
53040,-17.188823993,10.504816495, 7500,175.000,213.652,56.752,247.771
