src/Components/missions/ORACLES/Tracks/routine_v3/ORACLES-Flt-plan_p3_20160901_RA_15S.ict
42, 1001
Samuel LeBlanc
NASA Ames Research Center
Simulated flight plan
ORACLES
1,1
2016,09,01,2016,09,01
60
Start_UTC, seconds from midnight UTC, time keeping
7
1,1,1,1,1,1,1
-9999,-9999,-9999,-9999,-9999,-9999,-9999
Latitude, Degrees (North positive), Planned latitude position of the aircraft
Longitude, Degrees (East positive), Planned longitude position of the aircraft
Altitude, meters (above sea level), Planned altitude of the aircraft
speed, meters per second (m/s), Estimated speed of aircraft
Bearing, degrees from north, Direction of travel of the plane per respect to north
SZA, degrees from zenith, Elevation position of the sun in the sky per respect to zenith
AZI, degrees from north, Azimuthal position of the sun in the sky per respect to north
1
Simulated aircraft data interpolated from flight plan waypoints
20
-----------------------------------------------------------------------------
PI_CONTACT_INFO: Samuel LeBlanc, samuel.leblanc@nasa.gov
PLATFORM: p3
LOCATION: N/A
ASSOCIATED_DATA: N/A
INSTRUMENT_INFO: None
DATA_INFO: Compiled with flight planner: moving lines v0.8beta
UNCERTAINTY: Undefined
ULOD_FLAG: -7777
ULOD_VALUE: N/A
LLOD_FLAG: -8888
LLOD_VALUE: N/A
DM_CONTACT_INFO: See PI
PROJECT_INFO: ORACLES
STIPULATIONS_ON_USE: None
OTHER_COMMENTS: N/A
REVISION: RA
RA: First iteration of the flight plan
-----------------------------------------------------------------------------
Start_UTC,Latitude,Longitude,Altitude,speed,Bearing,SZA,AZI
[from data line 466]
53160,-17.346772030,10.613405771, 7500,175.000,213.736,57.347,247.999
53220,-17.425746049,10.667700408, 7500,175.000,213.778,57.644,248.113
53280,-17.504720067,10.721995046, 7500,175.000,213.820,57.941,248.227
53340,-17.583694086,10.776289684, 7500,175.000,213.862,58.239,248.341
53400,-17.662668104,10.830584322, 7500,175.000,213.904,58.536,248.455
53460,-17.741642123,10.884878959, 7500,175.000,213.946,58.833,248.568
53520,-17.820616141,10.939173597, 7500,175.000,213.988,59.131,248.682
53580,-17.899590160,10.993468235, 7500,175.000,214.030,59.428,248.796
53640,-17.978564178,11.047762873, 7500,175.000,214.072,59.725,248.910
53700,-18.057538197,11.102057510, 7500,175.000,214.114,60.023,249.024
53760,-18.136512215,11.156352148, 7500,175.000,214.156,60.320,249.138
53820,-18.215486234,11.210646786, 7500,175.000,214.198,60.618,249.252
53880,-18.294460252,11.264941424, 7500,175.000,214.240,60.915,249.366
53940,-18.373434271,11.319236061, 7500,175.000,214.282,61.212,249.480
54000,-18.452408290,11.373530699, 7500,175.000,214.324,61.510,249.594
54060,-18.531382308,11.427825337, 7500,175.000,214.366,61.807,249.707
54120,-18.610356327,11.482119975, 7500,175.000,214.408,62.104,249.821
54180,-18.689330345,11.536414612, 7500,175.000,214.450,62.402,249.935
54240,-18.768304364,11.590709250, 7500,175.000,214.492,62.699,250.049
54300,-18.847278382,11.645003888, 7500,175.000,214.534,62.996,250.163
54360,-18.926252401,11.699298526, 7500,175.000,214.576,63.294,250.277
54420,-19.005226419,11.753593163, 7500,175.000,214.618,63.591,250.391
54480,-19.084200438,11.807887801, 7500,175.000,214.660,63.889,250.505
54540,-19.163174456,11.862182439, 7500,175.000,214.702,64.186,250.619
54600,-19.242148475,11.916477076, 7500,175.000,214.744,64.483,250.733
54660,-19.321122493,11.970771714, 7500,175.000,214.787,64.781,250.846
54720,-19.400096512,12.025066352, 7500,175.000,214.829,65.078,250.960
54780,-19.479070530,12.079360990, 7500,175.000,214.871,65.375,251.074
54840,-19.558044549,12.133655627, 7500,175.000,214.913,65.673,251.188
54900,-19.637018568,12.187950265, 7500,175.000,214.955,65.970,251.302
54960,-19.715992586,12.242244903, 7500,175.000,214.997,66.267,251.416
55020,-19.794966605,12.296539541, 7500,175.000,215.039,66.565,251.530
55080,-19.873940623,12.350834178, 7500,175.000,215.081,66.862,251.644
55140,-19.952914642,12.405128816, 7500,175.000,215.123,67.159,251.758
55200,-20.031888660,12.459423454, 7500,175.000,215.165,67.457,251.872
55260,-20.110862679,12.513718092, 7500,175.000,215.207,67.754,251.985
55320,-20.189836697,12.568012729, 7500,175.000,215.249,68.052,252.099
55380,-20.268810716,12.622307367, 7500,175.000,215.291,68.349,252.213
55440,-20.347784734,12.676602005, 7500,175.000,215.333,68.646,252.327
55500,-20.426758753,12.730896643, 7500,175.000,215.375,68.944,252.441
55560,-20.505732771,12.785191280, 7500,175.000,215.417,69.241,252.555
55620,-20.584706790,12.839485918, 7500,175.000,215.459,69.538,252.669
55680,-20.663680808,12.893780556, 7500,175.000,215.501,69.836,252.783
55740,-20.742654827,12.948075194, 7500,175.000,215.543,70.133,252.897
55800,-20.821628846,13.002369831, 7500,175.000,215.585,70.430,253.010
55860,-20.900602864,13.056664469, 7500,175.000,215.627,70.728,253.124
55920,-20.979576883,13.110959107, 7500,175.000,215.669,71.025,253.238
55980,-21.058550901,13.165253745, 7500,175.000,215.711,71.323,253.352
56040,-21.137524920,13.219548382, 7500,175.000,215.753,71.620,253.466
56100,-21.216498938,13.273843020, 7500,175.000,215.795,71.917,253.580
56160,-21.295472957,13.328137658, 7500,175.000,215.837,72.215,253.694
56220,-21.374446975,13.382432296, 7500,175.000,215.879,72.512,253.808
56280,-21.443291548,13.434126527, 7297,175.000,215.906,72.800,253.923
56340,-21.507290873,13.484576898, 6997,175.000,215.925,73.084,254.039
56400,-21.571290198,13.535027270, 6697,175.000,215.944,73.368,254.155
56460,-21.635289523,13.585477641, 6397,175.000,215.963,73.652,254.271
56520,-21.699288847,13.635928013, 6097,175.000,215.982,73.936,254.387
56580,-21.763288172,13.686378384, 5797,175.000,216.001,74.220,254.503
56640,-21.827287497,13.736828755, 5497,175.000,216.020,74.504,254.620
56700,-21.891286822,13.787279127, 5197,175.000,216.039,74.787,254.736
56760,-21.955286147,13.837729498, 4897,175.000,216.058,75.071,254.852
56820,-22.019285471,13.888179869, 4597,175.000,216.077,75.355,254.968
56880,-22.083284796,13.938630241, 4297,175.000,216.096,75.639,255.084
56940,-22.147284121,13.989080612, 3997,175.000,216.115,75.923,255.200
57000,-22.211283446,14.039530983, 3697,175.000,216.134,76.207,255.316
57060,-22.275282770,14.089981355, 3397,175.000,216.154,76.491,255.432
57120,-22.339282095,14.140431726, 3097,175.000,216.173,76.775,255.548
57180,-22.403281420,14.190882098, 2797,175.000,216.192,77.059,255.664
57240,-22.467280745,14.241332469, 2497,175.000,216.211,77.342,255.780
57300,-22.531280070,14.291782840, 2197,175.000,216.230,77.626,255.896
57360,-22.595279394,14.342233212, 1897,175.000,216.249,77.910,256.012
57420,-22.659278719,14.392683583, 1597,175.000,216.268,78.194,256.128
57480,-22.723278044,14.443133954, 1297,175.000,216.287,78.478,256.245
57540,-22.787277369,14.493584326,  997,175.000,216.306,78.762,256.361
57600,-22.851276693,14.544034697,  697,175.000,216.325,79.046,256.477
57660,-22.915276018,14.594485069,  397,175.000,216.344,79.330,256.593
57720,-22.979275343,14.644935440,   97,175.000,216.363,79.614,256.709
