src/Components/missions/ORACLES/Plans/ORACLES-Flt-plan_er2_20160925_R0.ict
42, 1001
rferrare
NASA Ames Research Center
Simulated flight plan
ORACLES
1,1
2016,09,10,2016,09,10
60
Start_UTC, seconds from midnight UTC, time keeping
7
1,1,1,1,1,1,1
-9999,-9999,-9999,-9999,-9999,-9999,-9999
Latitude, Degrees (North positive), Planned latitude position of the aircraft
Longitude, Degrees (East positive), Planned longitude position of the aircraft
Altitude, meters (above sea level), Planned altitude of the aircraft
speed, meters per second (m/s), Estimated speed of aircraft
Bearing, degrees from north, Direction of travel of the plane per respect to north
SZA, degrees from zenith, Elevation position of the sun in the sky per respect to zenith
AZI, degrees from north, Azimuthal position of the sun in the sky per respect to north
1
Simulated aircraft data interpolated from flight plan waypoints
20
-----------------------------------------------------------------------------
PI_CONTACT_INFO: rferrare
PLATFORM: er2
LOCATION: N/A
ASSOCIATED_DATA: N/A
INSTRUMENT_INFO: None
DATA_INFO: Compiled with flight planner: moving lines v1.09
UNCERTAINTY: Undefined
ULOD_FLAG: -7777
ULOD_VALUE: N/A
LLOD_FLAG: -8888
LLOD_VALUE: N/A
DM_CONTACT_INFO: Samuel LeBlanc, samuel.leblanc@nasa.gov
PROJECT_INFO: ORACLES
STIPULATIONS_ON_USE: None
OTHER_COMMENTS: N/A
REVISION: RA
RA: First iteration of the flight plan
-----------------------------------------------------------------------------
Start_UTC,Latitude,Longitude,Altitude,speed,Bearing,SZA,AZI
[from data line 470]
53400,-21.143896594,11.143896594,19000,204.900,137.398,59.207,289.329
53460,-21.224603313,11.224603313,19000,204.900,137.404,59.525,289.193
53520,-21.305310032,11.305310032,19000,204.900,137.409,59.842,289.057
53580,-21.386016750,11.386016750,19000,204.900,137.415,60.160,288.921
53640,-21.466723469,11.466723469,19000,204.900,137.420,60.477,288.785
53700,-21.547430188,11.547430188,19000,204.900,137.426,60.795,288.650
53760,-21.628136907,11.628136907,19000,204.900,137.431,61.112,288.514
53820,-21.708843626,11.708843626,19000,204.900,137.436,61.430,288.378
53880,-21.789550345,11.789550345,19000,204.900,137.442,61.747,288.242
53940,-21.870257063,11.870257063,19000,204.900,137.447,62.065,288.106
54000,-21.950963782,11.950963782,19000,204.900,137.453,62.382,287.971
54060,-22.031832550,12.031832550,19000,204.900,135.931,62.699,287.836
54120,-22.112952221,12.112952221,19000,204.900,132.045,63.015,287.703
54180,-22.194071893,12.194071893,19000,204.900,128.160,63.331,287.570
54240,-22.275191565,12.275191565,19000,204.900,124.274,63.647,287.437
54300,-22.356311236,12.356311236,19000,204.900,120.388,63.962,287.304
54360,-22.437430908,12.437430908,19000,204.900,116.502,64.278,287.171
54420,-22.518550579,12.518550579,19000,204.900,112.616,64.594,287.038
54480,-22.599670251,12.599670251,19000,204.900,108.731,64.910,286.905
54540,-22.680789922,12.680789922,19000,204.900,104.845,65.226,286.772
54600,-22.761909594,12.761909594,19000,204.900,100.959,65.541,286.639
54660,-22.843029266,12.843029266,19000,204.900,97.073,65.857,286.506
54720,-22.924148937,12.924148937,19000,204.900,93.188,66.173,286.373
54780,-22.999967186,13.002661675,18969,204.682,89.553,66.485,286.240
54840,-22.999461963,13.043642928,18496,201.322,89.537,66.745,286.105
54900,-22.998956739,13.084624181,18023,197.961,89.521,67.004,285.970
54960,-22.998451515,13.125605434,17549,194.601,89.505,67.263,285.835
55020,-22.997946291,13.166586687,17076,191.241,89.489,67.523,285.700
55080,-22.997441067,13.207567940,16603,187.881,89.473,67.782,285.565
55140,-22.996935843,13.248549193,16130,184.521,89.457,68.042,285.429
55200,-22.996430619,13.289530446,15656,181.161,89.441,68.301,285.294
55260,-22.995925395,13.330511699,15183,177.801,89.425,68.560,285.159
55320,-22.995420172,13.371492952,14710,174.441,89.409,68.820,285.024
55380,-22.994914948,13.412474205,14237,171.080,89.393,69.079,284.889
55440,-22.994409724,13.453455458,13763,167.720,89.377,69.339,284.754
55500,-22.993904500,13.494436711,13290,164.360,89.361,69.598,284.619
55560,-22.993399276,13.535417964,12817,161.000,89.345,69.858,284.483
55620,-22.992894052,13.576399217,12344,157.640,89.329,70.117,284.348
55680,-22.992388828,13.617380470,11870,154.280,89.313,70.376,284.213
55740,-22.991883604,13.658361723,11397,150.920,89.297,70.636,284.078
55800,-22.991378381,13.699342976,10924,147.560,89.281,70.895,283.943
55860,-22.990873157,13.740324229,10451,144.199,89.265,71.155,283.808
55920,-22.990367933,13.781305482, 9977,140.839,89.249,71.414,283.673
55980,-22.989862709,13.822286735, 9504,137.479,89.233,71.673,283.537
56040,-22.989357485,13.863267988, 9031,134.119,89.217,71.933,283.402
56100,-22.988852261,13.904249241, 8558,130.759,89.201,72.192,283.267
56160,-22.988347037,13.945230494, 8084,127.399,89.185,72.452,283.132
56220,-22.987841814,13.986211747, 7611,124.039,89.169,72.711,282.997
56280,-22.987336590,14.027193000, 7138,120.678,89.153,72.970,282.862
56340,-22.986831366,14.068174253, 6665,117.318,89.137,73.230,282.727
56400,-22.986326142,14.109155507, 6191,113.958,89.121,73.489,282.591
56460,-22.985820918,14.150136760, 5718,110.598,89.105,73.749,282.456
56520,-22.985315694,14.191118013, 5245,107.238,89.089,74.008,282.321
56580,-22.984810470,14.232099266, 4772,103.878,89.073,74.267,282.186
56640,-22.984305246,14.273080519, 4298,100.518,89.057,74.527,282.051
56700,-22.983800023,14.314061772, 3825,97.158,89.041,74.786,281.916
56760,-22.983294799,14.355043025, 3352,93.797,89.025,75.046,281.780
56820,-22.982789575,14.396024278, 2878,90.437,89.009,75.305,281.645
56880,-22.982284351,14.437005531, 2405,87.077,88.993,75.564,281.510
56940,-22.981779127,14.477986784, 1932,83.717,88.977,75.824,281.375
57000,-22.981273903,14.518968037, 1459,80.357,88.961,76.083,281.240
57060,-22.980768679,14.559949290,  985,76.997,88.945,76.343,281.105
57120,-22.980263455,14.600930543,  512,73.637,88.929,76.602,280.970
57180,-22.979758232,14.641911796,   39,70.276,88.913,76.862,280.834
