src/Components/missions/ORACLES/Plans/ORACLES-Flt-plan_p3_20170828_RA.ict
42, 1001
pz
NASA Ames Research Center
Simulated flight plan
ORACLES-2017
1,1
2017,08,28,2017,08,28
60
Start_UTC, seconds from midnight UTC, time keeping
7
1,1,1,1,1,1,1
-9999,-9999,-9999,-9999,-9999,-9999,-9999
Latitude, Degrees (North positive), Planned latitude position of the aircraft
Longitude, Degrees (East positive), Planned longitude position of the aircraft
Altitude, meters (above sea level), Planned altitude of the aircraft
speed, meters per second (m/s), Estimated speed of aircraft
Bearing, degrees from north, Direction of travel of the plane per respect to north
SZA, degrees from zenith, Elevation position of the sun in the sky per respect to zenith
AZI, degrees from north, Azimuthal position of the sun in the sky per respect to north
1
Simulated aircraft data interpolated from flight plan waypoints
20
-----------------------------------------------------------------------------
PI_CONTACT_INFO: pz
PLATFORM: p3
LOCATION: N/A
ASSOCIATED_DATA: N/A
INSTRUMENT_INFO: None
DATA_INFO: Compiled with flight planner: moving lines v1.1
UNCERTAINTY: Undefined
ULOD_FLAG: -7777
ULOD_VALUE: N/A
LLOD_FLAG: -8888
LLOD_VALUE: N/A
DM_CONTACT_INFO: Samuel LeBlanc, samuel.leblanc@nasa.gov
PROJECT_INFO: ORACLES-2017
STIPULATIONS_ON_USE: None
OTHER_COMMENTS: N/A
REVISION: RA
RA: First iteration of the flight plan
-----------------------------------------------------------------------------
Start_UTC,Latitude,Longitude,Altitude,speed,Bearing,SZA,AZI
[from data line 474]
58387,-4.339739431,5.000000000, 6600,132.578,281.835,69.176,282.401
58447,-4.256854311,5.000000000, 6600,133.006,277.933,69.404,282.347
58507,-4.173969191,5.000000000, 6600,133.434,274.031,69.632,282.293
58567,-4.091084071,5.000000000, 6600,133.863,270.128,69.861,282.239
58627,-4.008198952,5.000000000, 6600,134.291,266.226,70.089,282.185
58687,-3.925313832,5.000000000, 6600,134.719,262.324,70.317,282.131
58747,-3.842428712,5.000000000, 6600,135.147,258.422,70.545,282.078
58807,-3.759543592,5.000000000, 6600,135.576,254.519,70.773,282.024
58867,-3.676658473,5.000000000, 6600,136.004,250.617,71.001,281.970
58927,-3.593773353,5.000000000, 6600,136.432,246.715,71.229,281.916
58987,-3.510888233,5.000000000, 6600,136.860,242.813,71.457,281.862
59047,-3.428003113,5.000000000, 6600,137.289,238.910,71.685,281.808
59107,-3.345117993,5.000000000, 6600,137.717,235.008,71.913,281.754
59167,-3.262232874,5.000000000, 6600,138.145,231.106,72.141,281.700
59227,-3.179347754,5.000000000, 6600,138.573,227.204,72.369,281.646
59287,-3.096462634,5.000000000, 6600,139.002,223.302,72.597,281.592
59347,-3.013577514,5.000000000, 6600,139.430,219.399,72.826,281.538
59407,-2.930692395,5.000000000, 6600,139.858,215.497,73.054,281.484
59467,-2.847807275,5.000000000, 6600,140.286,211.595,73.282,281.430
59527,-2.764922155,5.000000000, 6600,140.715,207.693,73.510,281.376
59587,-2.682037035,5.000000000, 6600,141.143,203.790,73.738,281.323
59647,-2.599151916,5.000000000, 6600,141.571,199.888,73.966,281.269
59707,-2.516266796,5.000000000, 6600,141.999,195.986,74.194,281.215
59767,-2.433381676,5.000000000, 6600,142.428,192.084,74.422,281.161
59827,-2.350496556,5.000000000, 6600,142.856,188.181,74.650,281.107
59887,-2.267611437,5.000000000, 6600,143.284,184.279,74.878,281.053
59947,-2.184726317,5.000000000, 6600,143.712,180.377,75.106,280.999
60007,-2.101841197,5.000000000, 6600,144.140,176.475,75.334,280.945
60067,-2.018956077,5.000000000, 6600,144.569,172.573,75.563,280.891
60127,-1.936070957,5.000000000, 6600,144.997,168.670,75.791,280.837
60187,-1.853185838,5.000000000, 6600,145.425,164.768,76.019,280.783
60247,-1.770300718,5.000000000, 6600,145.853,160.866,76.247,280.729
60307,-1.687415598,5.000000000, 6600,146.282,156.964,76.475,280.675
60367,-1.604530478,5.000000000, 6600,146.710,153.061,76.703,280.621
60427,-1.521645359,5.000000000, 6600,147.138,149.159,76.931,280.568
60487,-1.438760239,5.000000000, 6600,147.566,145.257,77.159,280.514
60547,-1.355875119,5.000000000, 6600,147.995,141.355,77.387,280.460
60607,-1.272989999,5.000000000, 6600,148.423,137.453,77.615,280.406
60667,-1.190104880,5.000000000, 6600,148.851,133.550,77.843,280.352
60727,-1.107219760,5.000000000, 6600,149.279,129.648,78.071,280.298
60787,-1.024334640,5.000000000, 6600,149.708,125.746,78.299,280.244
60847,-0.941449520,5.000000000, 6600,150.136,121.844,78.528,280.190
60907,-0.858564401,5.000000000, 6600,150.564,117.941,78.756,280.136
60967,-0.775679281,5.000000000, 6600,150.992,114.039,78.984,280.082
61027,-0.692794161,5.000000000, 6600,151.421,110.137,79.212,280.028
61087,-0.609909041,5.000000000, 6600,151.849,106.235,79.440,279.974
61147,-0.527023922,5.000000000, 6600,152.277,102.332,79.668,279.920
61207,-0.444138802,5.000000000, 6600,152.705,98.430,79.896,279.866
61267,-0.361253682,5.000000000, 6600,153.134,94.528,80.124,279.813
61327,-0.278368562,5.000000000, 6600,153.562,90.626,80.352,279.759
61387,-0.195483442,5.000000000, 6600,153.990,86.724,80.580,279.705
61447,-0.112598323,5.000000000, 6600,154.418,82.821,80.808,279.651
61507,-0.029713203,5.000000000, 6600,154.846,78.919,81.036,279.597
61567,0.011183517,5.050538043, 6408,154.852,77.520,81.319,279.574
61627,0.028616538,5.129317443, 6108,154.621,77.521,81.631,279.568
61687,0.046049558,5.208096844, 5808,154.391,77.521,81.944,279.562
61747,0.063482579,5.286876244, 5508,154.160,77.521,82.256,279.556
61807,0.080915600,5.365655645, 5208,153.930,77.521,82.569,279.551
61867,0.098348621,5.444435045, 4908,153.699,77.522,82.882,279.545
61927,0.115781641,5.523214446, 4608,153.469,77.522,83.194,279.539
61987,0.133214662,5.601993846, 4308,153.238,77.522,83.507,279.533
62047,0.150647683,5.680773246, 4008,153.007,77.522,83.819,279.527
62107,0.168080704,5.759552647, 3708,152.777,77.523,84.132,279.521
62167,0.185513724,5.838332047, 3408,152.546,77.523,84.445,279.516
62227,0.202946745,5.917111448, 3108,152.316,77.523,84.757,279.510
62287,0.220379766,5.995890848, 2808,152.085,77.523,85.070,279.504
62347,0.237812787,6.074670249, 2508,151.854,77.524,85.382,279.498
62407,0.255245807,6.153449649, 2208,151.624,77.524,85.695,279.492
62467,0.272678828,6.232229050, 1908,151.393,77.524,86.007,279.487
62527,0.290111849,6.311008450, 1608,151.163,77.525,86.320,279.481
62587,0.307544870,6.389787851, 1308,150.932,77.525,86.633,279.475
62647,0.324977890,6.468567251, 1008,150.701,77.525,86.945,279.469
62707,0.342410911,6.547346652,  708,150.471,77.525,87.258,279.463
62767,0.359843932,6.626126052,  408,150.240,77.526,87.570,279.458
62827,0.377276953,6.704905452,  108,150.010,77.526,87.883,279.452
