src/Components/missions/ORACLES/Plans/ORACLES-Flt-plan_p3_20170824_RD.ict
43, 1001
pz
NASA Ames Research Center
Simulated flight plan
ORACLES-2017
1,1
2017,08,24,2017,08,24
60
Start_UTC, seconds from midnight UTC, time keeping
7
1,1,1,1,1,1,1
-9999,-9999,-9999,-9999,-9999,-9999,-9999
Latitude, Degrees (North positive), Planned latitude position of the aircraft
Longitude, Degrees (East positive), Planned longitude position of the aircraft
Altitude, meters (above sea level), Planned altitude of the aircraft
speed, meters per second (m/s), Estimated speed of aircraft
Bearing, degrees from north, Direction of travel of the plane per respect to north
SZA, degrees from zenith, Elevation position of the sun in the sky per respect to zenith
AZI, degrees from north, Azimuthal position of the sun in the sky per respect to north
1
Simulated aircraft data interpolated from flight plan waypoints
21
-----------------------------------------------------------------------------
PI_CONTACT_INFO: pz
PLATFORM: p3
LOCATION: N/A
ASSOCIATED_DATA: N/A
INSTRUMENT_INFO: None
DATA_INFO: Compiled with flight planner: moving lines v1.09
UNCERTAINTY: Undefined
ULOD_FLAG: -7777
ULOD_VALUE: N/A
LLOD_FLAG: -8888
LLOD_VALUE: N/A
DM_CONTACT_INFO: Samuel LeBlanc, samuel.leblanc@nasa.gov
PROJECT_INFO: ORACLES-2017
STIPULATIONS_ON_USE: None
OTHER_COMMENTS: N/A
REVISION: RD
RD: Version 4 of the flight plan ict 
  RA: First iteration of the flight plan
-----------------------------------------------------------------------------
Start_UTC,Latitude,Longitude,Altitude,speed,Bearing,SZA,AZI
28800,0.378006000,6.708200000,   95,150.000,253.491,55.477,73.262
28860,0.358224007,6.641465616,  345,148.908,254.355,55.308,73.209
28920,0.338442014,6.574731232,  595,147.816,255.219,55.139,73.157
28980,0.318660021,6.507996848,  846,146.725,256.083,54.970,73.104
29040,0.298878028,6.441262464, 1096,145.633,256.947,54.801,73.052
29100,0.279096035,6.374528080, 1346,144.541,257.811,54.632,72.999
29160,0.259314042,6.307793696, 1596,143.449,258.675,54.463,72.947
29220,0.239532049,6.241059312, 1847,142.358,259.539,54.294,72.894
29280,0.219750056,6.174324928, 2097,141.266,260.403,54.125,72.841
29340,0.199968063,6.107590544, 2347,140.174,261.267,53.956,72.789
29400,0.180186069,6.040856161, 2597,139.082,262.131,53.787,72.736
29460,0.160404076,5.974121777, 2848,137.990,262.995,53.618,72.684
29520,0.140622083,5.907387393, 3098,136.899,263.859,53.449,72.631
29580,0.120840090,5.840653009, 3348,135.807,264.723,53.280,72.579
29640,0.101058097,5.773918625, 3598,134.715,265.586,53.111,72.526
29700,0.081276104,5.707184241, 3849,133.623,266.450,52.942,72.474
29760,0.061494111,5.640449857, 4099,132.531,267.314,52.773,72.421
29820,0.041712118,5.573715473, 4349,131.440,268.178,52.604,72.369
29880,0.021930125,5.506981089, 4599,130.348,269.042,52.435,72.316
29940,0.002148132,5.440246705, 4850,129.256,269.906,52.266,72.263
30000,0.000000000,5.363747220, 4877,131.537,255.606,52.101,72.221
30060,0.000000000,5.286058165, 4877,134.228,239.458,51.938,72.180
30120,0.000000000,5.208369109, 4877,136.919,223.310,51.774,72.139
30180,0.000000000,5.130680054, 4877,139.611,207.162,51.610,72.097
30240,0.000000000,5.052990998, 4877,142.302,191.014,51.447,72.056
30300,-0.024698058,5.000000000, 4877,144.138,180.296,51.298,71.915
30360,-0.102387113,5.000000000, 4877,144.138,181.229,51.182,71.559
30420,-0.180076169,5.000000000, 4877,144.138,182.161,51.066,71.204
30480,-0.257765224,5.000000000, 4877,144.138,183.093,50.950,70.848
30540,-0.335454280,5.000000000, 4877,144.138,184.025,50.834,70.492
30600,-0.413143335,5.000000000, 4877,144.138,184.958,50.718,70.136
30660,-0.490832391,5.000000000, 4877,144.138,185.890,50.602,69.781
30720,-0.568521446,5.000000000, 4877,144.138,186.822,50.486,69.425
30780,-0.646210502,5.000000000, 4877,144.138,187.755,50.370,69.069
30840,-0.723899557,5.000000000, 4877,144.138,188.687,50.254,68.714
30900,-0.801588613,5.000000000, 4877,144.138,189.619,50.138,68.358
30960,-0.879277669,5.000000000, 4877,144.138,190.551,50.022,68.002
31020,-0.956966724,5.000000000, 4877,144.138,191.484,49.906,67.647
31080,-1.034655780,5.000000000, 4877,144.138,192.416,49.790,67.291
31140,-1.112344835,5.000000000, 4877,144.138,193.348,49.674,66.935
31200,-1.190033891,5.000000000, 4877,144.138,194.280,49.558,66.579
31260,-1.267722946,5.000000000, 4877,144.138,195.213,49.442,66.224
31320,-1.345412002,5.000000000, 4877,144.138,196.145,49.327,65.868
31380,-1.423101057,5.000000000, 4877,144.138,197.077,49.211,65.512
31440,-1.500790113,5.000000000, 4877,144.138,198.009,49.095,65.157
31500,-1.578479168,5.000000000, 4877,144.138,198.942,48.979,64.801
31560,-1.656168224,5.000000000, 4877,144.138,199.874,48.863,64.445
31620,-1.733857280,5.000000000, 4877,144.138,200.806,48.747,64.090
31680,-1.811546335,5.000000000, 4877,144.138,201.739,48.631,63.734
31740,-1.889235391,5.000000000, 4877,144.138,202.671,48.515,63.378
31800,-1.966924446,5.000000000, 4877,144.138,203.603,48.399,63.023
31860,-2.044613502,5.000000000, 4877,144.138,204.535,48.283,62.667
31920,-2.122302557,5.000000000, 4877,144.138,205.468,48.167,62.311
31980,-2.199991613,5.000000000, 4877,144.138,206.400,48.051,61.955
32040,-2.277680668,5.000000000, 4877,144.138,207.332,47.935,61.600
32100,-2.355369724,5.000000000, 4877,144.138,208.264,47.819,61.244
32160,-2.433058780,5.000000000, 4877,144.138,209.197,47.703,60.888
32220,-2.510747835,5.000000000, 4877,144.138,210.129,47.587,60.533
32280,-2.588436891,5.000000000, 4877,144.138,211.061,47.471,60.177
32340,-2.666125946,5.000000000, 4877,144.138,211.994,47.355,59.821
32400,-2.743815002,5.000000000, 4877,144.138,212.926,47.239,59.466
32460,-2.821504057,5.000000000, 4877,144.138,213.858,47.123,59.110
32520,-2.899193113,5.000000000, 4877,144.138,214.790,47.007,58.754
32580,-2.976882168,5.000000000, 4877,144.138,215.723,46.891,58.398
32640,-3.054571224,5.000000000, 4877,144.138,216.655,46.775,58.043
32700,-3.132260279,5.000000000, 4877,144.138,217.587,46.659,57.687
32760,-3.209949335,5.000000000, 4877,144.138,218.519,46.543,57.331
32820,-3.287638391,5.000000000, 4877,144.138,219.452,46.427,56.976
32880,-3.365327446,5.000000000, 4877,144.138,220.384,46.311,56.620
32940,-3.443016502,5.000000000, 4877,144.138,221.316,46.195,56.264
33000,-3.520705557,5.000000000, 4877,144.138,222.248,46.079,55.909
33060,-3.598394613,5.000000000, 4877,144.138,223.181,45.963,55.553
33120,-3.676083668,5.000000000, 4877,144.138,224.113,45.847,55.197
33180,-3.753772724,5.000000000, 4877,144.138,225.045,45.731,54.841
33240,-3.831461779,5.000000000, 4877,144.138,225.978,45.615,54.486
33300,-3.909150835,5.000000000, 4877,144.138,226.910,45.499,54.130
33360,-3.986839890,5.000000000, 4877,144.138,227.842,45.383,53.774
33420,-4.064528946,5.000000000, 4877,144.138,228.774,45.267,53.419
33480,-4.142218002,5.000000000, 4877,144.138,229.707,45.151,53.063
33540,-4.219907057,5.000000000, 4877,144.138,230.639,45.035,52.707
33600,-4.297596113,5.000000000, 4877,144.138,231.571,44.919,52.352
33660,-4.375285168,5.000000000, 4877,144.138,232.503,44.803,51.996
33720,-4.452974224,5.000000000, 4877,144.138,233.436,44.687,51.640
33780,-4.530663279,5.000000000, 4877,144.138,234.368,44.571,51.285
33840,-4.608352335,5.000000000, 4877,144.138,235.300,44.455,50.929
33900,-4.686041390,5.000000000, 4877,144.138,236.232,44.339,50.573
33960,-4.763730446,5.000000000, 4877,144.138,237.165,44.223,50.217
34020,-4.841419502,5.000000000, 4877,144.138,238.097,44.107,49.862
34080,-4.919108557,5.000000000, 4877,144.138,239.029,43.991,49.506
34140,-4.996797613,5.000000000, 4877,144.138,239.962,43.875,49.150
34200,-5.074486668,5.000000000, 4877,144.138,240.894,43.760,48.795
34260,-5.152175724,5.000000000, 4877,144.138,241.826,43.644,48.439
34320,-5.229864779,5.000000000, 4877,144.138,242.758,43.528,48.083
34380,-5.307553835,5.000000000, 4877,144.138,243.691,43.412,47.728
34440,-5.385242890,5.000000000, 4877,144.138,244.623,43.296,47.372
34500,-5.462931946,5.000000000, 4877,144.138,245.555,43.180,47.016
34560,-5.540621001,5.000000000, 4877,144.138,246.487,43.064,46.660
34620,-5.618310057,5.000000000, 4877,144.138,247.420,42.948,46.305
34680,-5.695999113,5.000000000, 4877,144.138,248.352,42.832,45.949
34740,-5.773688168,5.000000000, 4877,144.138,249.284,42.716,45.593
34800,-5.851377224,5.000000000, 4877,144.138,250.217,42.600,45.238
34860,-5.929066279,5.000000000, 4877,144.138,251.149,42.484,44.882
34920,-6.006755335,5.000000000, 4877,144.138,252.081,42.368,44.526
34980,-6.084444390,5.000000000, 4877,144.138,253.013,42.252,44.171
35040,-6.162133446,5.000000000, 4877,144.138,253.946,42.136,43.815
35100,-6.239822501,5.000000000, 4877,144.138,254.878,42.020,43.459
35160,-6.317511557,5.000000000, 4877,144.138,255.810,41.904,43.104
35220,-6.395200612,5.000000000, 4877,144.138,256.742,41.788,42.748
35280,-6.472889668,5.000000000, 4877,144.138,257.675,41.672,42.392
35340,-6.550578724,5.000000000, 4877,144.138,258.607,41.556,42.036
35400,-6.628267779,5.000000000, 4877,144.138,259.539,41.440,41.681
35460,-6.705956835,5.000000000, 4877,144.138,260.471,41.324,41.325
35520,-6.783645890,5.000000000, 4877,144.138,261.404,41.208,40.969
35580,-6.861334946,5.000000000, 4877,144.138,262.336,41.092,40.614
35640,-6.939024001,5.000000000, 4877,144.138,263.268,40.976,40.258
35700,-7.016713057,5.000000000, 4877,144.138,264.201,40.860,39.902
35760,-7.094402112,5.000000000, 4877,144.138,265.133,40.744,39.547
35820,-7.172091168,5.000000000, 4877,144.138,266.065,40.628,39.191
35880,-7.249780224,5.000000000, 4877,144.138,266.997,40.512,38.835
35940,-7.327469279,5.000000000, 4877,144.138,267.930,40.396,38.479
36000,-7.405158335,5.000000000, 4877,144.138,268.862,40.280,38.124
36060,-7.482847390,5.000000000, 4877,144.138,269.794,40.164,37.768
36120,-7.560536446,5.000000000, 4877,144.138,270.726,40.048,37.412
36180,-7.638225501,5.000000000, 4877,144.138,271.659,39.932,37.057
36240,-7.715914557,5.000000000, 4877,144.138,272.591,39.816,36.701
36300,-7.793603612,5.000000000, 4877,144.138,273.523,39.700,36.345
36360,-7.871292668,5.000000000, 4877,144.138,274.456,39.584,35.990
36420,-7.948981723,5.000000000, 4877,144.138,275.388,39.468,35.634
36480,-8.026670779,5.000000000, 4877,144.138,276.320,39.352,35.278
36540,-8.104359835,5.000000000, 4877,144.138,277.252,39.236,34.923
36600,-8.182048890,5.000000000, 4877,144.138,278.185,39.120,34.567
36660,-8.259737946,5.000000000, 4877,144.138,279.117,39.004,34.211
36720,-8.337427001,5.000000000, 4877,144.138,280.049,38.888,33.855
36780,-8.415116057,5.000000000, 4877,144.138,280.981,38.772,33.500
36840,-8.492805112,5.000000000, 4877,144.138,281.914,38.656,33.144
36900,-8.570494168,5.000000000, 4877,144.138,282.846,38.540,32.788
36960,-8.648183223,5.000000000, 4877,144.138,283.778,38.424,32.433
37020,-8.725872279,5.000000000, 4877,144.138,284.710,38.308,32.077
37080,-8.803561334,5.000000000, 4877,144.138,285.643,38.193,31.721
37140,-8.881250390,5.000000000, 4877,144.138,286.575,38.077,31.366
37200,-8.958939446,5.000000000, 4877,144.138,287.507,37.961,31.010
37260,-9.036628501,5.000000000, 4877,144.138,288.440,37.845,30.654
37320,-9.114317557,5.000000000, 4877,144.138,289.372,37.729,30.298
37380,-9.192006612,5.000000000, 4877,144.138,290.304,37.613,29.943
37440,-9.269695668,5.000000000, 4877,144.138,291.236,37.497,29.587
37500,-9.347384723,5.000000000, 4877,144.138,292.169,37.381,29.231
37560,-9.425073779,5.000000000, 4877,144.138,293.101,37.265,28.876
37620,-9.502762834,5.000000000, 4877,144.138,294.033,37.149,28.520
37680,-9.580451890,5.000000000, 4877,144.138,294.965,37.033,28.164
37740,-9.658140946,5.000000000, 4877,144.138,295.898,36.917,27.809
37800,-9.735830001,5.000000000, 4877,144.138,296.830,36.801,27.453
37860,-9.813519057,5.000000000, 4877,144.138,297.762,36.685,27.097
37920,-9.891208112,5.000000000, 4877,144.138,298.694,36.569,26.742
37980,-9.968897168,5.000000000, 4877,144.138,299.627,36.453,26.386
38040,-10.046586223,5.000000000, 4877,144.138,300.559,36.337,26.030
38100,-10.124275279,5.000000000, 4877,144.138,301.491,36.221,25.674
38160,-10.201964334,5.000000000, 4877,144.138,302.424,36.105,25.319
38220,-10.279653390,5.000000000, 4877,144.138,303.356,35.989,24.963
38280,-10.357342445,5.000000000, 4877,144.138,304.288,35.873,24.607
38340,-10.435031501,5.000000000, 4877,144.138,305.220,35.757,24.252
38400,-10.512720557,5.000000000, 4877,144.138,306.153,35.641,23.896
38460,-10.590409612,5.000000000, 4877,144.138,307.085,35.525,23.540
38520,-10.668098668,5.000000000, 4877,144.138,308.017,35.409,23.185
38580,-10.745787723,5.000000000, 4877,144.138,308.949,35.293,22.829
38640,-10.823476779,5.000000000, 4877,144.138,309.882,35.177,22.473
38700,-10.901165834,5.000000000, 4877,144.138,310.814,35.061,22.117
38760,-10.978854890,5.000000000, 4877,144.138,311.746,34.945,21.762
38820,-11.056543945,5.000000000, 4877,144.138,312.679,34.829,21.406
38880,-11.134233001,5.000000000, 4877,144.138,313.611,34.713,21.050
38940,-11.211922056,5.000000000, 4877,144.138,314.543,34.597,20.695
39000,-11.289611112,5.000000000, 4877,144.138,315.475,34.481,20.339
39060,-11.367300168,5.000000000, 4877,144.138,316.408,34.365,19.983
39120,-11.444989223,5.000000000, 4877,144.138,317.340,34.249,19.628
39180,-11.522678279,5.000000000, 4877,144.138,318.272,34.133,19.272
39240,-11.600367334,5.000000000, 4877,144.138,319.204,34.017,18.916
39300,-11.678056390,5.000000000, 4877,144.138,320.137,33.901,18.561
39360,-11.755745445,5.000000000, 4877,144.138,321.069,33.785,18.205
39420,-11.833434501,5.000000000, 4877,144.138,322.001,33.669,17.849
39480,-11.911123556,5.000000000, 4877,144.138,322.933,33.553,17.493
39540,-11.988812612,5.000000000, 4877,144.138,323.866,33.437,17.138
39600,-12.066501668,5.000000000, 4877,144.138,324.798,33.321,16.782
39660,-12.144190723,5.000000000, 4877,144.138,325.730,33.205,16.426
39720,-12.221879779,5.000000000, 4877,144.138,326.663,33.089,16.071
39780,-12.299568834,5.000000000, 4877,144.138,327.595,32.973,15.715
39840,-12.377257890,5.000000000, 4877,144.138,328.527,32.857,15.359
39900,-12.454946945,5.000000000, 4877,144.138,329.459,32.741,15.004
39960,-12.532636001,5.000000000, 4877,144.138,330.392,32.626,14.648
40020,-12.610325056,5.000000000, 4877,144.138,331.324,32.510,14.292
40080,-12.688014112,5.000000000, 4877,144.138,332.256,32.394,13.936
40140,-12.765703167,5.000000000, 4877,144.138,333.188,32.278,13.581
40200,-12.843392223,5.000000000, 4877,144.138,334.121,32.162,13.225
40260,-12.921081279,5.000000000, 4877,144.138,335.053,32.046,12.869
40320,-12.998770334,5.000000000, 4877,144.138,335.985,31.930,12.514
40380,-13.076459390,5.000000000, 4877,144.138,336.918,31.814,12.158
40440,-13.154148445,5.000000000, 4877,144.138,337.850,31.698,11.802
40500,-13.231837501,5.000000000, 4877,144.138,338.782,31.582,11.447
40560,-13.309526556,5.000000000, 4877,144.138,339.714,31.466,11.091
40620,-13.387215612,5.000000000, 4877,144.138,340.647,31.350,10.735
40680,-13.464904667,5.000000000, 4877,144.138,341.579,31.234,10.380
40740,-13.542593723,5.000000000, 4877,144.138,342.511,31.118,10.024
40800,-13.620282778,5.000000000, 4877,144.138,343.443,31.002,9.668
40860,-13.697971834,5.000000000, 4877,144.138,344.376,30.886,9.312
40920,-13.775660890,5.000000000, 4877,144.138,345.308,30.770,8.957
40980,-13.853349945,5.000000000, 4877,144.138,346.240,30.654,8.601
41040,-13.931039001,5.000000000, 4877,144.138,347.172,30.538,8.245
41100,-14.008728056,5.000000000, 4877,144.138,348.105,30.422,7.890
41160,-14.086417112,5.000000000, 4877,144.138,349.037,30.306,7.534
41220,-14.164106167,5.000000000, 4877,144.138,349.969,30.190,7.178
41280,-14.241795223,5.000000000, 4877,144.138,350.902,30.074,6.823
41340,-14.319484278,5.000000000, 4877,144.138,351.834,29.958,6.467
41400,-14.397173334,5.000000000, 4877,144.138,352.766,29.842,6.111
41460,-14.474862390,5.000000000, 4877,144.138,353.698,29.726,5.755
41520,-14.552551445,5.000000000, 4877,144.138,354.631,29.610,5.400
41580,-14.630240501,5.000000000, 4877,144.138,355.563,29.494,5.044
41640,-14.707929556,5.000000000, 4877,144.138,356.495,29.378,4.688
41700,-14.785618612,5.000000000, 4877,144.138,357.427,29.262,4.333
41760,-14.863307667,5.000000000, 4877,144.138,358.360,29.146,3.977
41820,-14.940996723,5.000000000, 4877,144.138,359.292,29.030,3.621
41880,-15.000000000,5.000000000, 4813,143.688,360.000,28.943,8.027
41940,-15.000000000,5.000000000, 4546,141.821,360.000,28.948,27.468
42000,-15.000000000,5.000000000, 4279,139.954,360.000,28.953,46.908
42060,-15.000000000,5.000000000, 4012,138.086,360.000,28.957,66.349
42120,-15.000000000,5.000000000, 3746,136.219,360.000,28.962,85.789
42180,-15.000000000,5.000000000, 3479,134.352,360.000,28.967,105.230
42240,-15.000000000,5.000000000, 3212,132.484,360.000,28.972,124.670
42300,-15.000000000,5.000000000, 2945,130.617,360.000,28.976,144.111
42360,-15.000000000,5.000000000, 2679,128.750,360.000,28.981,163.551
42420,-15.000000000,5.000000000, 2412,126.882,360.000,28.986,182.992
42480,-15.000000000,5.000000000, 2145,125.015,360.000,28.990,202.432
42540,-15.000000000,5.000000000, 1878,123.148,360.000,28.995,221.873
42600,-15.000000000,5.000000000, 1611,121.280,360.000,29.000,241.313
42660,-15.000000000,5.000000000, 1345,119.413,360.000,29.005,260.754
42720,-15.000000000,5.000000000, 1078,117.546,360.000,29.009,280.194
42780,-15.000000000,5.000000000,  811,115.678,360.000,29.014,299.635
42840,-15.000000000,5.000000000,  544,113.811,360.000,29.019,319.076
42900,-15.000000000,5.000000000,  278,111.944,360.000,29.024,338.516
42960,-14.988827029,5.000000000,   61,110.427,360.000,29.023,354.211
