src/Components/missions/ORACLES/Plans/ORACLES-Flt-plan_p3_20160924_R0.ict
42, 1001
Samuel LeBlanc
NASA Ames Research Center
Simulated flight plan
ORACLES
1,1
2016,09,24,2016,09,24
60
Start_UTC, seconds from midnight UTC, time keeping
7
1,1,1,1,1,1,1
-9999,-9999,-9999,-9999,-9999,-9999,-9999
Latitude, Degrees (North positive), Planned latitude position of the aircraft
Longitude, Degrees (East positive), Planned longitude position of the aircraft
Altitude, meters (above sea level), Planned altitude of the aircraft
speed, meters per second (m/s), Estimated speed of aircraft
Bearing, degrees from north, Direction of travel of the plane per respect to north
SZA, degrees from zenith, Elevation position of the sun in the sky per respect to zenith
AZI, degrees from north, Azimuthal position of the sun in the sky per respect to north
1
Simulated aircraft data interpolated from flight plan waypoints
20
-----------------------------------------------------------------------------
PI_CONTACT_INFO: Samuel LeBlanc, samuel.leblanc@nasa.gov
PLATFORM: p3
LOCATION: N/A
ASSOCIATED_DATA: N/A
INSTRUMENT_INFO: None
DATA_INFO: Compiled with flight planner: moving lines v1.02
UNCERTAINTY: Undefined
ULOD_FLAG: -7777
ULOD_VALUE: N/A
LLOD_FLAG: -8888
LLOD_VALUE: N/A
DM_CONTACT_INFO: See PI
PROJECT_INFO: ORACLES
STIPULATIONS_ON_USE: None
OTHER_COMMENTS: N/A
REVISION: RA
RA: First iteration of the flight plan
-----------------------------------------------------------------------------
Start_UTC,Latitude,Longitude,Altitude,speed,Bearing,SZA,AZI
[from data line 463]
50280,-20.098959859,11.065973239, 4267,144.831,146.605,45.901,289.552
50340,-20.162353772,11.108235848, 4267,144.722,145.358,46.179,289.430
50400,-20.225747685,11.150498457, 4267,144.614,144.111,46.457,289.307
50460,-20.289141598,11.192761065, 4267,144.506,142.865,46.735,289.185
50520,-20.352535511,11.235023674, 4267,144.397,141.618,47.013,289.063
50580,-20.415929424,11.277286283, 4267,144.289,140.371,47.292,288.940
50640,-20.479323337,11.319548891, 4267,144.180,139.125,47.570,288.818
50700,-20.542717250,11.361811500, 4267,144.072,137.878,47.848,288.695
50760,-20.606111163,11.404074109, 4267,143.964,136.631,48.126,288.573
50820,-20.669505076,11.446336718, 4267,143.855,135.385,48.404,288.451
50880,-20.732898990,11.488599326, 4267,143.747,134.138,48.682,288.328
50940,-20.796292903,11.530861935, 4267,143.638,132.891,48.961,288.206
51000,-20.859686816,11.573124544, 4267,143.530,131.644,49.239,288.084
51060,-20.923080729,11.615387153, 4267,143.422,130.398,49.517,287.961
51120,-20.986474642,11.657649761, 4267,143.313,129.151,49.795,287.839
51180,-21.049868555,11.699912370, 4267,143.205,127.904,50.073,287.717
51240,-21.113262468,11.742174979, 4267,143.096,126.658,50.352,287.594
51300,-21.176656381,11.784437587, 4267,142.988,125.411,50.630,287.472
51360,-21.240050294,11.826700196, 4267,142.880,124.164,50.908,287.350
51420,-21.303444207,11.868962805, 4267,142.771,122.918,51.186,287.227
51480,-21.366838121,11.911225414, 4267,142.663,121.671,51.464,287.105
51540,-21.430232034,11.953488022, 4267,142.554,120.424,51.742,286.982
51600,-21.493625947,11.995750631, 4267,142.446,119.178,52.021,286.860
51660,-21.557019860,12.038013240, 4267,142.338,117.931,52.299,286.738
51720,-21.620413773,12.080275849, 4267,142.229,116.684,52.577,286.615
51780,-21.683807686,12.122538457, 4267,142.121,115.438,52.855,286.493
51840,-21.747201599,12.164801066, 4267,142.013,114.191,53.133,286.371
51900,-21.810595512,12.207063675, 4267,141.904,112.944,53.412,286.248
51960,-21.873989425,12.249326284, 4267,141.796,111.698,53.690,286.126
52020,-21.937383338,12.291588892, 4267,141.687,110.451,53.968,286.004
52080,-22.000777251,12.333851501, 4267,141.579,109.204,54.246,285.881
52140,-22.064171165,12.376114110, 4267,141.471,107.958,54.524,285.759
52200,-22.127565078,12.418376718, 4267,141.362,106.711,54.803,285.637
52260,-22.190958991,12.460639327, 4267,141.254,105.464,55.081,285.514
52320,-22.254352904,12.502901936, 4267,141.145,104.218,55.359,285.392
52380,-22.317746817,12.545164545, 4267,141.037,102.971,55.637,285.269
52440,-22.381140730,12.587427153, 4267,140.929,101.724,55.915,285.147
52500,-22.444534643,12.629689762, 4267,140.820,100.478,56.193,285.025
52560,-22.507928556,12.671952371, 4267,140.712,99.231,56.472,284.902
52620,-22.571322469,12.714214980, 4267,140.603,97.984,56.750,284.780
52680,-22.634716382,12.756477588, 4267,140.495,96.738,57.028,284.658
52740,-22.698110296,12.798740197, 4267,140.387,95.491,57.306,284.535
52800,-22.761504209,12.841002806, 4267,140.278,94.244,57.584,284.413
52860,-22.824898122,12.883265414, 4267,140.170,92.998,57.863,284.291
52920,-22.888292035,12.925528023, 4267,140.061,91.751,58.141,284.168
52980,-22.951685948,12.967790632, 4267,139.953,90.504,58.419,284.046
53040,-22.999810046,13.015408113, 4228,139.597,89.548,58.698,283.916
53100,-22.999011503,13.080181957, 4064,138.446,89.523,58.981,283.760
53160,-22.998212960,13.144955802, 3899,137.295,89.498,59.264,283.605
53220,-22.997414417,13.209729646, 3735,136.144,89.472,59.547,283.449
53280,-22.996615874,13.274503491, 3571,134.994,89.447,59.830,283.294
53340,-22.995817331,13.339277335, 3406,133.843,89.422,60.113,283.138
53400,-22.995018788,13.404051180, 3242,132.692,89.396,60.395,282.983
53460,-22.994220245,13.468825024, 3077,131.541,89.371,60.678,282.827
53520,-22.993421702,13.533598869, 2913,130.390,89.346,60.961,282.672
53580,-22.992623159,13.598372713, 2749,129.240,89.320,61.244,282.516
53640,-22.991824616,13.663146558, 2584,128.089,89.295,61.527,282.361
53700,-22.991026073,13.727920402, 2420,126.938,89.270,61.810,282.205
53760,-22.990227530,13.792694246, 2255,125.787,89.245,62.093,282.050
53820,-22.989428987,13.857468091, 2091,124.637,89.219,62.375,281.894
53880,-22.988630444,13.922241935, 1927,123.486,89.194,62.658,281.739
53940,-22.987831901,13.987015780, 1762,122.335,89.169,62.941,281.583
54000,-22.987033358,14.051789624, 1598,121.184,89.143,63.224,281.428
54060,-22.986234815,14.116563469, 1433,120.033,89.118,63.507,281.272
54120,-22.985436272,14.181337313, 1269,118.883,89.093,63.790,281.117
54180,-22.984637729,14.246111158, 1105,117.732,89.067,64.073,280.961
54240,-22.983839186,14.310885002,  940,116.581,89.042,64.355,280.806
54300,-22.983040643,14.375658847,  776,115.430,89.017,64.638,280.650
54360,-22.982242100,14.440432691,  611,114.279,88.991,64.921,280.495
54420,-22.981443557,14.505206535,  447,113.129,88.966,65.204,280.339
54480,-22.980645014,14.569980380,  283,111.978,88.941,65.487,280.184
54540,-22.979846471,14.634754224,  118,110.827,88.916,65.770,280.028
