src/Components/missions/ORACLES/Plans/ORACLES-Flt-plan_p3_20170831_RA.ict
42, 1001
sarahdoherty
NASA Ames Research Center
Simulated flight plan
ORACLES-2017
1,1
2017,08,31,2017,08,31
60
Start_UTC, seconds from midnight UTC, time keeping
7
1,1,1,1,1,1,1
-9999,-9999,-9999,-9999,-9999,-9999,-9999
Latitude, Degrees (North positive), Planned latitude position of the aircraft
Longitude, Degrees (East positive), Planned longitude position of the aircraft
Altitude, meters (above sea level), Planned altitude of the aircraft
speed, meters per second (m/s), Estimated speed of aircraft
Bearing, degrees from north, Direction of travel of the plane per respect to north
SZA, degrees from zenith, Elevation position of the sun in the sky per respect to zenith
AZI, degrees from north, Azimuthal position of the sun in the sky per respect to north
1
Simulated aircraft data interpolated from flight plan waypoints
20
-----------------------------------------------------------------------------
PI_CONTACT_INFO: sarahdoherty
PLATFORM: p3
LOCATION: N/A
ASSOCIATED_DATA: N/A
INSTRUMENT_INFO: None
DATA_INFO: Compiled with flight planner: moving lines v1.2
UNCERTAINTY: Undefined
ULOD_FLAG: -7777
ULOD_VALUE: N/A
LLOD_FLAG: -8888
LLOD_VALUE: N/A
DM_CONTACT_INFO: Samuel LeBlanc, samuel.leblanc@nasa.gov
PROJECT_INFO: ORACLES-2017
STIPULATIONS_ON_USE: None
OTHER_COMMENTS: N/A
REVISION: RA
RA: First iteration of the flight plan
-----------------------------------------------------------------------------
Start_UTC,Latitude,Longitude,Altitude,speed,Bearing,SZA,AZI
[from data line 238]
39480,-7.022434623,-2.459879091, 2682,130.117,42.569,23.732,49.493
39540,-6.964705521,-2.424706031, 2682,130.117,43.654,23.484,49.104
39600,-6.914857967,-2.376999454, 2682,130.117,43.729,23.242,48.605
39660,-6.865010412,-2.329292878, 2682,130.117,43.803,22.999,48.106
39720,-6.815162857,-2.281586301, 2682,130.117,43.878,22.757,47.607
39780,-6.765315302,-2.233879724, 2682,130.117,43.952,22.514,47.108
39840,-6.715467747,-2.186173147, 2682,130.117,44.027,22.272,46.609
39900,-6.665620192,-2.138466570, 2682,130.117,44.101,22.029,46.110
39960,-6.615772637,-2.090759994, 2682,130.117,44.176,21.787,45.610
40020,-6.565925082,-2.043053417, 2682,130.117,44.250,21.544,45.111
40080,-6.516077527,-1.995346840, 2682,130.117,44.325,21.302,44.612
40140,-6.466229973,-1.947640263, 2682,130.117,44.399,21.059,44.113
40200,-6.416382418,-1.899933686, 2682,130.117,44.474,20.817,43.614
40260,-6.366534863,-1.852227110, 2682,130.117,44.548,20.574,43.115
40320,-6.316687308,-1.804520533, 2682,130.117,44.623,20.332,42.616
40380,-6.266839753,-1.756813956, 2682,130.117,44.697,20.089,42.117
40440,-6.216992198,-1.709107379, 2682,130.117,44.772,19.847,41.618
40500,-6.167144643,-1.661400802, 2682,130.117,44.846,19.604,41.119
40560,-6.117297088,-1.613694226, 2682,130.117,44.921,19.361,40.620
40620,-6.067449533,-1.565987649, 2682,130.117,44.995,19.119,40.120
40680,-6.017601979,-1.518281072, 2682,130.117,45.070,18.876,39.621
40740,-5.967754424,-1.470574495, 2682,130.117,45.144,18.634,39.122
40800,-5.917906869,-1.422867918, 2682,130.117,45.219,18.391,38.623
40860,-5.869747508,-1.374180932, 2682,130.117,43.902,18.179,37.919
40920,-5.821619430,-1.325475778, 2682,130.117,42.559,17.966,37.211
40980,-5.773491351,-1.276770624, 2682,130.117,41.216,17.754,36.503
41040,-5.725363273,-1.228065470, 2682,130.117,39.873,17.542,35.794
41100,-5.677235194,-1.179360317, 2682,130.117,38.530,17.330,35.086
41160,-5.629107116,-1.130655163, 2682,130.117,37.187,17.118,34.378
41220,-5.580979037,-1.081950009, 2682,130.117,35.844,16.906,33.670
41280,-5.532850959,-1.033244855, 2682,130.117,34.501,16.693,32.962
41340,-5.482333487,-0.988222325, 2682,130.117,44.183,16.487,32.228
41400,-5.426678013,-0.951118675, 2682,130.117,77.573,16.294,31.440
41460,-5.371022539,-0.914015026, 2682,130.117,110.963,16.101,30.651
41520,-5.315367064,-0.876911376, 2682,130.117,144.352,15.908,29.862
41580,-5.259711590,-0.839807727, 2682,130.117,177.742,15.715,29.074
41640,-5.204056116,-0.802704077, 2682,130.117,211.132,15.522,28.285
41700,-5.244531681,-0.829687788, 2759,128.467,215.289,15.461,27.478
41760,-5.292563904,-0.861709269, 2842,126.688,217.149,15.409,26.668
41820,-5.340596126,-0.893730751, 2925,124.908,219.008,15.358,25.859
41880,-5.388628349,-0.925752232, 3008,123.129,220.867,15.307,25.050
41940,-5.436660571,-0.957773714, 3091,121.349,222.726,15.256,24.241
42000,-5.484692794,-0.989795196, 3174,119.570,224.586,15.205,23.432
42060,-5.526843381,-1.027165245, 3200,119.969,225.070,15.167,22.625
42120,-5.566242820,-1.067037099, 3200,121.386,224.912,15.136,21.819
42180,-5.605642259,-1.106908953, 3200,122.803,224.754,15.106,21.014
42240,-5.645041698,-1.146780807, 3200,124.220,224.596,15.075,20.208
42300,-5.684441137,-1.186652661, 3200,125.638,224.438,15.044,19.402
42360,-5.723840575,-1.226524515, 3200,127.055,224.280,15.013,18.596
42420,-5.763240014,-1.266396369, 3200,128.472,224.122,14.982,17.790
42480,-5.802639453,-1.306268223, 3200,129.889,223.964,14.952,16.985
42540,-5.842038892,-1.346140077, 3200,131.307,223.805,14.921,16.179
42600,-5.881438331,-1.386011932, 3200,132.724,223.647,14.890,15.373
42660,-5.921913345,-1.426702314, 3200,134.003,223.398,14.865,16.221
42720,-5.972354892,-1.474977371, 3200,134.003,222.307,14.893,32.395
42780,-6.022796439,-1.523252427, 3200,134.003,221.216,14.921,48.569
42840,-6.073237986,-1.571527484, 3200,134.003,220.124,14.949,64.742
42900,-6.123679533,-1.619802541, 3200,134.003,219.033,14.977,80.916
42960,-6.174121080,-1.668077597, 3200,134.003,217.942,15.005,97.090
43020,-6.224562627,-1.716352654, 3200,134.003,216.850,15.033,113.264
43080,-6.275004174,-1.764627711, 3200,134.003,215.759,15.061,129.437
43140,-6.325445721,-1.812902768, 3200,134.003,214.668,15.089,145.611
43200,-6.375887268,-1.861177824, 3200,134.003,213.576,15.117,161.785
43260,-6.426328815,-1.909452881, 3200,134.003,212.485,15.144,177.958
43320,-6.476770362,-1.957727938, 3200,134.003,211.394,15.172,194.132
43380,-6.527211909,-2.006002994, 3200,134.003,210.302,15.200,210.306
43440,-6.577653456,-2.054278051, 3200,134.003,209.211,15.228,226.480
43500,-6.628095003,-2.102553108, 3200,134.003,208.120,15.256,242.653
43560,-6.678536550,-2.150828164, 3200,134.003,207.028,15.284,258.827
43620,-6.728978097,-2.199103221, 3200,134.003,205.937,15.312,275.001
43680,-6.779419644,-2.247378278, 3200,134.003,204.846,15.340,291.175
43740,-6.829861192,-2.295653335, 3200,134.003,203.754,15.368,307.348
43800,-6.880302739,-2.343928391, 3200,134.003,202.663,15.396,323.522
43860,-6.930744286,-2.392203448, 3200,134.003,201.572,15.424,339.696
43920,-6.981185833,-2.440478505, 3200,134.003,200.480,15.452,355.870
43980,-7.045844166,-2.468634629, 3200,134.003,196.683,15.535,357.382
44040,-7.112723021,-2.493648374, 3200,134.003,192.463,15.626,356.604
44100,-7.179601876,-2.518662119, 3200,134.003,188.243,15.717,355.827
44160,-7.246480731,-2.543675864, 3200,134.003,184.022,15.808,355.049
44220,-7.313359586,-2.568689609, 3200,134.003,179.802,15.900,354.271
44280,-7.380238441,-2.593703354, 3200,134.003,175.582,15.991,353.494
44340,-7.447117296,-2.618717099, 3200,134.003,171.362,16.082,352.716
44400,-7.513996151,-2.643730844, 3200,134.003,167.142,16.173,351.939
44460,-7.580875006,-2.668744589, 3200,134.003,162.922,16.264,351.161
44520,-7.647753861,-2.693758334, 3200,134.003,158.701,16.356,350.383
44580,-7.714632716,-2.718772079, 3200,134.003,154.481,16.447,349.606
44640,-7.780111237,-2.715985590, 3200,134.003,150.876,16.558,348.784
44700,-7.844018082,-2.681997268, 3200,134.003,147.962,16.692,347.911
44760,-7.907924926,-2.648008946, 3200,134.003,145.048,16.825,347.039
44820,-7.971831771,-2.614020624, 3200,134.003,142.134,16.959,346.167
44880,-8.035738616,-2.580032302, 3200,134.003,139.220,17.092,345.295
44940,-8.099645460,-2.546043981, 3200,134.003,136.305,17.226,344.422
45000,-8.163552305,-2.512055659, 3200,134.003,133.391,17.359,343.550
45060,-8.227459150,-2.478067337, 3200,134.003,130.477,17.493,342.678
45120,-8.291365995,-2.444079015, 3200,134.003,127.563,17.627,341.806
45180,-8.346780272,-2.400772626, 3200,134.003,124.532,17.773,340.963
45240,-8.388327425,-2.342251194, 3200,134.003,121.310,17.942,340.168
45300,-8.429874578,-2.283729761, 3200,134.003,118.088,18.110,339.373
45360,-8.471421731,-2.225208328, 3200,134.003,114.866,18.278,338.578
45420,-8.512968884,-2.166686896, 3200,134.003,111.644,18.447,337.783
45480,-8.554516038,-2.108165463, 3200,134.003,108.422,18.615,336.988
45540,-8.596063191,-2.049644031, 3200,134.003,105.200,18.783,336.193
45600,-8.637610344,-1.991122598, 3200,134.003,101.979,18.951,335.398
45660,-8.679157497,-1.932601166, 3200,134.003,98.757,19.120,334.602
45720,-8.720704650,-1.874079733, 3200,134.003,95.535,19.288,333.807
45780,-8.762251803,-1.815558301, 3200,134.003,92.313,19.456,333.012
45840,-8.803798957,-1.757036868, 3200,134.003,89.091,19.625,332.217
45900,-8.845346110,-1.698515435, 3200,134.003,85.869,19.793,331.422
45960,-8.886893263,-1.639994003, 3200,134.003,82.647,19.961,330.627
46020,-8.928440416,-1.581472570, 3200,134.003,79.425,20.130,329.832
46080,-8.969987569,-1.522951138, 3200,134.003,76.204,20.298,329.037
46140,-9.007736239,-1.463852273, 3202,134.000,73.177,20.469,328.259
46200,-8.987021681,-1.395866029, 3231,133.959,73.162,20.691,327.749
46260,-8.966307122,-1.327879786, 3260,133.917,73.147,20.912,327.238
46320,-8.945592564,-1.259893542, 3288,133.876,73.131,21.133,326.728
46380,-8.924878005,-1.191907299, 3317,133.834,73.116,21.355,326.217
46440,-8.904163447,-1.123921055, 3346,133.793,73.100,21.576,325.707
46500,-8.883448888,-1.055934812, 3374,133.751,73.085,21.798,325.196
46560,-8.862734329,-0.987948569, 3403,133.709,73.070,22.019,324.686
46620,-8.842019771,-0.919962325, 3432,133.668,73.054,22.240,324.175
46680,-8.821305212,-0.851976082, 3461,133.626,73.039,22.462,323.665
46740,-8.800590654,-0.783989838, 3489,133.585,73.023,22.683,323.154
46800,-8.779876095,-0.716003595, 3518,133.543,73.008,22.904,322.644
46860,-8.759161537,-0.648017351, 3547,133.501,72.993,23.126,322.133
46920,-8.738446978,-0.580031108, 3576,133.460,72.977,23.347,321.622
46980,-8.717732420,-0.512044864, 3604,133.418,72.962,23.568,321.112
47040,-8.697017861,-0.444058621, 3633,133.377,72.946,23.790,320.601
47100,-8.676303302,-0.376072377, 3662,133.335,72.931,24.011,320.091
47160,-8.655588744,-0.308086134, 3690,133.294,72.916,24.232,319.580
47220,-8.634874185,-0.240099890, 3719,133.252,72.900,24.454,319.070
47280,-8.614159627,-0.172113647, 3748,133.210,72.885,24.675,318.559
47340,-8.593445068,-0.104127403, 3777,133.169,72.869,24.897,318.049
47400,-8.572730510,-0.036141160, 3805,133.127,72.854,25.118,317.538
47460,-8.552015951,0.031845084, 3834,133.086,72.839,25.339,317.028
47520,-8.531301392,0.099831327, 3863,133.044,72.823,25.561,316.517
47580,-8.510586834,0.167817571, 3891,133.002,72.808,25.782,316.007
47640,-8.489872275,0.235803814, 3920,132.961,72.792,26.003,315.496
47700,-8.469157717,0.303790058, 3949,132.919,72.777,26.225,314.986
47760,-8.448443158,0.371776301, 3978,132.878,72.762,26.446,314.475
47820,-8.427728600,0.439762545, 4006,132.836,72.746,26.667,313.965
47880,-8.407014041,0.507748788, 4035,132.795,72.731,26.889,313.454
47940,-8.386299483,0.575735032, 4064,132.753,72.715,27.110,312.943
48000,-8.365584924,0.643721275, 4093,132.711,72.700,27.331,312.433
48060,-8.344870365,0.711707519, 4121,132.670,72.685,27.553,311.922
48120,-8.324155807,0.779693762, 4150,132.628,72.669,27.774,311.412
48180,-8.303441248,0.847680006, 4179,132.587,72.654,27.996,310.901
48240,-8.282726690,0.915666249, 4207,132.545,72.638,28.217,310.391
48300,-8.262012131,0.983652493, 4236,132.503,72.623,28.438,309.880
48360,-8.241297573,1.051638736, 4265,132.462,72.608,28.660,309.370
48420,-8.220583014,1.119624979, 4294,132.420,72.592,28.881,308.859
48480,-8.199868456,1.187611223, 4322,132.379,72.577,29.102,308.349
48540,-8.179153897,1.255597466, 4351,132.337,72.561,29.324,307.838
48600,-8.158439338,1.323583710, 4380,132.296,72.546,29.545,307.328
48660,-8.137724780,1.391569953, 4409,132.254,72.531,29.766,306.817
48720,-8.117010221,1.459556197, 4437,132.212,72.515,29.988,306.307
48780,-8.096295663,1.527542440, 4466,132.171,72.500,30.209,305.796
48840,-8.075581104,1.595528684, 4495,132.129,72.484,30.431,305.286
48900,-8.054866546,1.663514927, 4523,132.088,72.469,30.652,304.775
48960,-8.034151987,1.731501171, 4552,132.046,72.454,30.873,304.264
49020,-8.013437428,1.799487414, 4581,132.004,72.438,31.095,303.754
49080,-7.992722870,1.867473658, 4610,131.963,72.423,31.316,303.243
49140,-7.972008311,1.935459901, 4638,131.921,72.407,31.537,302.733
49200,-7.951293753,2.003446145, 4667,131.880,72.392,31.759,302.222
49260,-7.930579194,2.071432388, 4696,131.838,72.377,31.980,301.712
49320,-7.909864636,2.139418632, 4724,131.797,72.361,32.201,301.201
49380,-7.889150077,2.207404875, 4753,131.755,72.346,32.423,300.691
49440,-7.868435519,2.275391119, 4782,131.713,72.330,32.644,300.180
49500,-7.847720960,2.343377362, 4811,131.672,72.315,32.865,299.670
49560,-7.827006401,2.411363606, 4839,131.630,72.300,33.087,299.159
49620,-7.806291843,2.479349849, 4868,131.589,72.284,33.308,298.649
49680,-7.784023944,2.549925175, 4889,131.764,78.025,33.572,298.329
49740,-7.761078408,2.621629976, 4906,132.034,86.278,33.853,298.094
49800,-7.738132872,2.693334776, 4924,132.305,94.530,34.135,297.858
49860,-7.715187335,2.765039577, 4941,132.575,102.782,34.416,297.622
49920,-7.692241799,2.836744378, 4959,132.845,111.035,34.698,297.386
49980,-7.669296263,2.908449179, 4976,133.116,119.287,34.980,297.150
50040,-7.646350726,2.980153980, 4994,133.386,127.540,35.261,296.914
50100,-7.623405190,3.051858781, 5011,133.656,135.792,35.543,296.678
50160,-7.600459654,3.123563581, 5029,133.927,144.044,35.825,296.442
50220,-7.577514118,3.195268382, 5046,134.197,152.297,36.106,296.207
50280,-7.554568581,3.266973183, 5064,134.467,160.549,36.388,295.971
50340,-7.531623045,3.338677984, 5081,134.737,168.801,36.670,295.735
50400,-7.508677509,3.410382785, 5099,135.008,177.054,36.951,295.499
50460,-7.485731973,3.482087586, 5116,135.278,185.306,37.233,295.263
50520,-7.462786436,3.553792386, 5134,135.548,193.559,37.515,295.027
50580,-7.439840900,3.625497187, 5151,135.819,201.811,37.796,294.791
50640,-7.416895364,3.697201988, 5169,136.089,210.063,38.078,294.556
50700,-7.393949828,3.768906789, 5186,136.359,218.316,38.360,294.320
50760,-7.371004291,3.840611590, 5204,136.630,226.568,38.641,294.084
50820,-7.348058755,3.912316390, 5221,136.900,234.820,38.923,293.848
50880,-7.325113219,3.984021191, 5239,137.170,243.073,39.205,293.612
50940,-7.302167683,4.055725992, 5256,137.440,251.325,39.486,293.376
51000,-7.279222146,4.127430793, 5274,137.711,259.578,39.768,293.140
51060,-7.256276610,4.199135594, 5291,137.981,267.830,40.050,292.905
51120,-7.233331074,4.270840395, 5309,138.251,276.082,40.331,292.669
51180,-7.210385537,4.342545195, 5326,138.522,284.335,40.613,292.433
51240,-7.187440001,4.414249996, 5344,138.792,292.587,40.895,292.197
51300,-7.164494465,4.485954797, 5361,139.062,300.839,41.176,291.961
51360,-7.141548929,4.557659598, 5379,139.333,309.092,41.458,291.725
51420,-7.118603392,4.629364399, 5396,139.603,317.344,41.740,291.489
51480,-7.095657856,4.701069199, 5414,139.873,325.597,42.021,291.253
51540,-7.072712320,4.772774000, 5431,140.143,333.849,42.303,291.018
51600,-7.049766784,4.844478801, 5448,140.414,342.101,42.585,290.782
51660,-7.026821247,4.916183602, 5466,140.684,350.354,42.866,290.546
51720,-7.003875711,4.987888403, 5483,140.954,358.606,43.148,290.310
51780,-6.930619787,5.000000000, 5486,141.149,357.324,43.379,290.164
51840,-6.847138885,5.000000000, 5486,141.328,354.104,43.601,290.036
51900,-6.763657983,5.000000000, 5486,141.506,350.884,43.822,289.908
51960,-6.680177081,5.000000000, 5486,141.685,347.664,44.044,289.780
52020,-6.596696179,5.000000000, 5486,141.864,344.444,44.265,289.653
52080,-6.513215277,5.000000000, 5486,142.043,341.224,44.486,289.525
52140,-6.429734375,5.000000000, 5486,142.222,338.004,44.708,289.397
52200,-6.346253473,5.000000000, 5486,142.401,334.784,44.929,289.269
52260,-6.262772571,5.000000000, 5486,142.580,331.564,45.151,289.141
52320,-6.179291669,5.000000000, 5486,142.759,328.344,45.372,289.014
52380,-6.095810767,5.000000000, 5486,142.938,325.124,45.593,288.886
52440,-6.012329866,5.000000000, 5486,143.116,321.904,45.815,288.758
52500,-5.928848964,5.000000000, 5486,143.295,318.684,46.036,288.630
52560,-5.845368062,5.000000000, 5486,143.474,315.464,46.258,288.502
52620,-5.761887160,5.000000000, 5486,143.653,312.244,46.479,288.375
52680,-5.678406258,5.000000000, 5486,143.832,309.024,46.701,288.247
52740,-5.594925356,5.000000000, 5486,144.011,305.804,46.922,288.119
52800,-5.511444454,5.000000000, 5486,144.190,302.584,47.143,287.991
52860,-5.427963552,5.000000000, 5486,144.369,299.364,47.365,287.863
52920,-5.344482650,5.000000000, 5486,144.548,296.144,47.586,287.735
52980,-5.261001748,5.000000000, 5486,144.726,292.924,47.808,287.608
53040,-5.177520846,5.000000000, 5486,144.905,289.704,48.029,287.480
53100,-5.094039944,5.000000000, 5486,145.084,286.484,48.250,287.352
53160,-5.010559042,5.000000000, 5486,145.263,283.264,48.472,287.224
53220,-4.927078141,5.000000000, 5486,145.442,280.044,48.693,287.096
53280,-4.843597239,5.000000000, 5486,145.621,276.824,48.915,286.969
53340,-4.760116337,5.000000000, 5486,145.800,273.604,49.136,286.841
53400,-4.676635435,5.000000000, 5486,145.979,270.385,49.357,286.713
53460,-4.593154533,5.000000000, 5486,146.158,267.165,49.579,286.585
53520,-4.509673631,5.000000000, 5486,146.336,263.945,49.800,286.457
