src/Components/missions/ORACLES/Plans/ORACLES-Flt-plan_p3_20170831_RA.ict
42, 1001
sarahdoherty
NASA Ames Research Center
Simulated flight plan
ORACLES-2017
1,1
2017,08,31,2017,08,31
60
Start_UTC, seconds from midnight UTC, time keeping
7
1,1,1,1,1,1,1
-9999,-9999,-9999,-9999,-9999,-9999,-9999
Latitude, Degrees (North positive), Planned latitude position of the aircraft
Longitude, Degrees (East positive), Planned longitude position of the aircraft
Altitude, meters (above sea level), Planned altitude of the aircraft
speed, meters per second (m/s), Estimated speed of aircraft
Bearing, degrees from north, Direction of travel of the plane per respect to north
SZA, degrees from zenith, Elevation position of the sun in the sky per respect to zenith
AZI, degrees from north, Azimuthal position of the sun in the sky per respect to north
1
Simulated aircraft data interpolated from flight plan waypoints
20
-----------------------------------------------------------------------------
PI_CONTACT_INFO: sarahdoherty
PLATFORM: p3
LOCATION: N/A
ASSOCIATED_DATA: N/A
INSTRUMENT_INFO: None
DATA_INFO: Compiled with flight planner: moving lines v1.2
UNCERTAINTY: Undefined
ULOD_FLAG: -7777
ULOD_VALUE: N/A
LLOD_FLAG: -8888
LLOD_VALUE: N/A
DM_CONTACT_INFO: Samuel LeBlanc, samuel.leblanc@nasa.gov
PROJECT_INFO: ORACLES-2017
STIPULATIONS_ON_USE: None
OTHER_COMMENTS: N/A
REVISION: RA
RA: First iteration of the flight plan
-----------------------------------------------------------------------------
Start_UTC,Latitude,Longitude,Altitude,speed,Bearing,SZA,AZI
[from data line 474]
53640,-4.342711827,5.000000000, 5486,146.694,257.505,50.243,286.202
53700,-4.259230925,5.000000000, 5486,146.873,254.285,50.465,286.074
53760,-4.175750023,5.000000000, 5486,147.052,251.065,50.686,285.946
53820,-4.092269121,5.000000000, 5486,147.231,247.845,50.907,285.818
53880,-4.008788219,5.000000000, 5486,147.410,244.625,51.129,285.690
53940,-3.925307318,5.000000000, 5486,147.589,241.405,51.350,285.563
54000,-3.841826416,5.000000000, 5486,147.768,238.185,51.572,285.435
54060,-3.758345514,5.000000000, 5486,147.946,234.965,51.793,285.307
54120,-3.674864612,5.000000000, 5486,148.125,231.745,52.014,285.179
54180,-3.591383710,5.000000000, 5486,148.304,228.525,52.236,285.051
54240,-3.507902808,5.000000000, 5486,148.483,225.305,52.457,284.924
54300,-3.424421906,5.000000000, 5486,148.662,222.085,52.679,284.796
54360,-3.340941004,5.000000000, 5486,148.841,218.865,52.900,284.668
54420,-3.257460102,5.000000000, 5486,149.020,215.645,53.121,284.540
54480,-3.173979200,5.000000000, 5486,149.199,212.425,53.343,284.412
54540,-3.090498298,5.000000000, 5486,149.378,209.205,53.564,284.284
54600,-3.007017396,5.000000000, 5486,149.556,205.985,53.786,284.157
54660,-2.923536495,5.000000000, 5486,149.735,202.765,54.007,284.029
54720,-2.840055593,5.000000000, 5486,149.914,199.545,54.228,283.901
54780,-2.756574691,5.000000000, 5486,150.093,196.325,54.450,283.773
54840,-2.673093789,5.000000000, 5486,150.272,193.105,54.671,283.645
54900,-2.589612887,5.000000000, 5486,150.451,189.885,54.893,283.518
54960,-2.506131985,5.000000000, 5486,150.630,186.665,55.114,283.390
55020,-2.422651083,5.000000000, 5486,150.809,183.445,55.336,283.262
55080,-2.339170181,5.000000000, 5486,150.987,180.225,55.557,283.134
55140,-2.255689279,5.000000000, 5486,151.166,177.005,55.778,283.006
55200,-2.172208377,5.000000000, 5486,151.345,173.785,56.000,282.878
55260,-2.088727475,5.000000000, 5486,151.524,170.565,56.221,282.751
55320,-2.005246573,5.000000000, 5486,151.703,167.345,56.443,282.623
55380,-1.921765671,5.000000000, 5486,151.882,164.125,56.664,282.495
55440,-1.838284770,5.000000000, 5486,152.061,160.905,56.885,282.367
55500,-1.754803868,5.000000000, 5486,152.240,157.685,57.107,282.239
55560,-1.671322966,5.000000000, 5486,152.419,154.465,57.328,282.112
55620,-1.587842064,5.000000000, 5486,152.597,151.245,57.550,281.984
55680,-1.504361162,5.000000000, 5486,152.776,148.025,57.771,281.856
55740,-1.420880260,5.000000000, 5486,152.955,144.805,57.992,281.728
55800,-1.337399358,5.000000000, 5486,153.134,141.585,58.214,281.600
55860,-1.253918456,5.000000000, 5486,153.313,138.365,58.435,281.472
55920,-1.170437554,5.000000000, 5486,153.492,135.145,58.657,281.345
55980,-1.086956652,5.000000000, 5486,153.671,131.925,58.878,281.217
56040,-1.003475750,5.000000000, 5486,153.850,128.705,59.099,281.089
56100,-0.919994848,5.000000000, 5486,154.029,125.486,59.321,280.961
56160,-0.836513947,5.000000000, 5486,154.207,122.266,59.542,280.833
56220,-0.753033045,5.000000000, 5486,154.386,119.046,59.764,280.706
56280,-0.669552143,5.000000000, 5486,154.565,115.826,59.985,280.578
56340,-0.586071241,5.000000000, 5486,154.744,112.606,60.207,280.450
56400,-0.502590339,5.000000000, 5486,154.923,109.386,60.428,280.322
56460,-0.419109437,5.000000000, 5486,155.102,106.166,60.649,280.194
56520,-0.335628535,5.000000000, 5486,155.281,102.946,60.871,280.067
56580,-0.252147633,5.000000000, 5486,155.460,99.726,61.092,279.939
56640,-0.168666731,5.000000000, 5486,155.639,96.506,61.314,279.811
56700,-0.085185829,5.000000000, 5486,155.817,93.286,61.535,279.683
56760,-0.001704927,5.000000000, 5486,155.996,90.066,61.756,279.555
56820,0.000000000,5.077389852, 5375,154.272,86.996,62.078,279.525
56880,0.000000000,5.156393187, 5260,152.507,83.930,62.402,279.497
56940,0.000000000,5.235396521, 5146,150.743,80.863,62.726,279.468
57000,0.000000000,5.314399855, 5032,148.979,77.797,63.049,279.440
57060,0.000000000,5.393403189, 4918,147.215,74.731,63.373,279.412
57120,0.010735544,5.458528671, 4741,145.557,73.621,63.682,279.384
57180,0.027561615,5.515780918, 4528,143.961,73.621,63.982,279.357
57240,0.044387687,5.573033166, 4315,142.365,73.621,64.282,279.330
57300,0.061213758,5.630285413, 4102,140.768,73.621,64.583,279.303
57360,0.078039830,5.687537661, 3890,139.172,73.622,64.883,279.276
57420,0.094865901,5.744789908, 3677,137.576,73.622,65.183,279.249
57480,0.111691973,5.802042156, 3464,135.979,73.622,65.483,279.222
57540,0.128518044,5.859294404, 3251,134.383,73.622,65.784,279.195
57600,0.145344116,5.916546651, 3038,132.786,73.622,66.084,279.168
57660,0.162170187,5.973798899, 2825,131.190,73.623,66.384,279.140
57720,0.178996258,6.031051146, 2612,129.594,73.623,66.684,279.113
57780,0.195822330,6.088303394, 2400,127.997,73.623,66.985,279.086
57840,0.212648401,6.145555641, 2187,126.401,73.623,67.285,279.059
57900,0.229474473,6.202807889, 1974,124.804,73.623,67.585,279.032
57960,0.246300544,6.260060137, 1761,123.208,73.624,67.885,279.005
58020,0.263126616,6.317312384, 1548,121.612,73.624,68.186,278.978
58080,0.279952687,6.374564632, 1335,120.015,73.624,68.486,278.951
58140,0.296778759,6.431816879, 1123,118.419,73.624,68.786,278.924
58200,0.313604830,6.489069127,  910,116.823,73.624,69.086,278.897
58260,0.330430901,6.546321374,  697,115.226,73.624,69.387,278.870
58320,0.347256973,6.603573622,  484,113.630,73.625,69.687,278.842
58380,0.364083044,6.660825870,  271,112.033,73.625,69.987,278.815
