src/Components/missions/ORACLES/Plans/ORACLES-Flt-plan_p3_20160922_R0.ict
42, 1001
Samuel LeBlanc
NASA Ames Research Center
Simulated flight plan
ORACLES
1,1
2016,09,22,2016,09,22
60
Start_UTC, seconds from midnight UTC, time keeping
7
1,1,1,1,1,1,1
-9999,-9999,-9999,-9999,-9999,-9999,-9999
Latitude, Degrees (North positive), Planned latitude position of the aircraft
Longitude, Degrees (East positive), Planned longitude position of the aircraft
Altitude, meters (above sea level), Planned altitude of the aircraft
speed, meters per second (m/s), Estimated speed of aircraft
Bearing, degrees from north, Direction of travel of the plane per respect to north
SZA, degrees from zenith, Elevation position of the sun in the sky per respect to zenith
AZI, degrees from north, Azimuthal position of the sun in the sky per respect to north
1
Simulated aircraft data interpolated from flight plan waypoints
20
-----------------------------------------------------------------------------
PI_CONTACT_INFO: Samuel LeBlanc, samuel.leblanc@nasa.gov
PLATFORM: p3
LOCATION: N/A
ASSOCIATED_DATA: N/A
INSTRUMENT_INFO: None
DATA_INFO: Compiled with flight planner: moving lines v1.02
UNCERTAINTY: Undefined
ULOD_FLAG: -7777
ULOD_VALUE: N/A
LLOD_FLAG: -8888
LLOD_VALUE: N/A
DM_CONTACT_INFO: See PI
PROJECT_INFO: ORACLES
STIPULATIONS_ON_USE: None
OTHER_COMMENTS: N/A
REVISION: RA
RA: First iteration of the flight plan
-----------------------------------------------------------------------------
Start_UTC,Latitude,Longitude,Altitude,speed,Bearing,SZA,AZI
[from data line 466]
53160,-22.362430693,12.362430693, 1031,132.218,99.766,60.523,292.638
53220,-22.412023138,12.412023138,  958,131.708,98.972,60.796,292.475
53280,-22.461615583,12.461615583,  886,131.199,98.177,61.069,292.313
53340,-22.511208028,12.511208028,  813,130.689,97.383,61.341,292.150
53400,-22.560800472,12.560800472,  740,130.179,96.589,61.614,291.987
53460,-22.610392917,12.610392917,  667,129.670,95.794,61.887,291.825
53520,-22.659985362,12.659985362,  594,129.160,95.000,62.159,291.662
53580,-22.709577807,12.709577807,  521,128.650,94.206,62.432,291.500
53640,-22.759170252,12.759170252,  449,128.140,93.411,62.704,291.337
53700,-22.808762696,12.808762696,  376,127.631,92.617,62.977,291.174
53760,-22.858355141,12.858355141,  303,127.121,91.823,63.250,291.012
53820,-22.907947586,12.907947586,  230,126.611,91.029,63.522,290.849
53880,-22.957540031,12.957540031,  157,126.101,90.234,63.795,290.687
53940,-22.999869556,13.010580990,   95,125.665,89.550,64.069,290.523
54000,-22.998962571,13.084151121,   95,125.665,89.521,64.350,290.356
54060,-22.998055586,13.157721252,   95,125.665,89.493,64.631,290.189
54120,-22.997148600,13.231291383,   95,125.665,89.464,64.913,290.021
54180,-22.996241615,13.304861514,   95,125.665,89.435,65.194,289.854
54240,-22.995334630,13.378431644,   95,125.665,89.406,65.475,289.687
54300,-22.994427645,13.452001775,   95,125.665,89.378,65.757,289.520
54360,-22.993520660,13.525571906,   95,125.665,89.349,66.038,289.352
54420,-22.992613675,13.599142037,   95,125.665,89.320,66.320,289.185
54480,-22.991706690,13.672712168,   95,125.665,89.291,66.601,289.018
54540,-22.990799705,13.746282299,   95,125.665,89.263,66.882,288.850
54600,-22.989892720,13.819852430,   95,125.665,89.234,67.164,288.683
54660,-22.988985734,13.893422561,   95,125.665,89.205,67.445,288.516
54720,-22.988078749,13.966992691,   95,125.665,89.176,67.726,288.349
54780,-22.987171764,14.040562822,   95,125.665,89.148,68.008,288.181
54840,-22.986264779,14.114132953,   95,125.665,89.119,68.289,288.014
54900,-22.985357794,14.187703084,   95,125.665,89.090,68.570,287.847
54960,-22.984450809,14.261273215,   95,125.665,89.061,68.852,287.679
55020,-22.983543824,14.334843346,   95,125.665,89.033,69.133,287.512
55080,-22.982636839,14.408413477,   95,125.665,89.004,69.414,287.345
55140,-22.981729854,14.481983607,   95,125.665,88.975,69.696,287.178
55200,-22.980822868,14.555553738,   95,125.665,88.947,69.977,287.010
55260,-22.979915883,14.629123869,   95,125.665,88.918,70.258,286.843
