src/Components/missions/ORACLES/Plans/ORACLES-Flt-plan_p3_20170821_RA.ict
42, 1001
sarahdoherty
NASA Ames Research Center
Simulated flight plan
ORACLES-2017
1,1
2017,08,21,2017,08,21
60
Start_UTC, seconds from midnight UTC, time keeping
7
1,1,1,1,1,1,1
-9999,-9999,-9999,-9999,-9999,-9999,-9999
Latitude, Degrees (North positive), Planned latitude position of the aircraft
Longitude, Degrees (East positive), Planned longitude position of the aircraft
Altitude, meters (above sea level), Planned altitude of the aircraft
speed, meters per second (m/s), Estimated speed of aircraft
Bearing, degrees from north, Direction of travel of the plane per respect to north
SZA, degrees from zenith, Elevation position of the sun in the sky per respect to zenith
AZI, degrees from north, Azimuthal position of the sun in the sky per respect to north
1
Simulated aircraft data interpolated from flight plan waypoints
20
-----------------------------------------------------------------------------
PI_CONTACT_INFO: sarahdoherty
PLATFORM: p3
LOCATION: N/A
ASSOCIATED_DATA: N/A
INSTRUMENT_INFO: None
DATA_INFO: Compiled with flight planner: moving lines v1.2
UNCERTAINTY: Undefined
ULOD_FLAG: -7777
ULOD_VALUE: N/A
LLOD_FLAG: -8888
LLOD_VALUE: N/A
DM_CONTACT_INFO: Samuel LeBlanc, samuel.leblanc@nasa.gov
PROJECT_INFO: ORACLES-2017
STIPULATIONS_ON_USE: None
OTHER_COMMENTS: N/A
REVISION: RA
RA: First iteration of the flight plan
-----------------------------------------------------------------------------
Start_UTC,Latitude,Longitude,Altitude,speed,Bearing,SZA,AZI
[from data line 237]
50220,-8.000000000,1.044323317,  711,109.224,90.053,35.481,303.876
50280,-8.000000000,1.102252031,  843,108.769,90.056,35.735,303.598
50340,-8.000000000,1.160180744,  976,108.314,90.058,35.989,303.320
50400,-8.000000000,1.218109458, 1108,107.859,90.061,36.243,303.042
50460,-8.000000000,1.276038171, 1241,107.404,90.064,36.497,302.763
50520,-8.000000000,1.333966885, 1373,106.949,90.067,36.751,302.485
50580,-8.000000000,1.391895598, 1505,106.494,90.069,37.005,302.207
50640,-8.000000000,1.456846445, 1524,107.283,90.067,37.273,301.963
50700,-8.000000000,1.522939509, 1524,108.274,90.064,37.543,301.723
50760,-8.000000000,1.589032573, 1524,109.265,90.060,37.813,301.484
50820,-8.000000000,1.655125637, 1524,110.257,90.057,38.083,301.245
50880,-8.000000000,1.721218701, 1524,111.248,90.054,38.353,301.006
50940,-8.000000000,1.787311764, 1524,112.240,90.051,38.623,300.766
51000,-8.000000000,1.853404828, 1524,113.231,90.048,38.894,300.527
51060,-8.000000000,1.919497892, 1524,114.222,90.044,39.164,300.288
51120,-8.000000000,1.985590956, 1524,115.214,90.041,39.434,300.049
51180,-8.000000000,2.051684020, 1524,116.205,90.038,39.704,299.809
51240,-8.000000000,2.117777084, 1524,117.197,90.035,39.974,299.570
51300,-8.000000000,2.183870148, 1524,118.188,90.031,40.244,299.331
51360,-8.000000000,2.249963212, 1524,119.179,90.028,40.514,299.092
51420,-8.000000000,2.316056276, 1524,120.171,90.025,40.784,298.852
51480,-8.000000000,2.382149339, 1524,121.162,90.022,41.054,298.613
51540,-8.000000000,2.445191239, 1671,120.273,90.028,41.326,298.398
51600,-8.000000000,2.507104146, 1872,118.688,90.038,41.597,298.193
51660,-8.000000000,2.569017054, 2074,117.103,90.048,41.869,297.987
51720,-8.000000000,2.630929961, 2275,115.518,90.058,42.141,297.781
51780,-8.000000000,2.692842868, 2477,113.933,90.068,42.413,297.575
51840,-8.000000000,2.761976331, 2500,114.680,90.071,42.696,297.385
51900,-8.000000000,2.832053594, 2500,115.731,90.072,42.980,297.198
51960,-8.000000000,2.902130856, 2500,116.782,90.074,43.265,297.010
52020,-8.000000000,2.972208119, 2500,117.833,90.075,43.549,296.822
52080,-8.000000000,3.042285381, 2500,118.884,90.077,43.834,296.635
52140,-8.000000000,3.112362643, 2500,119.935,90.078,44.118,296.447
52200,-8.000000000,3.182439906, 2500,120.987,90.080,44.403,296.260
52260,-8.000000000,3.252517168, 2500,122.038,90.081,44.687,296.072
52320,-8.000000000,3.322594431, 2500,123.089,90.083,44.972,295.884
52380,-8.000000000,3.392671693, 2500,124.140,90.084,45.256,295.697
52440,-8.000000000,3.462748956, 2500,125.191,90.086,45.540,295.509
52500,-8.000000000,3.532826218, 2500,126.242,90.087,45.825,295.321
52560,-8.000000000,3.602903480, 2500,127.294,90.088,46.109,295.134
52620,-8.000000000,3.672980743, 2500,128.345,90.090,46.394,294.946
52680,-8.000000000,3.747154794, 2608,129.194,99.881,46.686,294.777
52740,-8.000000000,3.823899615, 2785,129.918,115.815,46.982,294.618
52800,-8.000000000,3.900644436, 2961,130.641,131.749,47.278,294.460
52860,-8.000000000,3.977389257, 3137,131.364,147.683,47.575,294.302
52920,-8.000000000,4.054134078, 3314,132.087,163.617,47.871,294.144
52980,-8.000000000,4.130878898, 3490,132.810,179.551,48.168,293.986
53040,-8.000000000,4.207623719, 3666,133.533,195.485,48.464,293.828
53100,-8.000000000,4.284368540, 3842,134.257,211.419,48.760,293.670
53160,-8.000000000,4.361113361, 4019,134.980,227.353,49.057,293.512
53220,-8.000000000,4.437858182, 4195,135.703,243.287,49.353,293.354
53280,-8.000000000,4.514603002, 4371,136.426,259.221,49.650,293.196
53340,-8.000000000,4.591347823, 4548,137.149,275.155,49.946,293.038
53400,-8.000000000,4.668092644, 4724,137.872,291.088,50.242,292.880
53460,-8.000000000,4.744837465, 4900,138.596,307.022,50.539,292.722
53520,-8.000000000,4.821582286, 5077,139.319,322.956,50.835,292.564
53580,-8.000000000,4.898327106, 5253,140.042,338.890,51.132,292.406
53640,-8.000000000,4.975071927, 5429,140.765,354.824,51.428,292.248
53700,-7.943228779,5.000000000, 5486,156.000,360.000,51.662,292.094
53760,-7.859145981,5.000000000, 5486,156.000,360.000,51.865,291.943
53820,-7.775063182,5.000000000, 5486,156.000,360.000,52.068,291.792
53880,-7.690980384,5.000000000, 5486,156.000,360.000,52.271,291.641
53940,-7.606897586,5.000000000, 5486,156.000,360.000,52.475,291.490
54000,-7.522814787,5.000000000, 5486,156.000,360.000,52.678,291.339
54060,-7.438731989,5.000000000, 5486,156.000,360.000,52.881,291.187
54120,-7.354649190,5.000000000, 5486,156.000,360.000,53.084,291.036
54180,-7.270566392,5.000000000, 5486,156.000,360.000,53.288,290.885
54240,-7.186483594,5.000000000, 5486,156.000,360.000,53.491,290.734
54300,-7.102400795,5.000000000, 5486,156.000,360.000,53.694,290.583
54360,-7.018317997,5.000000000, 5486,156.000,360.000,53.897,290.432
54420,-6.934235199,5.000000000, 5486,156.000,360.000,54.100,290.281
54480,-6.850152400,5.000000000, 5486,156.000,360.000,54.304,290.130
54540,-6.766069602,5.000000000, 5486,156.000,360.000,54.507,289.978
54600,-6.681986804,5.000000000, 5486,156.000,360.000,54.710,289.827
54660,-6.597904005,5.000000000, 5486,156.000,360.000,54.913,289.676
54720,-6.513821207,5.000000000, 5486,156.000,360.000,55.117,289.525
54780,-6.429738408,5.000000000, 5486,156.000,360.000,55.320,289.374
54840,-6.345655610,5.000000000, 5486,156.000,360.000,55.523,289.223
54900,-6.261572812,5.000000000, 5486,156.000,360.000,55.726,289.072
54960,-6.177490013,5.000000000, 5486,156.000,360.000,55.930,288.921
55020,-6.093407215,5.000000000, 5486,156.000,360.000,56.133,288.769
55080,-6.009324417,5.000000000, 5486,156.000,360.000,56.336,288.618
55140,-5.950836925,5.000000000, 5220,153.761,360.000,56.554,288.510
55200,-5.895541869,5.000000000, 4920,151.243,360.000,56.774,288.407
55260,-5.840246813,5.000000000, 4620,148.724,360.000,56.995,288.303
55320,-5.784951757,5.000000000, 4320,146.206,360.000,57.215,288.200
55380,-5.729656700,5.000000000, 4020,143.688,360.000,57.435,288.097
55440,-5.674361644,5.000000000, 3720,141.170,360.000,57.655,287.994
55500,-5.619066588,5.000000000, 3420,138.651,360.000,57.875,287.890
55560,-5.563771532,5.000000000, 3120,136.133,360.000,58.095,287.787
55620,-5.508476476,5.000000000, 2820,133.615,360.000,58.315,287.684
55680,-5.453181419,5.000000000, 2520,131.096,360.000,58.535,287.581
55740,-5.397886363,5.000000000, 2220,128.578,360.000,58.756,287.477
55800,-5.342591307,5.000000000, 1920,126.060,360.000,58.976,287.374
55860,-5.287296251,5.000000000, 1620,123.541,360.000,59.196,287.271
55920,-5.232001195,5.000000000, 1320,121.023,360.000,59.416,287.168
55980,-5.176706139,5.000000000, 1020,118.505,360.000,59.636,287.065
56040,-5.121411082,5.000000000,  720,115.987,360.000,59.856,286.961
56100,-5.066116026,5.000000000,  420,113.468,360.000,60.076,286.858
56160,-5.010820970,5.000000000,  120,110.950,360.000,60.297,286.755
56220,-4.952115240,5.000000000,   61,110.457,360.000,60.519,286.665
56280,-4.892579660,5.000000000,   61,110.457,360.000,60.742,286.579
56340,-4.833044080,5.000000000,   61,110.457,360.000,60.965,286.493
56400,-4.773508500,5.000000000,   61,110.457,360.000,61.188,286.407
56460,-4.713972920,5.000000000,   61,110.457,360.000,61.411,286.320
56520,-4.654437340,5.000000000,   61,110.457,360.000,61.634,286.234
56580,-4.594901760,5.000000000,   61,110.457,360.000,61.857,286.148
56640,-4.535366180,5.000000000,   61,110.457,360.000,62.080,286.062
56700,-4.475830600,5.000000000,   61,110.457,360.000,62.303,285.975
56760,-4.416295020,5.000000000,   61,110.457,360.000,62.525,285.889
56820,-4.356759440,5.000000000,   61,110.457,360.000,62.748,285.803
56880,-4.297223860,5.000000000,   61,110.457,360.000,62.971,285.717
56940,-4.237688280,5.000000000,   61,110.457,360.000,63.194,285.631
57000,-4.178152700,5.000000000,   61,110.457,360.000,63.417,285.544
57060,-4.118617120,5.000000000,   61,110.457,360.000,63.640,285.458
57120,-4.059081540,5.000000000,   61,110.457,360.000,63.863,285.372
57180,-3.999562514,5.000000000,   63,110.451,360.000,64.086,285.286
57240,-3.942197564,5.000000000,  343,109.681,360.000,64.312,285.212
57300,-3.884832614,5.000000000,  623,108.911,360.000,64.538,285.138
57360,-3.827467664,5.000000000,  902,108.141,360.000,64.763,285.064
57420,-3.770102714,5.000000000, 1182,107.371,360.000,64.989,284.990
57480,-3.712737763,5.000000000, 1462,106.601,360.000,65.215,284.916
57540,-3.649083160,5.000000000, 1524,107.194,360.000,65.440,284.847
57600,-3.583633325,5.000000000, 1524,108.176,360.000,65.665,284.780
57660,-3.518183491,5.000000000, 1524,109.157,360.000,65.891,284.712
57720,-3.452733656,5.000000000, 1524,110.139,360.000,66.116,284.645
57780,-3.387283821,5.000000000, 1524,111.121,360.000,66.341,284.577
57840,-3.321833987,5.000000000, 1524,112.102,360.000,66.566,284.510
57900,-3.256384152,5.000000000, 1524,113.084,360.000,66.792,284.443
57960,-3.190934317,5.000000000, 1524,114.066,360.000,67.017,284.375
58020,-3.125484483,5.000000000, 1524,115.048,360.000,67.242,284.308
58080,-3.060034648,5.000000000, 1524,116.029,360.000,67.467,284.240
58140,-2.994584813,5.000000000, 1524,117.011,360.000,67.692,284.173
58200,-2.929134979,5.000000000, 1524,117.993,360.000,67.918,284.105
58260,-2.863685144,5.000000000, 1524,118.975,360.000,68.143,284.038
58320,-2.798235309,5.000000000, 1524,119.956,360.000,68.368,283.971
58380,-2.732785475,5.000000000, 1524,120.938,360.000,68.593,283.903
58440,-2.669401540,5.000000000, 1624,120.647,360.000,68.820,283.841
58500,-2.608091167,5.000000000, 1823,119.077,360.000,69.047,283.785
58560,-2.546780793,5.000000000, 2022,117.508,360.000,69.274,283.729
58620,-2.485470419,5.000000000, 2222,115.938,360.000,69.501,283.673
58680,-2.424160045,5.000000000, 2421,114.368,360.000,69.728,283.617
58740,-2.357950727,5.000000000, 2500,114.381,360.000,69.955,283.564
58800,-2.288555469,5.000000000, 2500,115.422,360.000,70.182,283.514
58860,-2.219160210,5.000000000, 2500,116.463,360.000,70.409,283.463
58920,-2.149764952,5.000000000, 2500,117.504,360.000,70.636,283.413
58980,-2.080369694,5.000000000, 2500,118.544,360.000,70.862,283.363
59040,-2.010974436,5.000000000, 2500,119.585,360.000,71.089,283.312
59100,-1.941579177,5.000000000, 2500,120.626,360.000,71.316,283.262
59160,-1.872183919,5.000000000, 2500,121.667,360.000,71.543,283.212
59220,-1.802788661,5.000000000, 2500,122.708,360.000,71.770,283.161
59280,-1.733393403,5.000000000, 2500,123.749,360.000,71.997,283.111
59340,-1.663998144,5.000000000, 2500,124.790,360.000,72.224,283.061
59400,-1.594602886,5.000000000, 2500,125.831,360.000,72.451,283.011
59460,-1.525207628,5.000000000, 2500,126.872,360.000,72.677,282.960
59520,-1.455812370,5.000000000, 2500,127.913,360.000,72.904,282.910
59580,-1.385124759,5.000000000, 2556,128.978,360.000,73.131,282.862
59640,-1.309126845,5.000000000, 2839,130.141,360.000,73.357,282.821
59700,-1.233128931,5.000000000, 3123,131.305,360.000,73.584,282.780
59760,-1.157131017,5.000000000, 3407,132.469,360.000,73.810,282.739
59820,-1.081133103,5.000000000, 3690,133.633,360.000,74.036,282.699
59880,-1.005135189,5.000000000, 3974,134.796,360.000,74.263,282.658
59940,-0.929137275,5.000000000, 4258,135.960,360.000,74.489,282.617
60000,-0.853139361,5.000000000, 4541,137.124,360.000,74.715,282.576
60060,-0.777141448,5.000000000, 4825,138.288,360.000,74.941,282.535
60120,-0.701143534,5.000000000, 5109,139.451,360.000,75.168,282.495
60180,-0.625145620,5.000000000, 5393,140.615,360.000,75.394,282.454
60240,-0.543737887,5.000000000, 5486,142.407,334.682,75.620,282.417
60300,-0.459655089,5.000000000, 5486,144.509,296.845,75.846,282.383
60360,-0.375572291,5.000000000, 5486,146.611,259.008,76.072,282.348
60420,-0.291489492,5.000000000, 5486,148.713,221.170,76.297,282.314
60480,-0.207406694,5.000000000, 5486,150.815,183.333,76.523,282.279
60540,-0.123323895,5.000000000, 5486,152.917,145.496,76.749,282.245
60600,-0.039241097,5.000000000, 5486,155.019,107.658,76.975,282.210
60660,0.000000000,5.038200070, 5486,156.000,88.544,77.247,282.186
60720,0.000000000,5.109829126, 5486,156.000,85.814,77.559,282.172
60780,0.000000000,5.181458183, 5486,156.000,83.083,77.870,282.158
60840,0.000000000,5.253087239, 5486,156.000,80.353,78.182,282.143
60900,0.000000000,5.324716296, 5486,156.000,77.622,78.494,282.129
60960,0.000000000,5.396345352, 5486,156.000,74.892,78.806,282.114
61020,0.005751614,5.452698457, 5486,156.000,73.484,79.101,282.103
61080,0.017633078,5.492771042, 5486,156.000,73.484,79.376,282.096
61140,0.029514541,5.532843627, 5486,156.000,73.484,79.651,282.088
61200,0.041396004,5.572916212, 5486,156.000,73.484,79.926,282.081
61260,0.053277468,5.612988797, 5486,156.000,73.484,80.201,282.073
61320,0.065158931,5.653061382, 5486,156.000,73.484,80.476,282.066
61380,0.077040394,5.693133967, 5486,156.000,73.484,80.751,282.058
61440,0.088921857,5.733206552, 5486,156.000,73.484,81.027,282.051
61500,0.100803321,5.773279137, 5486,156.000,73.485,81.302,282.043
61560,0.112684784,5.813351722, 5486,156.000,73.485,81.577,282.036
61620,0.124566247,5.853424307, 5486,156.000,73.485,81.852,282.028
61680,0.136447711,5.893496892, 5486,156.000,73.485,82.127,282.021
61740,0.148329174,5.933569477, 5486,156.000,73.485,82.402,282.014
61800,0.160210637,5.973642062, 5486,156.000,73.485,82.678,282.006
61860,0.172092100,6.013714647, 5486,156.000,73.485,82.953,281.999
61920,0.183973564,6.053787231, 5486,156.000,73.486,83.228,281.991
61980,0.195855027,6.093859816, 5486,156.000,73.486,83.503,281.984
62040,0.207736490,6.133932401, 5486,156.000,73.486,83.778,281.976
62100,0.219617954,6.174004986, 5486,156.000,73.486,84.053,281.969
62160,0.231499417,6.214077571, 5486,156.000,73.486,84.328,281.961
62220,0.243380880,6.254150156, 5486,156.000,73.486,84.604,281.954
62280,0.255262343,6.294222741, 5486,156.000,73.486,84.879,281.946
62340,0.267143807,6.334295326, 5486,156.000,73.486,85.154,281.939
62400,0.279025270,6.374367911, 5486,156.000,73.487,85.429,281.932
62460,0.290906733,6.414440496, 5486,156.000,73.487,85.704,281.924
62520,0.302788197,6.454513081, 5486,156.000,73.487,85.979,281.917
62580,0.314669660,6.494585666, 5486,156.000,73.487,86.255,281.909
62640,0.326551123,6.534658251, 5486,156.000,73.487,86.530,281.902
62700,0.338432587,6.574730836, 5486,156.000,73.487,86.805,281.894
62760,0.350314050,6.614803421, 5486,156.000,73.487,87.080,281.887
62820,0.362195513,6.654876006, 5486,156.000,73.488,87.355,281.879
62880,0.374076976,6.694948591, 5486,156.000,73.488,87.630,281.872
