src/Components/missions/ORACLES/Plans/ORACLES-Flt-plan_er2_20160920_BClegs.ict
42, 1001
Samuel LeBlanc
NASA Ames Research Center
Simulated flight plan
ORACLES
1,1
2016,09,20,2016,09,20
60
Start_UTC, seconds from midnight UTC, time keeping
7
1,1,1,1,1,1,1
-9999,-9999,-9999,-9999,-9999,-9999,-9999
Latitude, Degrees (North positive), Planned latitude position of the aircraft
Longitude, Degrees (East positive), Planned longitude position of the aircraft
Altitude, meters (above sea level), Planned altitude of the aircraft
speed, meters per second (m/s), Estimated speed of aircraft
Bearing, degrees from north, Direction of travel of the plane per respect to north
SZA, degrees from zenith, Elevation position of the sun in the sky per respect to zenith
AZI, degrees from north, Azimuthal position of the sun in the sky per respect to north
1
Simulated aircraft data interpolated from flight plan waypoints
20
-----------------------------------------------------------------------------
PI_CONTACT_INFO: Samuel LeBlanc, samuel.leblanc@nasa.gov
PLATFORM: er2
LOCATION: N/A
ASSOCIATED_DATA: N/A
INSTRUMENT_INFO: None
DATA_INFO: Compiled with flight planner: moving lines v1.07
UNCERTAINTY: Undefined
ULOD_FLAG: -7777
ULOD_VALUE: N/A
LLOD_FLAG: -8888
LLOD_VALUE: N/A
DM_CONTACT_INFO: See PI
PROJECT_INFO: ORACLES
STIPULATIONS_ON_USE: None
OTHER_COMMENTS: N/A
REVISION: RA
RA: First iteration of the flight plan
-----------------------------------------------------------------------------
Start_UTC,Latitude,Longitude,Altitude,speed,Bearing,SZA,AZI
25200,-22.979716667,14.645283333,   95,150.000,268.911,61.785,75.727
25260,-22.980566972,14.576310748,  888,152.301,269.918,61.625,75.630
25320,-22.981417278,14.507338163, 1680,154.603,270.925,61.465,75.534
25380,-22.982267584,14.438365578, 2473,156.904,271.932,61.304,75.437
25440,-22.983117890,14.369392993, 3265,159.206,272.939,61.144,75.341
25500,-22.983968196,14.300420408, 4058,161.507,273.946,60.983,75.244
25560,-22.984818501,14.231447823, 4850,163.809,274.952,60.823,75.147
25620,-22.985668807,14.162475238, 5643,166.110,275.959,60.663,75.051
25680,-22.986519113,14.093502653, 6435,168.412,276.966,60.502,74.954
25740,-22.987369419,14.024530068, 7228,170.713,277.973,60.342,74.857
25800,-22.988219725,13.955557482, 8020,173.015,278.980,60.181,74.761
25860,-22.989070030,13.886584897, 8813,175.316,279.987,60.021,74.664
25920,-22.989920336,13.817612312, 9605,177.618,280.993,59.861,74.567
25980,-22.990770642,13.748639727,10398,179.919,282.000,59.700,74.471
26040,-22.991620948,13.679667142,11190,182.221,283.007,59.540,74.374
26100,-22.992471253,13.610694557,11983,184.522,284.014,59.379,74.277
26160,-22.993321559,13.541721972,12775,186.824,285.021,59.219,74.181
26220,-22.994171865,13.472749387,13568,189.125,286.028,59.059,74.084
26280,-22.995022171,13.403776802,14360,191.427,287.034,58.898,73.987
26340,-22.995872477,13.334804217,15153,193.728,288.041,58.738,73.891
26400,-22.996722782,13.265831632,15945,196.030,289.048,58.578,73.794
26460,-22.997573088,13.196859047,16738,198.331,290.055,58.417,73.698
26520,-22.998423394,13.127886461,17531,200.633,291.062,58.257,73.601
26580,-22.999273700,13.058913876,18323,202.934,292.069,58.096,73.504
26640,-22.993700191,12.984250477,19000,204.900,293.351,57.939,73.414
26700,-22.950502387,12.876255968,19000,204.900,296.248,57.801,73.362
26760,-22.907304583,12.768261458,19000,204.900,299.146,57.663,73.309
26820,-22.864106780,12.660266949,19000,204.900,302.043,57.525,73.257
26880,-22.820908976,12.552272439,19000,204.900,304.940,57.387,73.204
26940,-22.777711172,12.444277930,19000,204.900,307.838,57.248,73.152
27000,-22.734513368,12.336283421,19000,204.900,310.735,57.110,73.099
27060,-22.691315564,12.228288911,19000,204.900,313.632,56.972,73.047
27120,-22.648117761,12.120294402,19000,204.900,316.530,56.834,72.994
27180,-22.604919957,12.012299892,19000,204.900,319.427,56.696,72.942
27240,-22.561722153,11.904305383,19000,204.900,322.324,56.558,72.889
27300,-22.518524349,11.796310874,19000,204.900,325.222,56.419,72.837
27360,-22.475326546,11.688316364,19000,204.900,328.119,56.281,72.785
27420,-22.432128742,11.580321855,19000,204.900,331.016,56.143,72.732
27480,-22.388930938,11.472327345,19000,204.900,333.914,56.005,72.680
27540,-22.345733134,11.364332836,19000,204.900,336.811,55.867,72.627
27600,-22.302535331,11.256338326,19000,204.900,339.709,55.729,72.575
27660,-22.259337527,11.148343817,19000,204.900,342.606,55.590,72.522
27720,-22.216139723,11.040349308,19000,204.900,345.503,55.452,72.470
27780,-22.172941919,10.932354798,19000,204.900,348.401,55.314,72.417
27840,-22.129744116,10.824360289,19000,204.900,351.298,55.176,72.365
27900,-22.086546312,10.716365779,19000,204.900,354.195,55.038,72.313
27960,-22.043348508,10.608371270,19000,204.900,357.093,54.900,72.260
28020,-22.000150704,10.500376761,19000,204.900,359.990,54.761,72.208
28080,-21.890715340,10.500000000,19000,204.900,360.000,54.504,72.145
28140,-21.781048085,10.500000000,19000,204.900,360.000,54.246,72.083
28200,-21.671380829,10.500000000,19000,204.900,360.000,53.989,72.020
28260,-21.561713573,10.500000000,19000,204.900,360.000,53.731,71.957
28320,-21.452046317,10.500000000,19000,204.900,360.000,53.473,71.895
28380,-21.342379061,10.500000000,19000,204.900,360.000,53.216,71.832
28440,-21.232711805,10.500000000,19000,204.900,360.000,52.958,71.770
28500,-21.123044549,10.500000000,19000,204.900,360.000,52.700,71.707
28560,-21.013377293,10.500000000,19000,204.900,360.000,52.442,71.645
28620,-20.903710037,10.500000000,19000,204.900,360.000,52.185,71.582
28680,-20.794042781,10.500000000,19000,204.900,360.000,51.927,71.520
28740,-20.684375526,10.500000000,19000,204.900,360.000,51.669,71.457
28800,-20.574708270,10.500000000,19000,204.900,360.000,51.412,71.395
28860,-20.465041014,10.500000000,19000,204.900,360.000,51.154,71.332
28920,-20.355373758,10.500000000,19000,204.900,360.000,50.896,71.270
28980,-20.245706502,10.500000000,19000,204.900,360.000,50.638,71.207
29040,-20.136039246,10.500000000,19000,204.900,360.000,50.381,71.144
29100,-20.026371990,10.500000000,19000,204.900,360.000,50.123,71.082
29160,-19.916704734,10.500000000,19000,204.900,360.000,49.865,71.019
29220,-19.807037478,10.500000000,19000,204.900,360.000,49.608,70.957
29280,-19.697370223,10.500000000,19000,204.900,360.000,49.350,70.894
29340,-19.587702967,10.500000000,19000,204.900,360.000,49.092,70.832
29400,-19.478035711,10.500000000,19000,204.900,360.000,48.834,70.769
29460,-19.368368455,10.500000000,19000,204.900,360.000,48.577,70.707
29520,-19.258701199,10.500000000,19000,204.900,360.000,48.319,70.644
29580,-19.149033943,10.500000000,19000,204.900,360.000,48.061,70.582
29640,-19.039366687,10.500000000,19000,204.900,360.000,47.804,70.519
29700,-18.929699431,10.500000000,19000,204.900,360.000,47.546,70.457
29760,-18.820032175,10.500000000,19000,204.900,360.000,47.288,70.394
29820,-18.710364919,10.500000000,19000,204.900,360.000,47.030,70.332
29880,-18.600697664,10.500000000,19000,204.900,360.000,46.773,70.269
29940,-18.491030408,10.500000000,19000,204.900,360.000,46.515,70.206
30000,-18.381363152,10.500000000,19000,204.900,360.000,46.257,70.144
30060,-18.271695896,10.500000000,19000,204.900,360.000,46.000,70.081
30120,-18.162028640,10.500000000,19000,204.900,360.000,45.742,70.019
30180,-18.052361384,10.500000000,19000,204.900,360.000,45.484,69.956
30240,-17.944643305,10.500000000,19000,204.900,357.509,45.224,69.898
30300,-17.838706222,10.500000000,19000,204.900,352.742,44.962,69.843
30360,-17.732769139,10.500000000,19000,204.900,347.975,44.699,69.789
30420,-17.626832057,10.500000000,19000,204.900,343.207,44.437,69.734
30480,-17.520894974,10.500000000,19000,204.900,338.440,44.174,69.679
30540,-17.414957892,10.500000000,19000,204.900,333.673,43.912,69.625
30600,-17.309020809,10.500000000,19000,204.900,328.906,43.650,69.570
30660,-17.203083726,10.500000000,19000,204.900,324.139,43.387,69.516
30720,-17.097146644,10.500000000,19000,204.900,319.372,43.125,69.461
30780,-16.991209561,10.500000000,19000,204.900,314.604,42.863,69.406
30840,-16.885272478,10.500000000,19000,204.900,309.837,42.600,69.352
30900,-16.779335396,10.500000000,19000,204.900,305.070,42.338,69.297
30960,-16.673398313,10.500000000,19000,204.900,300.303,42.075,69.243
31020,-16.567461231,10.500000000,19000,204.900,295.536,41.813,69.188
31080,-16.461524148,10.500000000,19000,204.900,290.769,41.551,69.133
31140,-16.355587065,10.500000000,19000,204.900,286.001,41.288,69.079
31200,-16.249649983,10.500000000,19000,204.900,281.234,41.026,69.024
31260,-16.143712900,10.500000000,19000,204.900,276.467,40.763,68.970
31320,-16.037775818,10.500000000,19000,204.900,271.700,40.501,68.915
31380,-15.931838735,10.500000000,19000,204.900,266.933,40.239,68.860
31440,-15.825901652,10.500000000,19000,204.900,262.166,39.976,68.806
31500,-15.719964570,10.500000000,19000,204.900,257.398,39.714,68.751
31560,-15.614027487,10.500000000,19000,204.900,252.631,39.451,68.697
31620,-15.508090404,10.500000000,19000,204.900,247.864,39.189,68.642
31680,-15.402153322,10.500000000,19000,204.900,243.097,38.927,68.587
31740,-15.296216239,10.500000000,19000,204.900,238.330,38.664,68.533
31800,-15.190279157,10.500000000,19000,204.900,233.563,38.402,68.478
31860,-15.084342074,10.500000000,19000,204.900,228.795,38.140,68.423
31920,-14.978404991,10.500000000,19000,204.900,224.028,37.877,68.369
31980,-14.872467909,10.500000000,19000,204.900,219.261,37.615,68.314
32040,-14.766530826,10.500000000,19000,204.900,214.494,37.352,68.260
32100,-14.660593743,10.500000000,19000,204.900,209.727,37.090,68.205
32160,-14.554656661,10.500000000,19000,204.900,204.960,36.828,68.150
32220,-14.448719578,10.500000000,19000,204.900,200.192,36.565,68.096
32280,-14.342782496,10.500000000,19000,204.900,195.425,36.303,68.041
32340,-14.236845413,10.500000000,19000,204.900,190.658,36.040,67.987
32400,-14.130908330,10.500000000,19000,204.900,185.891,35.778,67.932
32460,-14.024971248,10.500000000,19000,204.900,181.124,35.516,67.877
32520,-14.082655266,10.500000000,19000,204.900,181.855,35.334,67.557
32580,-14.190802830,10.500000000,19000,204.900,184.282,35.177,67.154
32640,-14.298950394,10.500000000,19000,204.900,186.709,35.020,66.751
32700,-14.407097958,10.500000000,19000,204.900,189.136,34.863,66.348
32760,-14.515245521,10.500000000,19000,204.900,191.563,34.706,65.945
32820,-14.623393085,10.500000000,19000,204.900,193.990,34.549,65.542
32880,-14.731540649,10.500000000,19000,204.900,196.417,34.392,65.139
32940,-14.839688212,10.500000000,19000,204.900,198.844,34.235,64.736
33000,-14.947835776,10.500000000,19000,204.900,201.271,34.078,64.333
33060,-15.055983340,10.500000000,19000,204.900,203.698,33.921,63.930
33120,-15.164130904,10.500000000,19000,204.900,206.125,33.764,63.527
33180,-15.272278467,10.500000000,19000,204.900,208.553,33.607,63.124
33240,-15.380426031,10.500000000,19000,204.900,210.980,33.450,62.721
33300,-15.488573595,10.500000000,19000,204.900,213.407,33.293,62.318
33360,-15.596721159,10.500000000,19000,204.900,215.834,33.136,61.915
33420,-15.704868722,10.500000000,19000,204.900,218.261,32.979,61.512
33480,-15.813016286,10.500000000,19000,204.900,220.688,32.822,61.109
33540,-15.921163850,10.500000000,19000,204.900,223.115,32.665,60.706
33600,-16.029311413,10.500000000,19000,204.900,225.542,32.508,60.303
33660,-16.137458977,10.500000000,19000,204.900,227.969,32.351,59.900
33720,-16.245606541,10.500000000,19000,204.900,230.396,32.194,59.497
33780,-16.353754105,10.500000000,19000,204.900,232.823,32.037,59.094
33840,-16.461901668,10.500000000,19000,204.900,235.250,31.880,58.691
33900,-16.570049232,10.500000000,19000,204.900,237.677,31.723,58.288
33960,-16.678196796,10.500000000,19000,204.900,240.104,31.566,57.885
34020,-16.786344360,10.500000000,19000,204.900,242.531,31.409,57.482
34080,-16.894491923,10.500000000,19000,204.900,244.958,31.252,57.079
34140,-17.002639487,10.500000000,19000,204.900,247.385,31.095,56.676
34200,-17.110787051,10.500000000,19000,204.900,249.812,30.938,56.273
34260,-17.218934614,10.500000000,19000,204.900,252.240,30.781,55.870
34320,-17.327082178,10.500000000,19000,204.900,254.667,30.624,55.467
34380,-17.435229742,10.500000000,19000,204.900,257.094,30.467,55.065
34440,-17.543377306,10.500000000,19000,204.900,259.521,30.310,54.662
34500,-17.651524869,10.500000000,19000,204.900,261.948,30.153,54.259
34560,-17.759672433,10.500000000,19000,204.900,264.375,29.996,53.856
34620,-17.867819997,10.500000000,19000,204.900,266.802,29.839,53.453
34680,-17.975967561,10.500000000,19000,204.900,269.229,29.682,53.050
34740,-18.000000000,10.414747448,19000,204.900,274.897,29.565,52.810
34800,-18.000000000,10.305137483,19000,204.900,281.490,29.460,52.617
34860,-18.000000000,10.195527518,19000,204.900,288.084,29.355,52.424
34920,-18.000000000,10.085917553,19000,204.900,294.677,29.250,52.231
34980,-18.000000000,9.976307588,19000,204.900,301.271,29.146,52.038
35040,-18.000000000,9.866697623,19000,204.900,307.864,29.041,51.846
35100,-18.000000000,9.757087658,19000,204.900,314.458,28.936,51.653
35160,-18.000000000,9.647477693,19000,204.900,321.051,28.831,51.460
35220,-18.000000000,9.537867728,19000,204.900,327.645,28.726,51.267
35280,-18.000000000,9.428257763,19000,204.900,334.238,28.621,51.074
35340,-18.000000000,9.318647798,19000,204.900,340.832,28.516,50.881
35400,-18.000000000,9.209037833,19000,204.900,347.425,28.411,50.688
35460,-18.000000000,9.099427868,19000,204.900,354.019,28.306,50.495
35520,-17.990159091,9.000000000,19000,204.900,359.557,28.189,50.293
35580,-17.884222009,9.000000000,19000,204.900,354.790,27.943,50.005
35640,-17.778284926,9.000000000,19000,204.900,350.023,27.698,49.716
35700,-17.672347844,9.000000000,19000,204.900,345.256,27.453,49.427
35760,-17.566410761,9.000000000,19000,204.900,340.488,27.207,49.138
35820,-17.460473678,9.000000000,19000,204.900,335.721,26.962,48.849
35880,-17.354536596,9.000000000,19000,204.900,330.954,26.717,48.561
35940,-17.248599513,9.000000000,19000,204.900,326.187,26.471,48.272
36000,-17.142662431,9.000000000,19000,204.900,321.420,26.226,47.983
36060,-17.036725348,9.000000000,19000,204.900,316.653,25.981,47.694
36120,-16.930788265,9.000000000,19000,204.900,311.885,25.735,47.406
36180,-16.824851183,9.000000000,19000,204.900,307.118,25.490,47.117
36240,-16.718914100,9.000000000,19000,204.900,302.351,25.245,46.828
36300,-16.612977017,9.000000000,19000,204.900,297.584,24.999,46.539
36360,-16.507039935,9.000000000,19000,204.900,292.817,24.754,46.251
36420,-16.401102852,9.000000000,19000,204.900,288.050,24.509,45.962
36480,-16.295165770,9.000000000,19000,204.900,283.282,24.263,45.673
36540,-16.189228687,9.000000000,19000,204.900,278.515,24.018,45.384
36600,-16.083291604,9.000000000,19000,204.900,273.748,23.773,45.096
36660,-15.977354522,9.000000000,19000,204.900,268.981,23.528,44.807
36720,-15.871417439,9.000000000,19000,204.900,264.214,23.282,44.518
36780,-15.765480357,9.000000000,19000,204.900,259.447,23.037,44.229
36840,-15.659543274,9.000000000,19000,204.900,254.679,22.792,43.941
36900,-15.553606191,9.000000000,19000,204.900,249.912,22.546,43.652
36960,-15.447669109,9.000000000,19000,204.900,245.145,22.301,43.363
37020,-15.341732026,9.000000000,19000,204.900,240.378,22.056,43.074
37080,-15.235794943,9.000000000,19000,204.900,235.611,21.810,42.785
37140,-15.129857861,9.000000000,19000,204.900,230.844,21.565,42.497
37200,-15.023920778,9.000000000,19000,204.900,226.076,21.320,42.208
37260,-14.917983696,9.000000000,19000,204.900,221.309,21.074,41.919
37320,-14.812046613,9.000000000,19000,204.900,216.542,20.829,41.630
37380,-14.706109530,9.000000000,19000,204.900,211.775,20.584,41.342
37440,-14.600172448,9.000000000,19000,204.900,207.008,20.338,41.053
37500,-14.494235365,9.000000000,19000,204.900,202.241,20.093,40.764
37560,-14.388298282,9.000000000,19000,204.900,197.473,19.848,40.475
37620,-14.282361200,9.000000000,19000,204.900,192.706,19.602,40.187
37680,-14.176424117,9.000000000,19000,204.900,187.939,19.357,39.898
37740,-14.070487035,9.000000000,19000,204.900,183.172,19.112,39.609
37800,-14.035572792,9.000000000,19000,204.900,181.601,18.949,39.135
37860,-14.141876677,9.000000000,19000,204.900,186.384,18.950,38.291
37920,-14.248180561,9.000000000,19000,204.900,191.168,18.951,37.448
37980,-14.354484446,9.000000000,19000,204.900,195.952,18.952,36.604
38040,-14.460788331,9.000000000,19000,204.900,200.735,18.953,35.761
38100,-14.567092216,9.000000000,19000,204.900,205.519,18.954,34.917
38160,-14.673396100,9.000000000,19000,204.900,210.303,18.955,34.074
38220,-14.779699985,9.000000000,19000,204.900,215.086,18.956,33.230
38280,-14.886003870,9.000000000,19000,204.900,219.870,18.957,32.387
38340,-14.992307754,9.000000000,19000,204.900,224.654,18.957,31.544
38400,-15.098611639,9.000000000,19000,204.900,229.438,18.958,30.700
38460,-15.204915524,9.000000000,19000,204.900,234.221,18.959,29.857
38520,-15.311219408,9.000000000,19000,204.900,239.005,18.960,29.013
38580,-15.417523293,9.000000000,19000,204.900,243.789,18.961,28.170
38640,-15.523827178,9.000000000,19000,204.900,248.572,18.962,27.326
38700,-15.630131062,9.000000000,19000,204.900,253.356,18.963,26.483
38760,-15.736434947,9.000000000,19000,204.900,258.140,18.964,25.639
38820,-15.842738832,9.000000000,19000,204.900,262.923,18.965,24.796
38880,-15.949042717,9.000000000,19000,204.900,267.707,18.966,23.952
38940,-16.055346601,9.000000000,19000,204.900,272.491,18.967,23.109
39000,-16.161650486,9.000000000,19000,204.900,277.274,18.968,22.266
39060,-16.267954371,9.000000000,19000,204.900,282.058,18.969,21.422
