src/Components/missions/ORACLES/Plans/ORACLES-Flt-plan_p3_20170828_RC.ict
43, 1001
pz
NASA Ames Research Center
Simulated flight plan
ORACLES-2017
1,1
2017,08,28,2017,08,28
60
Start_UTC, seconds from midnight UTC, time keeping
7
1,1,1,1,1,1,1
-9999,-9999,-9999,-9999,-9999,-9999,-9999
Latitude, Degrees (North positive), Planned latitude position of the aircraft
Longitude, Degrees (East positive), Planned longitude position of the aircraft
Altitude, meters (above sea level), Planned altitude of the aircraft
speed, meters per second (m/s), Estimated speed of aircraft
Bearing, degrees from north, Direction of travel of the plane per respect to north
SZA, degrees from zenith, Elevation position of the sun in the sky per respect to zenith
AZI, degrees from north, Azimuthal position of the sun in the sky per respect to north
1
Simulated aircraft data interpolated from flight plan waypoints
21
-----------------------------------------------------------------------------
PI_CONTACT_INFO: pz
PLATFORM: p3
LOCATION: N/A
ASSOCIATED_DATA: N/A
INSTRUMENT_INFO: None
DATA_INFO: Compiled with flight planner: moving lines v1.09
UNCERTAINTY: Undefined
ULOD_FLAG: -7777
ULOD_VALUE: N/A
LLOD_FLAG: -8888
LLOD_VALUE: N/A
DM_CONTACT_INFO: Samuel LeBlanc, samuel.leblanc@nasa.gov
PROJECT_INFO: ORACLES-2017
STIPULATIONS_ON_USE: None
OTHER_COMMENTS: N/A
REVISION: RC
RC: Version 3 of the flight plan ict 
  RA: First iteration of the flight plan
-----------------------------------------------------------------------------
Start_UTC,Latitude,Longitude,Altitude,speed,Bearing,SZA,AZI
[from data line 472]
58267,-5.567830609,5.000000000, 3000,123.873,360.000,68.959,287.461
58327,-5.499169534,5.000000000, 3000,124.186,360.000,69.175,287.381
58387,-5.430508459,5.000000000, 3000,124.498,360.000,69.391,287.302
58447,-5.361847384,5.000000000, 3000,124.810,360.000,69.608,287.222
58507,-5.293186310,5.000000000, 3000,125.122,360.000,69.824,287.142
58567,-5.224525235,5.000000000, 3000,125.434,360.000,70.041,287.062
58627,-5.155864160,5.000000000, 3000,125.746,360.000,70.257,286.983
58687,-5.087203086,5.000000000, 3000,126.058,360.000,70.474,286.903
58747,-5.018542011,5.000000000, 3000,126.370,360.000,70.690,286.823
58807,-4.949880936,5.000000000, 3000,126.682,360.000,70.906,286.743
58867,-4.881219862,5.000000000, 3000,126.994,360.000,71.123,286.664
58927,-4.812558787,5.000000000, 3000,127.307,360.000,71.339,286.584
58987,-4.743897712,5.000000000, 3000,127.619,360.000,71.556,286.504
59047,-4.675236638,5.000000000, 3000,127.931,360.000,71.772,286.424
59107,-4.606575563,5.000000000, 3000,128.243,360.000,71.989,286.345
59167,-4.537914488,5.000000000, 3000,128.555,360.000,72.205,286.265
59227,-4.469253414,5.000000000, 3000,128.867,360.000,72.421,286.185
59287,-4.400592339,5.000000000, 3000,129.179,360.000,72.638,286.105
59347,-4.331931264,5.000000000, 3000,129.491,360.000,72.854,286.026
59407,-4.263270190,5.000000000, 3000,129.803,360.000,73.071,285.946
59467,-4.194609115,5.000000000, 3000,130.115,360.000,73.287,285.866
59527,-4.125948040,5.000000000, 3000,130.428,360.000,73.504,285.786
59587,-4.057286966,5.000000000, 3000,130.740,360.000,73.720,285.707
59647,-3.993452593,5.000000000, 3039,131.118,360.000,73.939,285.633
59707,-3.953928444,5.000000000, 3276,131.829,360.000,74.168,285.589
59767,-3.914404294,5.000000000, 3514,132.541,360.000,74.397,285.545
59827,-3.874880144,5.000000000, 3751,133.252,360.000,74.626,285.502
59887,-3.835355995,5.000000000, 3988,133.964,360.000,74.855,285.458
59947,-3.795831845,5.000000000, 4225,134.675,360.000,75.085,285.414
60007,-3.756307696,5.000000000, 4462,135.386,360.000,75.314,285.371
60067,-3.716783546,5.000000000, 4699,136.098,360.000,75.543,285.327
60127,-3.677259396,5.000000000, 4936,136.809,360.000,75.772,285.283
60187,-3.637735247,5.000000000, 5174,137.521,360.000,76.001,285.239
60247,-3.598211097,5.000000000, 5411,138.232,360.000,76.231,285.196
60307,-3.558686948,5.000000000, 5648,138.944,360.000,76.460,285.152
60367,-3.519162798,5.000000000, 5885,139.655,360.000,76.689,285.108
60427,-3.457539833,5.000000000, 6000,140.182,356.573,76.913,285.072
60487,-3.375118880,5.000000000, 6000,140.535,349.921,77.132,285.043
60547,-3.292697927,5.000000000, 6000,140.888,343.269,77.350,285.014
60607,-3.210276974,5.000000000, 6000,141.242,336.617,77.569,284.985
60667,-3.127856021,5.000000000, 6000,141.595,329.965,77.788,284.956
60727,-3.045435068,5.000000000, 6000,141.948,323.313,78.006,284.927
60787,-2.963014115,5.000000000, 6000,142.301,316.661,78.225,284.898
60847,-2.880593162,5.000000000, 6000,142.655,310.009,78.444,284.869
60907,-2.798172209,5.000000000, 6000,143.008,303.357,78.662,284.840
60967,-2.715751255,5.000000000, 6000,143.361,296.704,78.881,284.811
61027,-2.633330302,5.000000000, 6000,143.714,290.052,79.100,284.782
61087,-2.550909349,5.000000000, 6000,144.068,283.400,79.318,284.753
61147,-2.468488396,5.000000000, 6000,144.421,276.748,79.537,284.724
61207,-2.386067443,5.000000000, 6000,144.774,270.096,79.756,284.695
61267,-2.303646490,5.000000000, 6000,145.127,263.444,79.974,284.666
61327,-2.221225537,5.000000000, 6000,145.480,256.792,80.193,284.637
61387,-2.138804584,5.000000000, 6000,145.834,250.140,80.412,284.608
61447,-2.056383631,5.000000000, 6000,146.187,243.488,80.630,284.579
61507,-1.973962678,5.000000000, 6000,146.540,236.836,80.849,284.550
61567,-1.891541725,5.000000000, 6000,146.893,230.184,81.068,284.521
61627,-1.809120772,5.000000000, 6000,147.247,223.532,81.286,284.492
61687,-1.726699819,5.000000000, 6000,147.600,216.880,81.505,284.463
61747,-1.644278866,5.000000000, 6000,147.953,210.227,81.724,284.434
61807,-1.561857912,5.000000000, 6000,148.306,203.575,81.942,284.405
61867,-1.479436959,5.000000000, 6000,148.660,196.923,82.161,284.376
61927,-1.397016006,5.000000000, 6000,149.013,190.271,82.380,284.347
61987,-1.314595053,5.000000000, 6000,149.366,183.619,82.599,284.318
62047,-1.232174100,5.000000000, 6000,149.719,176.967,82.817,284.289
62107,-1.149753147,5.000000000, 6000,150.072,170.315,83.036,284.260
62167,-1.067332194,5.000000000, 6000,150.426,163.663,83.255,284.231
62227,-0.984911241,5.000000000, 6000,150.779,157.011,83.473,284.202
62287,-0.902490288,5.000000000, 6000,151.132,150.359,83.692,284.173
62347,-0.820069335,5.000000000, 6000,151.485,143.707,83.911,284.144
62407,-0.737648382,5.000000000, 6000,151.839,137.055,84.129,284.115
62467,-0.655227429,5.000000000, 6000,152.192,130.403,84.348,284.086
62527,-0.572806476,5.000000000, 6000,152.545,123.751,84.567,284.057
62587,-0.490385522,5.000000000, 6000,152.898,117.098,84.785,284.028
62647,-0.407964569,5.000000000, 6000,153.252,110.446,85.004,283.999
62707,-0.325543616,5.000000000, 6000,153.605,103.794,85.223,283.970
62767,-0.243122663,5.000000000, 6000,153.958,97.142,85.441,283.941
62827,-0.160701710,5.000000000, 6000,154.311,90.490,85.660,283.912
62887,-0.078280757,5.000000000, 6000,154.665,83.838,85.879,283.883
62947,0.000647378,5.002925485, 5990,154.924,77.828,86.100,283.856
63007,0.013535051,5.061164571, 5789,153.413,83.966,86.380,283.857
63067,0.026422725,5.119403657, 5587,151.901,90.103,86.659,283.859
63127,0.039310399,5.177642744, 5386,150.389,96.240,86.939,283.861
63187,0.052198072,5.235881830, 5185,148.878,102.377,87.218,283.863
63247,0.065085746,5.294120917, 4983,147.366,108.514,87.498,283.864
63307,0.077973420,5.352360003, 4782,145.855,114.651,87.777,283.866
63367,0.090861093,5.410599090, 4581,144.343,120.788,88.057,283.868
63427,0.103748767,5.468838176, 4379,142.832,126.925,88.336,283.870
63487,0.116636441,5.527077262, 4178,141.320,133.062,88.616,283.871
63547,0.129524114,5.585316349, 3977,139.809,139.199,88.895,283.873
63607,0.142411788,5.643555435, 3775,138.297,145.336,89.175,283.875
63667,0.155299461,5.701794522, 3574,136.785,151.473,89.454,283.877
63727,0.168187135,5.760033608, 3373,135.274,157.611,89.733,283.878
63787,0.181074809,5.818272695, 3171,133.762,163.748,90.013,283.880
63847,0.193962482,5.876511781, 2970,132.251,169.885,90.292,283.882
63907,0.206850156,5.934750868, 2769,130.739,176.022,90.572,283.884
63967,0.219737830,5.992989954, 2567,129.228,182.159,90.851,283.885
64027,0.232625503,6.051229040, 2366,127.716,188.296,91.131,283.887
64087,0.245513177,6.109468127, 2165,126.205,194.433,91.410,283.889
64147,0.258400851,6.167707213, 1963,124.693,200.570,91.690,283.891
64207,0.271288524,6.225946300, 1762,123.182,206.707,91.969,283.892
64267,0.284176198,6.284185386, 1561,121.670,212.844,92.249,283.894
64327,0.297063871,6.342424473, 1359,120.158,218.981,92.528,283.896
64387,0.309951545,6.400663559, 1158,118.647,225.118,92.808,283.898
64447,0.322839219,6.458902645,  957,117.135,231.256,93.087,283.899
64507,0.335726892,6.517141732,  755,115.624,237.393,93.367,283.901
64567,0.348614566,6.575380818,  554,114.112,243.530,93.646,283.903
64627,0.361502240,6.633619905,  353,112.601,249.667,93.925,283.904
64687,0.374389913,6.691858991,  151,111.089,255.804,94.205,283.906
