src/Components/missions/ORACLES/Plans/ORACLES-Flt-plan_p3_20170902_RA.ict
42, 1001
sarahdoherty
NASA Ames Research Center
Simulated flight plan
ORACLES-2017
1,1
2017,09,02,2017,09,02
60
Start_UTC, seconds from midnight UTC, time keeping
7
1,1,1,1,1,1,1
-9999,-9999,-9999,-9999,-9999,-9999,-9999
Latitude, Degrees (North positive), Planned latitude position of the aircraft
Longitude, Degrees (East positive), Planned longitude position of the aircraft
Altitude, meters (above sea level), Planned altitude of the aircraft
speed, meters per second (m/s), Estimated speed of aircraft
Bearing, degrees from north, Direction of travel of the plane per respect to north
SZA, degrees from zenith, Elevation position of the sun in the sky per respect to zenith
AZI, degrees from north, Azimuthal position of the sun in the sky per respect to north
1
Simulated aircraft data interpolated from flight plan waypoints
20
-----------------------------------------------------------------------------
PI_CONTACT_INFO: sarahdoherty
PLATFORM: p3
LOCATION: N/A
ASSOCIATED_DATA: N/A
INSTRUMENT_INFO: None
DATA_INFO: Compiled with flight planner: moving lines v1.2
UNCERTAINTY: Undefined
ULOD_FLAG: -7777
ULOD_VALUE: N/A
LLOD_FLAG: -8888
LLOD_VALUE: N/A
DM_CONTACT_INFO: Samuel LeBlanc, samuel.leblanc@nasa.gov
PROJECT_INFO: ORACLES-2017
STIPULATIONS_ON_USE: None
OTHER_COMMENTS: N/A
REVISION: RA
RA: First iteration of the flight plan
-----------------------------------------------------------------------------
Start_UTC,Latitude,Longitude,Altitude,speed,Bearing,SZA,AZI
[from data line 239]
39540,-5.000000000,-4.438618411, 1829,123.716,269.627,23.423,56.332
39600,-5.000000000,-4.505550575, 1829,123.716,269.624,23.261,56.152
39660,-5.000000000,-4.572482739, 1829,123.716,269.622,23.100,55.973
39720,-5.000000000,-4.639414904, 1829,123.716,269.620,22.938,55.793
39780,-5.000000000,-4.706347068, 1829,123.716,269.617,22.777,55.614
39840,-5.000000000,-4.773279232, 1829,123.716,269.615,22.615,55.434
39900,-5.000000000,-4.840211397, 1829,123.716,269.613,22.454,55.255
39960,-5.000000000,-4.907143561, 1829,123.716,269.610,22.292,55.075
40020,-5.000000000,-4.974075725, 1829,123.716,269.608,22.131,54.896
40080,-5.000000000,-5.040796394, 1829,123.716,269.236,22.033,56.083
40140,-5.000000000,-5.107383361, 1829,123.716,268.630,21.976,58.135
40200,-5.000000000,-5.173970327, 1829,123.716,268.024,21.920,60.186
40260,-5.000000000,-5.240557293, 1829,123.716,267.418,21.863,62.238
40320,-5.000000000,-5.307144260, 1829,123.716,266.812,21.806,64.289
40380,-5.000000000,-5.373731226, 1829,123.716,266.206,21.749,66.341
40440,-5.000000000,-5.440318192, 1829,123.716,265.600,21.692,68.392
40500,-5.000000000,-5.506905159, 1829,123.716,264.994,21.635,70.444
40560,-5.000000000,-5.573492125, 1829,123.716,264.387,21.578,72.495
40620,-5.000000000,-5.640079091, 1829,123.716,263.781,21.521,74.547
40680,-5.000000000,-5.706666058, 1829,123.716,263.175,21.465,76.598
40740,-5.000000000,-5.773253024, 1829,123.716,262.569,21.408,78.650
40800,-5.000000000,-5.839839990, 1829,123.716,261.963,21.351,80.701
40860,-5.000000000,-5.906426956, 1829,123.716,261.357,21.294,82.753
40920,-5.000000000,-5.973013923, 1829,123.716,260.751,21.237,84.804
40980,-5.000000000,-6.039600889, 1829,123.716,260.145,21.180,86.855
41040,-5.000000000,-6.106187855, 1829,123.716,259.539,21.123,88.907
41100,-5.000000000,-6.172774822, 1829,123.716,258.933,21.066,90.958
41160,-5.000000000,-6.239361788, 1829,123.716,258.327,21.009,93.010
41220,-5.000000000,-6.305948754, 1829,123.716,257.721,20.953,95.061
41280,-5.000000000,-6.372535721, 1829,123.716,257.115,20.896,97.113
41340,-5.000000000,-6.439122687, 1829,123.716,256.509,20.839,99.164
41400,-5.000000000,-6.505709653, 1829,123.716,255.903,20.782,101.216
41460,-5.000000000,-6.572296620, 1829,123.716,255.297,20.725,103.267
41520,-5.000000000,-6.638883586, 1829,123.716,254.691,20.668,105.319
41580,-5.000000000,-6.705470552, 1829,123.716,254.085,20.611,107.370
41640,-5.000000000,-6.772057519, 1829,123.716,253.479,20.554,109.422
41700,-5.000000000,-6.838644485, 1829,123.716,252.873,20.498,111.473
41760,-5.000000000,-6.905231451, 1829,123.716,252.267,20.441,113.525
41820,-5.000000000,-6.971818418, 1829,123.716,251.661,20.384,115.576
41880,-5.000000000,-7.038405384, 1829,123.716,251.055,20.327,117.628
41940,-5.000000000,-7.104992350, 1829,123.716,250.449,20.270,119.679
42000,-5.000000000,-7.171579317, 1829,123.716,249.843,20.213,121.731
42060,-5.000000000,-7.238166283, 1829,123.716,249.237,20.156,123.782
42120,-5.000000000,-7.304753249, 1829,123.716,248.631,20.099,125.833
42180,-5.000000000,-7.371340216, 1829,123.716,248.025,20.043,127.885
42240,-5.000000000,-7.437927182, 1829,123.716,247.419,19.986,129.936
42300,-5.000000000,-7.504514148, 1829,123.716,246.813,19.929,131.988
42360,-5.000000000,-7.571101115, 1829,123.716,246.207,19.872,134.039
42420,-5.000000000,-7.637688081, 1829,123.716,245.601,19.815,136.091
42480,-5.000000000,-7.704275047, 1829,123.716,244.995,19.758,138.142
42540,-5.000000000,-7.770862014, 1829,123.716,244.389,19.701,140.194
42600,-5.000000000,-7.837448980, 1829,123.716,243.783,19.644,142.245
42660,-5.000000000,-7.904035946, 1829,123.716,243.177,19.588,144.297
42720,-5.000000000,-7.970622912, 1829,123.716,242.571,19.531,146.348
42780,-5.000000000,-8.037209879, 1829,123.716,241.965,19.474,148.400
42840,-5.000000000,-8.103796845, 1829,123.716,241.359,19.417,150.451
42900,-5.000000000,-8.170383811, 1829,123.716,240.752,19.360,152.503
42960,-5.000000000,-8.236970778, 1829,123.716,240.146,19.303,154.554
43020,-5.000000000,-8.303557744, 1829,123.716,239.540,19.246,156.606
43080,-5.000000000,-8.370144710, 1829,123.716,238.934,19.189,158.657
43140,-5.000000000,-8.436731677, 1829,123.716,238.328,19.132,160.709
43200,-5.000000000,-8.503318643, 1829,123.716,237.722,19.076,162.760
43260,-5.000000000,-8.569905609, 1829,123.716,237.116,19.019,164.811
43320,-5.000000000,-8.636492576, 1829,123.716,236.510,18.962,166.863
43380,-5.000000000,-8.703079542, 1829,123.716,235.904,18.905,168.914
43440,-5.000000000,-8.769666508, 1829,123.716,235.298,18.848,170.966
43500,-5.000000000,-8.836253475, 1829,123.716,234.692,18.791,173.017
43560,-5.000000000,-8.902840441, 1829,123.716,234.086,18.734,175.069
43620,-5.000000000,-8.969427407, 1829,123.716,233.480,18.677,177.120
43680,-5.000000000,-9.036014374, 1829,123.716,232.874,18.621,179.172
43740,-5.000000000,-9.102601340, 1829,123.716,232.268,18.564,181.223
43800,-5.000000000,-9.169188306, 1829,123.716,231.662,18.507,183.275
43860,-5.000000000,-9.235775273, 1829,123.716,231.056,18.450,185.326
43920,-5.000000000,-9.302362239, 1829,123.716,230.450,18.393,187.378
43980,-5.000000000,-9.368949205, 1829,123.716,229.844,18.336,189.429
44040,-5.000000000,-9.435536172, 1829,123.716,229.238,18.279,191.481
44100,-5.000000000,-9.502123138, 1829,123.716,228.632,18.222,193.532
44160,-5.000000000,-9.568710104, 1829,123.716,228.026,18.166,195.584
44220,-5.000000000,-9.635297071, 1829,123.716,227.420,18.109,197.635
44280,-5.000000000,-9.701884037, 1829,123.716,226.814,18.052,199.687
44340,-5.000000000,-9.768471003, 1829,123.716,226.208,17.995,201.738
44400,-5.000000000,-9.835057970, 1829,123.716,225.602,17.938,203.789
44460,-5.000000000,-9.901644936, 1829,123.716,224.996,17.881,205.841
44520,-5.000000000,-9.968231902, 1829,123.716,224.390,17.824,207.892
44580,-5.000000000,-10.034818868, 1829,123.716,223.784,17.767,209.944
44640,-5.000000000,-10.101405835, 1829,123.716,223.178,17.711,211.995
44700,-5.000000000,-10.167992801, 1829,123.716,222.572,17.654,214.047
44760,-5.000000000,-10.234579767, 1829,123.716,221.966,17.597,216.098
44820,-5.000000000,-10.301166734, 1829,123.716,221.360,17.540,218.150
44880,-5.000000000,-10.367753700, 1829,123.716,220.754,17.483,220.201
44940,-5.000000000,-10.434340666, 1829,123.716,220.148,17.426,222.253
45000,-5.000000000,-10.500927633, 1829,123.716,219.542,17.369,224.304
45060,-5.000000000,-10.567514599, 1829,123.716,218.936,17.312,226.356
45120,-5.000000000,-10.634101565, 1829,123.716,218.330,17.255,228.407
45180,-5.000000000,-10.700688532, 1829,123.716,217.723,17.199,230.459
45240,-5.000000000,-10.767275498, 1829,123.716,217.117,17.142,232.510
45300,-5.000000000,-10.833862464, 1829,123.716,216.511,17.085,234.562
45360,-5.000000000,-10.900449431, 1829,123.716,215.905,17.028,236.613
45420,-5.000000000,-10.967036397, 1829,123.716,215.299,16.971,238.665
45480,-5.000000000,-11.033623363, 1829,123.716,214.693,16.914,240.716
45540,-5.000000000,-11.100210330, 1829,123.716,214.087,16.857,242.767
45600,-5.000000000,-11.166797296, 1829,123.716,213.481,16.800,244.819
45660,-5.000000000,-11.233384262, 1829,123.716,212.875,16.744,246.870
45720,-5.000000000,-11.299971229, 1829,123.716,212.269,16.687,248.922
45780,-5.000000000,-11.366558195, 1829,123.716,211.663,16.630,250.973
45840,-5.000000000,-11.433145161, 1829,123.716,211.057,16.573,253.025
45900,-5.000000000,-11.499732128, 1829,123.716,210.451,16.516,255.076
45960,-5.000000000,-11.566319094, 1829,123.716,209.845,16.459,257.128
46020,-5.000000000,-11.632906060, 1829,123.716,209.239,16.402,259.179
46080,-5.000000000,-11.699493027, 1829,123.716,208.633,16.345,261.231
46140,-5.000000000,-11.766079993, 1829,123.716,208.027,16.289,263.282
46200,-5.000000000,-11.832666959, 1829,123.716,207.421,16.232,265.334
46260,-5.000000000,-11.899253926, 1829,123.716,206.815,16.175,267.385
46320,-5.000000000,-11.965840892, 1829,123.716,206.209,16.118,269.437
46380,-5.000000000,-12.032427858, 1829,123.716,205.603,16.061,271.488
46440,-5.000000000,-12.099014825, 1829,123.716,204.997,16.004,273.540
46500,-5.000000000,-12.165601791, 1829,123.716,204.391,15.947,275.591
46560,-5.000000000,-12.232188757, 1829,123.716,203.785,15.890,277.643
46620,-5.000000000,-12.298775723, 1829,123.716,203.179,15.834,279.694
46680,-5.000000000,-12.365362690, 1829,123.716,202.573,15.777,281.745
46740,-5.000000000,-12.431949656, 1829,123.716,201.967,15.720,283.797
46800,-5.000000000,-12.498536622, 1829,123.716,201.361,15.663,285.848
46860,-5.000000000,-12.565123589, 1829,123.716,200.755,15.606,287.900
46920,-5.000000000,-12.631710555, 1829,123.716,200.149,15.549,289.951
46980,-5.000000000,-12.698297521, 1829,123.716,199.543,15.492,292.003
47040,-5.000000000,-12.764884488, 1829,123.716,198.937,15.435,294.054
47100,-5.000000000,-12.831471454, 1829,123.716,198.331,15.378,296.106
47160,-5.000000000,-12.898058420, 1829,123.716,197.725,15.322,298.157
47220,-5.000000000,-12.964645387, 1829,123.716,197.119,15.265,300.209
47280,-5.000000000,-13.031232353, 1829,123.716,196.513,15.208,302.260
47340,-5.000000000,-13.097819319, 1829,123.716,195.907,15.151,304.312
47400,-5.000000000,-13.164406286, 1829,123.716,195.301,15.094,306.363
47460,-5.000000000,-13.230993252, 1829,123.716,194.694,15.037,308.415
47520,-5.000000000,-13.297580218, 1829,123.716,194.088,14.980,310.466
47580,-5.000000000,-13.364167185, 1829,123.716,193.482,14.923,312.518
47640,-5.000000000,-13.430754151, 1829,123.716,192.876,14.867,314.569
47700,-5.000000000,-13.497341117, 1829,123.716,192.270,14.810,316.621
47760,-5.000000000,-13.563928084, 1829,123.716,191.664,14.753,318.672
47820,-5.000000000,-13.630515050, 1829,123.716,191.058,14.696,320.723
47880,-5.000000000,-13.697102016, 1829,123.716,190.452,14.639,322.775
47940,-5.000000000,-13.763688983, 1829,123.716,189.846,14.582,324.826
48000,-5.000000000,-13.830275949, 1829,123.716,189.240,14.525,326.878
48060,-5.000000000,-13.896862915, 1829,123.716,188.634,14.468,328.929
48120,-5.000000000,-13.963449882, 1829,123.716,188.028,14.412,330.981
48180,-5.026674350,-14.003637825, 1813,123.598,187.696,14.471,331.901
48240,-5.085807188,-14.011702310, 1778,123.336,187.697,14.672,331.445
48300,-5.144940026,-14.019766795, 1743,123.073,187.698,14.873,330.989
48360,-5.204072864,-14.027831280, 1708,122.811,187.699,15.074,330.533
48420,-5.263205702,-14.035895766, 1673,122.549,187.700,15.275,330.077
48480,-5.322338540,-14.043960251, 1638,122.287,187.701,15.477,329.621
48540,-5.381471378,-14.052024736, 1603,122.025,187.701,15.678,329.165
48600,-5.440604215,-14.060089221, 1568,121.763,187.702,15.879,328.709
48660,-5.499737053,-14.068153707, 1533,121.500,187.703,16.080,328.253
48720,-5.558869891,-14.076218192, 1498,121.238,187.704,16.281,327.797
48780,-5.618002729,-14.084282677, 1463,120.976,187.705,16.482,327.341
48840,-5.677135567,-14.092347162, 1429,120.714,187.706,16.683,326.885
48900,-5.736268405,-14.100411647, 1394,120.452,187.707,16.884,326.429
48960,-5.795401243,-14.108476133, 1359,120.190,187.708,17.085,325.973
49020,-5.854534081,-14.116540618, 1324,119.927,187.709,17.286,325.517
49080,-5.913666919,-14.124605103, 1289,119.665,187.710,17.488,325.061
49140,-5.972799757,-14.132669588, 1254,119.403,187.711,17.689,324.605
49200,-6.031932594,-14.140734074, 1219,119.141,187.711,17.890,324.149
49260,-6.091065432,-14.148798559, 1184,118.879,187.712,18.091,323.693
49320,-6.150198270,-14.156863044, 1149,118.617,187.713,18.292,323.237
49380,-6.209331108,-14.164927529, 1114,118.354,187.714,18.493,322.781
49440,-6.268463946,-14.172992014, 1079,118.092,187.715,18.694,322.325
49500,-6.327596784,-14.181056500, 1044,117.830,187.716,18.895,321.869
49560,-6.386729622,-14.189120985, 1009,117.568,187.717,19.096,321.413
49620,-6.445862460,-14.197185470,  974,117.306,187.718,19.298,320.957
49680,-6.504995298,-14.205249955,  939,117.044,187.719,19.499,320.501
49740,-6.564128136,-14.213314441,  904,116.781,187.720,19.700,320.045
49800,-6.623260973,-14.221378926,  869,116.519,187.720,19.901,319.589
49860,-6.682393811,-14.229443411,  834,116.257,187.721,20.102,319.133
49920,-6.741526649,-14.237507896,  799,115.995,187.722,20.303,318.677
49980,-6.800659487,-14.245572381,  764,115.733,187.723,20.504,318.221
50040,-6.859792325,-14.253636867,  729,115.471,187.724,20.705,317.765
50100,-6.918925163,-14.261701352,  694,115.208,187.725,20.906,317.309
50160,-6.978058001,-14.269765837,  659,114.946,187.726,21.107,316.853
50220,-7.037190839,-14.277830322,  625,114.684,187.727,21.309,316.397
50280,-7.096323677,-14.285894808,  590,114.422,187.728,21.510,315.941
50340,-7.155456515,-14.293959293,  555,114.160,187.729,21.711,315.485
50400,-7.214589352,-14.302023778,  520,113.898,187.730,21.912,315.029
50460,-7.273722190,-14.310088263,  485,113.635,187.730,22.113,314.573
50520,-7.332855028,-14.318152748,  450,113.373,187.731,22.314,314.117
50580,-7.391987866,-14.326217234,  415,113.111,187.732,22.515,313.661
50640,-7.451120704,-14.334281719,  380,112.849,187.733,22.716,313.205
50700,-7.510253542,-14.342346204,  345,112.587,187.734,22.917,312.749
50760,-7.569386380,-14.350410689,  310,112.325,187.735,23.119,312.293
50820,-7.628519218,-14.358475175,  275,112.062,187.736,23.320,311.837
50880,-7.687652056,-14.366539660,  240,111.800,187.737,23.521,311.381
50940,-7.746784894,-14.374604145,  205,111.538,187.738,23.722,310.925
51000,-7.805917731,-14.382668630,  170,111.276,187.739,23.923,310.469
51060,-7.865050569,-14.390733115,  135,111.014,187.740,24.124,310.013
51120,-7.924183407,-14.398797601,  100,110.752,187.740,24.325,309.557
