src/Components/missions/ORACLES/Plans/ORACLES-Flt-plan_p3_20170821_RA.ict
42, 1001
sarahdoherty
NASA Ames Research Center
Simulated flight plan
ORACLES-2017
1,1
2017,08,21,2017,08,21
60
Start_UTC, seconds from midnight UTC, time keeping
7
1,1,1,1,1,1,1
-9999,-9999,-9999,-9999,-9999,-9999,-9999
Latitude, Degrees (North positive), Planned latitude position of the aircraft
Longitude, Degrees (East positive), Planned longitude position of the aircraft
Altitude, meters (above sea level), Planned altitude of the aircraft
speed, meters per second (m/s), Estimated speed of aircraft
Bearing, degrees from north, Direction of travel of the plane per respect to north
SZA, degrees from zenith, Elevation position of the sun in the sky per respect to zenith
AZI, degrees from north, Azimuthal position of the sun in the sky per respect to north
1
Simulated aircraft data interpolated from flight plan waypoints
20
-----------------------------------------------------------------------------
PI_CONTACT_INFO: sarahdoherty
PLATFORM: p3
LOCATION: N/A
ASSOCIATED_DATA: N/A
INSTRUMENT_INFO: None
DATA_INFO: Compiled with flight planner: moving lines v1.2
UNCERTAINTY: Undefined
ULOD_FLAG: -7777
ULOD_VALUE: N/A
LLOD_FLAG: -8888
LLOD_VALUE: N/A
DM_CONTACT_INFO: Samuel LeBlanc, samuel.leblanc@nasa.gov
PROJECT_INFO: ORACLES-2017
STIPULATIONS_ON_USE: None
OTHER_COMMENTS: N/A
REVISION: RA
RA: First iteration of the flight plan
-----------------------------------------------------------------------------
Start_UTC,Latitude,Longitude,Altitude,speed,Bearing,SZA,AZI
36000,-7.933330000,-14.400000000,   95,150.000,99.581,49.114,66.565
36060,-7.938123874,-14.371238195,  395,148.346,98.915,48.865,66.417
36120,-7.942917748,-14.342476389,  695,146.693,98.249,48.616,66.270
36180,-7.947711622,-14.313714584,  995,145.039,97.583,48.367,66.122
36240,-7.952505496,-14.284952779, 1295,143.386,96.917,48.117,65.975
36300,-7.957299369,-14.256190974, 1595,141.732,96.252,47.868,65.827
36360,-7.962093243,-14.227429168, 1895,140.079,95.586,47.619,65.680
36420,-7.966887117,-14.198667363, 2195,138.425,94.920,47.370,65.532
36480,-7.971680991,-14.169905558, 2495,136.772,94.254,47.120,65.385
36540,-7.976474865,-14.141143753, 2795,135.118,93.588,46.871,65.237
36600,-7.981268739,-14.112381947, 3095,133.465,92.922,46.622,65.090
36660,-7.986062613,-14.083620142, 3395,131.811,92.256,46.373,64.942
36720,-7.990856487,-14.054858337, 3695,130.158,91.590,46.124,64.795
36780,-7.995650361,-14.026096532, 3995,128.504,90.924,45.874,64.647
36840,-8.000000000,-13.993363572, 4268,127.011,90.320,45.624,64.487
36900,-8.000000000,-13.921747793, 4278,127.082,90.316,45.359,64.199
36960,-8.000000000,-13.850132014, 4287,127.153,90.312,45.094,63.911
37020,-8.000000000,-13.778516235, 4297,127.224,90.308,44.828,63.624
37080,-8.000000000,-13.706900456, 4306,127.295,90.304,44.563,63.336
37140,-8.000000000,-13.635284678, 4316,127.366,90.300,44.298,63.048
37200,-8.000000000,-13.563668899, 4325,127.438,90.296,44.033,62.760
37260,-8.000000000,-13.492053120, 4335,127.509,90.293,43.768,62.472
37320,-8.000000000,-13.420437341, 4344,127.580,90.289,43.503,62.185
37380,-8.000000000,-13.348821562, 4353,127.651,90.285,43.238,61.897
37440,-8.000000000,-13.277205783, 4363,127.722,90.281,42.973,61.609
37500,-8.000000000,-13.205590004, 4372,127.794,90.277,42.708,61.321
37560,-8.000000000,-13.133974226, 4382,127.865,90.273,42.443,61.034
37620,-8.000000000,-13.062358447, 4391,127.936,90.269,42.177,60.746
37680,-8.000000000,-12.990742668, 4401,128.007,90.265,41.912,60.458
37740,-8.000000000,-12.919126889, 4410,128.078,90.261,41.647,60.170
37800,-8.000000000,-12.847511110, 4420,128.149,90.257,41.382,59.883
37860,-8.000000000,-12.775895331, 4429,128.221,90.254,41.117,59.595
37920,-8.000000000,-12.704279553, 4439,128.292,90.250,40.852,59.307
37980,-8.000000000,-12.632663774, 4448,128.363,90.246,40.587,59.019
38040,-8.000000000,-12.561047995, 4458,128.434,90.242,40.322,58.732
38100,-8.000000000,-12.489432216, 4467,128.505,90.238,40.057,58.444
38160,-8.000000000,-12.417816437, 4477,128.577,90.234,39.792,58.156
38220,-8.000000000,-12.346200658, 4486,128.648,90.230,39.526,57.868
38280,-8.000000000,-12.274584879, 4496,128.719,90.226,39.261,57.580
38340,-8.000000000,-12.202969101, 4505,128.790,90.222,38.996,57.293
38400,-8.000000000,-12.131353322, 4515,128.861,90.218,38.731,57.005
38460,-8.000000000,-12.059737543, 4524,128.932,90.215,38.466,56.717
38520,-8.000000000,-11.988121764, 4534,129.004,90.211,38.201,56.429
38580,-8.000000000,-11.916505985, 4543,129.075,90.207,37.936,56.142
38640,-8.000000000,-11.844890206, 4553,129.146,90.203,37.671,55.854
38700,-8.000000000,-11.773274427, 4562,129.217,90.199,37.406,55.566
38760,-8.000000000,-11.701658649, 4572,129.288,90.195,37.141,55.278
38820,-8.000000000,-11.630042870, 4581,129.360,90.191,36.875,54.991
38880,-8.000000000,-11.558427091, 4591,129.431,90.187,36.610,54.703
38940,-8.000000000,-11.486811312, 4600,129.502,90.183,36.345,54.415
39000,-8.000000000,-11.415195533, 4610,129.573,90.179,36.080,54.127
39060,-8.000000000,-11.343579754, 4619,129.644,90.176,35.815,53.839
39120,-8.000000000,-11.271963975, 4629,129.715,90.172,35.550,53.552
39180,-8.000000000,-11.200348197, 4638,129.787,90.168,35.285,53.264
39240,-8.000000000,-11.128732418, 4648,129.858,90.164,35.020,52.976
39300,-8.000000000,-11.057116639, 4657,129.929,90.160,34.755,52.688
39360,-8.000000000,-10.985500860, 4667,130.000,90.156,34.490,52.401
39420,-8.000000000,-10.913885081, 4676,130.071,90.152,34.225,52.113
39480,-8.000000000,-10.842269302, 4686,130.143,90.148,33.959,51.825
39540,-8.000000000,-10.770653523, 4695,130.214,90.144,33.694,51.537
39600,-8.000000000,-10.699037745, 4705,130.285,90.140,33.429,51.250
39660,-8.000000000,-10.627421966, 4714,130.356,90.136,33.164,50.962
39720,-8.000000000,-10.555806187, 4724,130.427,90.133,32.899,50.674
39780,-8.000000000,-10.484190408, 4733,130.498,90.129,32.634,50.386
39840,-8.000000000,-10.412574629, 4743,130.570,90.125,32.369,50.099
39900,-8.000000000,-10.340958850, 4752,130.641,90.121,32.104,49.811
39960,-8.000000000,-10.269343071, 4762,130.712,90.117,31.839,49.523
40020,-8.000000000,-10.197727293, 4771,130.783,90.113,31.574,49.235
40080,-8.000000000,-10.126111514, 4781,130.854,90.109,31.308,48.947
40140,-8.000000000,-10.054495735, 4790,130.925,90.105,31.043,48.660
40200,-8.000000000,-9.982879956, 4800,130.997,90.101,30.778,48.372
40260,-8.000000000,-9.911264177, 4809,131.068,90.097,30.513,48.084
40320,-8.000000000,-9.839648398, 4819,131.139,90.094,30.248,47.796
40380,-8.000000000,-9.768032619, 4828,131.210,90.090,29.983,47.509
40440,-8.000000000,-9.696416841, 4838,131.281,90.086,29.718,47.221
40500,-8.000000000,-9.624801062, 4847,131.353,90.082,29.453,46.933
40560,-8.000000000,-9.553185283, 4856,131.424,90.078,29.188,46.645
40620,-8.000000000,-9.481569504, 4866,131.495,90.074,28.923,46.358
40680,-8.000000000,-9.409953725, 4875,131.566,90.070,28.657,46.070
40740,-8.000000000,-9.348235362, 4628,130.483,90.070,28.443,45.605
40800,-8.000000000,-9.288114677, 4338,129.213,90.070,28.238,45.111
40860,-8.000000000,-9.227993992, 4048,127.943,90.070,28.032,44.618
40920,-8.000000000,-9.167873307, 3759,126.674,90.070,27.826,44.124
40980,-8.000000000,-9.107752622, 3469,125.404,90.070,27.620,43.630
41040,-8.000000000,-9.047631937, 3180,124.134,90.070,27.414,43.137
41100,-8.000000000,-8.987511252, 2890,122.865,90.070,27.208,42.643
41160,-8.000000000,-8.927390567, 2601,121.595,90.070,27.002,42.150
41220,-8.000000000,-8.867269882, 2311,120.325,90.070,26.797,41.656
41280,-8.000000000,-8.807149197, 2022,119.056,90.070,26.591,41.162
41340,-8.000000000,-8.747028512, 1732,117.786,90.070,26.385,40.669
41400,-8.000000000,-8.686907827, 1443,116.516,90.070,26.179,40.175
41460,-8.000000000,-8.626787142, 1153,115.247,90.070,25.973,39.682
41520,-8.000000000,-8.566666457,  864,113.977,90.070,25.767,39.188
41580,-8.000000000,-8.506545772,  574,112.707,90.070,25.562,38.694
41640,-8.000000000,-8.446425087,  285,111.438,90.070,25.356,38.201
41700,-8.000000000,-8.386304402,   61,110.457,90.069,25.159,37.676
41760,-8.000000000,-8.326183717,   61,110.457,90.066,24.993,37.046
41820,-8.000000000,-8.266063032,   61,110.457,90.063,24.827,36.416
41880,-8.000000000,-8.205942347,   61,110.457,90.060,24.660,35.785
41940,-8.000000000,-8.145821662,   61,110.457,90.057,24.494,35.155
42000,-8.000000000,-8.085700977,   61,110.457,90.054,24.328,34.525
42060,-8.000000000,-8.025580292,   61,110.457,90.051,24.162,33.895
42120,-8.000000000,-7.965459607,   61,110.457,90.048,23.995,33.264
42180,-8.000000000,-7.905338922,   61,110.457,90.045,23.829,32.634
42240,-8.000000000,-7.845218237,   61,110.457,90.043,23.663,32.004
42300,-8.000000000,-7.785097552,   61,110.457,90.040,23.497,31.374
42360,-8.000000000,-7.724976867,   61,110.457,90.037,23.331,30.743
42420,-8.000000000,-7.664856182,   61,110.457,90.034,23.164,30.113
42480,-8.000000000,-7.604735497,   61,110.457,90.031,22.998,29.483
42540,-8.000000000,-7.544614812,   61,110.457,90.028,22.832,28.853
42600,-8.000000000,-7.484494127,   61,110.457,90.025,22.666,28.223
42660,-8.000000000,-7.424373442,   61,110.457,90.022,22.500,27.592
42720,-8.000000000,-7.365556087,  229,109.995,90.026,22.354,26.908
42780,-8.000000000,-7.307627377,  511,109.217,90.036,22.223,26.186
42840,-8.000000000,-7.249698668,  794,108.440,90.045,22.091,25.465
42900,-8.000000000,-7.191769958, 1076,107.662,90.055,21.960,24.744
42960,-8.000000000,-7.133841248, 1359,106.884,90.064,21.828,24.022
43020,-8.000000000,-7.072517701, 1524,106.842,90.068,21.712,23.259
43080,-8.000000000,-7.006424637, 1524,107.834,90.065,21.618,22.438
43140,-8.000000000,-6.940331573, 1524,108.825,90.062,21.524,21.616
43200,-8.000000000,-6.874238509, 1524,109.816,90.059,21.429,20.794
43260,-8.000000000,-6.808145445, 1524,110.808,90.055,21.335,19.973
43320,-8.000000000,-6.742052382, 1524,111.799,90.052,21.241,19.151
43380,-8.000000000,-6.675959318, 1524,112.791,90.049,21.147,18.330
43440,-8.000000000,-6.609866254, 1524,113.782,90.046,21.053,17.508
43500,-8.000000000,-6.543773190, 1524,114.773,90.042,20.958,16.687
43560,-8.000000000,-6.477680126, 1524,115.765,90.039,20.864,15.865
43620,-8.000000000,-6.411587062, 1524,116.756,90.036,20.770,15.043
43680,-8.000000000,-6.345493998, 1524,117.748,90.033,20.676,14.222
43740,-8.000000000,-6.279400934, 1524,118.739,90.030,20.582,13.400
43800,-8.000000000,-6.213307870, 1524,119.730,90.026,20.487,12.579
43860,-8.000000000,-6.147214806, 1524,120.722,90.023,20.393,11.757
43920,-8.000000000,-6.082315727, 1582,120.977,90.024,20.312,10.921
43980,-8.000000000,-6.020402819, 1783,119.392,90.034,20.263,10.048
44040,-8.000000000,-5.958489912, 1984,117.807,90.044,20.214,9.175
44100,-8.000000000,-5.896577005, 2186,116.222,90.054,20.165,8.303
44160,-8.000000000,-5.834664097, 2387,114.637,90.064,20.116,7.430
44220,-8.000000000,-5.769157934, 2500,114.213,90.068,20.088,17.642
44280,-8.000000000,-5.699080671, 2500,115.264,90.065,20.085,41.956
44340,-8.000000000,-5.629003409, 2500,116.315,90.062,20.083,66.270
44400,-8.000000000,-5.558926146, 2500,117.366,90.060,20.080,90.584
44460,-8.000000000,-5.488848884, 2500,118.417,90.057,20.077,114.898
44520,-8.000000000,-5.418771621, 2500,119.468,90.054,20.075,139.211
44580,-8.000000000,-5.348694359, 2500,120.520,90.051,20.072,163.525
44640,-8.000000000,-5.278617097, 2500,121.571,90.048,20.070,187.839
44700,-8.000000000,-5.208539834, 2500,122.622,90.045,20.067,212.153
44760,-8.000000000,-5.138462572, 2500,123.673,90.042,20.065,236.467
44820,-8.000000000,-5.068385309, 2500,124.724,90.039,20.062,260.781
44880,-8.000000000,-4.998308047, 2500,125.775,90.036,20.059,285.095
44940,-8.000000000,-4.928230784, 2500,126.827,90.033,20.057,309.409
45000,-8.000000000,-4.858153522, 2500,127.878,90.030,20.054,333.722
45060,-8.000000000,-4.793162951, 2551,128.959,90.031,20.061,353.762
45120,-8.000000000,-4.752980790, 2851,130.190,90.051,20.111,352.955
45180,-8.000000000,-4.712798628, 3151,131.421,90.070,20.162,352.149
45240,-8.000000000,-4.672616467, 3451,132.651,90.090,20.212,351.342
45300,-8.000000000,-4.632434305, 3751,133.882,90.109,20.262,350.536
45360,-8.000000000,-4.592252144, 4051,135.112,90.129,20.313,349.729
45420,-8.000000000,-4.552069982, 4351,136.343,90.149,20.363,348.922
45480,-8.000000000,-4.511887821, 4651,137.573,90.168,20.414,348.116
45540,-8.000000000,-4.471705659, 4951,138.804,90.188,20.464,347.309
45600,-8.000000000,-4.431523498, 5251,140.035,90.207,20.514,346.503
45660,-8.000000000,-4.381703288, 5486,141.086,90.222,20.588,345.713
45720,-8.000000000,-4.296793946, 5486,141.484,90.218,20.747,344.985
45780,-8.000000000,-4.211884604, 5486,141.882,90.214,20.906,344.257
45840,-8.000000000,-4.126975262, 5486,142.280,90.210,21.066,343.529
45900,-8.000000000,-4.042065920, 5486,142.678,90.206,21.225,342.801
45960,-8.000000000,-3.957156578, 5486,143.076,90.202,21.384,342.073
46020,-8.000000000,-3.872247236, 5486,143.474,90.197,21.543,341.345
46080,-8.000000000,-3.787337894, 5486,143.872,90.193,21.702,340.617
46140,-8.000000000,-3.702428552, 5486,144.270,90.189,21.861,339.889
46200,-8.000000000,-3.617519210, 5486,144.668,90.185,22.020,339.161
46260,-8.000000000,-3.532609868, 5486,145.066,90.181,22.179,338.433
46320,-8.000000000,-3.447700526, 5486,145.464,90.177,22.339,337.705
46380,-8.000000000,-3.362791184, 5486,145.862,90.173,22.498,336.977
46440,-8.000000000,-3.277881842, 5486,146.260,90.169,22.657,336.249
46500,-8.000000000,-3.192972500, 5486,146.658,90.165,22.816,335.521
46560,-8.000000000,-3.108063158, 5486,147.056,90.161,22.975,334.793
46620,-8.000000000,-3.023153816, 5486,147.454,90.157,23.134,334.065
46680,-8.000000000,-2.938244475, 5486,147.852,90.153,23.293,333.337
46740,-8.000000000,-2.853335133, 5486,148.250,90.149,23.452,332.609
46800,-8.000000000,-2.768425791, 5486,148.648,90.145,23.612,331.881
46860,-8.000000000,-2.683516449, 5486,149.046,90.141,23.771,331.153
46920,-8.000000000,-2.598607107, 5486,149.444,90.137,23.930,330.425
46980,-8.000000000,-2.513697765, 5486,149.842,90.132,24.089,329.697
47040,-8.000000000,-2.428788423, 5486,150.240,90.128,24.248,328.969
47100,-8.000000000,-2.343879081, 5486,150.638,90.124,24.407,328.241
47160,-8.000000000,-2.258969739, 5486,151.036,90.120,24.566,327.513
47220,-8.000000000,-2.174060397, 5486,151.434,90.116,24.725,326.785
47280,-8.000000000,-2.089151055, 5486,151.832,90.112,24.885,326.057
47340,-8.000000000,-2.004241713, 5486,152.230,90.108,25.044,325.329
47400,-8.000000000,-1.919332371, 5486,152.628,90.104,25.203,324.601
47460,-8.000000000,-1.834423029, 5486,153.026,90.100,25.362,323.873
47520,-8.000000000,-1.749513687, 5486,153.424,90.096,25.521,323.145
47580,-8.000000000,-1.664604345, 5486,153.822,90.092,25.680,322.417
47640,-8.000000000,-1.579695003, 5486,154.220,90.088,25.839,321.690
47700,-8.000000000,-1.494785661, 5486,154.618,90.084,25.998,320.962
47760,-8.000000000,-1.409876319, 5486,155.016,90.080,26.158,320.234
47820,-8.000000000,-1.324966977, 5486,155.414,90.076,26.317,319.506
47880,-8.000000000,-1.240057635, 5486,155.812,90.072,26.476,318.778
47940,-8.000000000,-1.170290745, 5328,154.667,90.070,26.665,318.204
48000,-8.000000000,-1.114047774, 5028,152.144,90.070,26.882,317.768
48060,-8.000000000,-1.057804802, 4728,149.622,90.070,27.098,317.332
48120,-8.000000000,-1.001561831, 4428,147.099,90.070,27.314,316.896
48180,-8.000000000,-0.945318859, 4128,144.576,90.070,27.531,316.461
48240,-8.000000000,-0.889075888, 3828,142.053,90.070,27.747,316.025
48300,-8.000000000,-0.832832916, 3528,139.530,90.070,27.964,315.589
48360,-8.000000000,-0.776589945, 3228,137.007,90.070,28.180,315.153
48420,-8.000000000,-0.720346973, 2928,134.484,90.070,28.396,314.717
48480,-8.000000000,-0.664104002, 2628,131.961,90.070,28.613,314.281
48540,-8.000000000,-0.607861030, 2328,129.438,90.070,28.829,313.845
48600,-8.000000000,-0.551618059, 2028,126.916,90.070,29.046,313.410
48660,-8.000000000,-0.495375087, 1728,124.393,90.070,29.262,312.974
48720,-8.000000000,-0.439132116, 1428,121.870,90.070,29.478,312.538
48780,-8.000000000,-0.382889144, 1128,119.347,90.070,29.695,312.102
48840,-8.000000000,-0.326646173,  828,116.824,90.070,29.911,311.666
48900,-8.000000000,-0.270403201,  528,114.301,90.070,30.128,311.230
48960,-8.000000000,-0.214160230,  228,111.778,90.070,30.344,310.794
49020,-8.000000000,-0.154736538,  152,111.143,90.068,30.580,310.430
49080,-8.000000000,-0.094242579,  152,111.143,90.067,30.823,310.089
49140,-8.000000000,-0.033748620,  152,111.143,90.065,31.065,309.748
49200,-8.000000000,0.026745338,  152,111.143,90.063,31.308,309.407
49260,-8.000000000,0.087239297,  152,111.143,90.062,31.551,309.066
49320,-8.000000000,0.147733256,  152,111.143,90.060,31.793,308.725
49380,-8.000000000,0.208227214,  152,111.143,90.058,32.036,308.384
49440,-8.000000000,0.268721173,  152,111.143,90.057,32.279,308.043
49500,-8.000000000,0.329215132,  152,111.143,90.055,32.521,307.702
49560,-8.000000000,0.389709090,  152,111.143,90.053,32.764,307.361
49620,-8.000000000,0.450203049,  152,111.143,90.051,33.007,307.020
49680,-8.000000000,0.510697008,  152,111.143,90.050,33.249,306.679
49740,-8.000000000,0.571190966,  152,111.143,90.048,33.492,306.338
49800,-8.000000000,0.631684925,  152,111.143,90.046,33.735,305.997
49860,-8.000000000,0.692178884,  152,111.143,90.045,33.977,305.656
49920,-8.000000000,0.752672842,  152,111.143,90.043,34.220,305.315
49980,-8.000000000,0.812608463,  181,111.044,90.042,34.465,304.988
50040,-8.000000000,0.870537177,  314,110.589,90.045,34.719,304.710
50100,-8.000000000,0.928465890,  446,110.134,90.048,34.973,304.432
