src/Components/missions/ORACLES/Plans/ORACLES-Flt-plan_er2_20160925_R0.ict
42, 1001
rferrare
NASA Ames Research Center
Simulated flight plan
ORACLES
1,1
2016,09,10,2016,09,10
60
Start_UTC, seconds from midnight UTC, time keeping
7
1,1,1,1,1,1,1
-9999,-9999,-9999,-9999,-9999,-9999,-9999
Latitude, Degrees (North positive), Planned latitude position of the aircraft
Longitude, Degrees (East positive), Planned longitude position of the aircraft
Altitude, meters (above sea level), Planned altitude of the aircraft
speed, meters per second (m/s), Estimated speed of aircraft
Bearing, degrees from north, Direction of travel of the plane per respect to north
SZA, degrees from zenith, Elevation position of the sun in the sky per respect to zenith
AZI, degrees from north, Azimuthal position of the sun in the sky per respect to north
1
Simulated aircraft data interpolated from flight plan waypoints
20
-----------------------------------------------------------------------------
PI_CONTACT_INFO: rferrare
PLATFORM: er2
LOCATION: N/A
ASSOCIATED_DATA: N/A
INSTRUMENT_INFO: None
DATA_INFO: Compiled with flight planner: moving lines v1.09
UNCERTAINTY: Undefined
ULOD_FLAG: -7777
ULOD_VALUE: N/A
LLOD_FLAG: -8888
LLOD_VALUE: N/A
DM_CONTACT_INFO: Samuel LeBlanc, samuel.leblanc@nasa.gov
PROJECT_INFO: ORACLES
STIPULATIONS_ON_USE: None
OTHER_COMMENTS: N/A
REVISION: RA
RA: First iteration of the flight plan
-----------------------------------------------------------------------------
Start_UTC,Latitude,Longitude,Altitude,speed,Bearing,SZA,AZI
25200,-22.979716667,14.645283333,   95,150.000,268.911,64.352,72.366
25260,-22.980570968,14.575986613,  891,152.312,270.905,64.195,72.268
25320,-22.981425270,14.506689893, 1687,154.625,272.898,64.038,72.169
25380,-22.982279572,14.437393173, 2484,156.937,274.891,63.881,72.070
25440,-22.983133874,14.368096453, 3280,159.249,276.884,63.724,71.972
25500,-22.983988176,14.298799733, 4076,161.562,278.877,63.567,71.873
25560,-22.984842477,14.229503013, 4872,163.874,280.870,63.409,71.774
25620,-22.985696779,14.160206293, 5669,166.186,282.863,63.252,71.676
25680,-22.986551081,14.090909573, 6465,168.498,284.856,63.095,71.577
25740,-22.987405383,14.021612853, 7261,170.811,286.849,62.938,71.478
25800,-22.988259684,13.952316133, 8057,173.123,288.842,62.781,71.380
25860,-22.989113986,13.883019413, 8854,175.435,290.835,62.624,71.281
25920,-22.989968288,13.813722693, 9650,177.748,292.829,62.467,71.182
25980,-22.990822590,13.744425973,10446,180.060,294.822,62.310,71.084
26040,-22.991676892,13.675129253,11242,182.372,296.815,62.153,70.985
26100,-22.992531193,13.605832533,12039,184.685,298.808,61.996,70.886
26160,-22.993385495,13.536535813,12835,186.997,300.801,61.839,70.788
26220,-22.994239797,13.467239093,13631,189.309,302.794,61.681,70.689
26280,-22.995094099,13.397942373,14427,191.621,304.787,61.524,70.590
26340,-22.995948400,13.328645653,15224,193.934,306.780,61.367,70.492
26400,-22.996802702,13.259348933,16020,196.246,308.773,61.210,70.393
26460,-22.997657004,13.190052213,16816,198.558,310.766,61.053,70.295
26520,-22.998511306,13.120755493,17612,200.871,312.759,60.896,70.196
26580,-22.999365607,13.051458773,18409,203.183,314.752,60.739,70.097
26640,-22.979216536,12.979216536,19000,204.900,316.460,60.577,70.011
26700,-22.898477096,12.898477096,19000,204.900,317.343,60.400,69.963
26760,-22.817737657,12.817737657,19000,204.900,318.227,60.224,69.914
26820,-22.736998217,12.736998217,19000,204.900,319.110,60.047,69.866
26880,-22.656258778,12.656258778,19000,204.900,319.994,59.871,69.818
26940,-22.575519338,12.575519338,19000,204.900,320.877,59.694,69.769
27000,-22.494779898,12.494779898,19000,204.900,321.761,59.518,69.721
27060,-22.414040459,12.414040459,19000,204.900,322.644,59.341,69.672
27120,-22.333301019,12.333301019,19000,204.900,323.527,59.164,69.624
27180,-22.252561579,12.252561579,19000,204.900,324.411,58.988,69.575
27240,-22.171822140,12.171822140,19000,204.900,325.294,58.811,69.527
27300,-22.091082700,12.091082700,19000,204.900,326.178,58.635,69.478
27360,-22.010343260,12.010343260,19000,204.900,327.061,58.458,69.430
27420,-21.929603821,11.929603821,19000,204.900,327.945,58.282,69.381
27480,-21.848864381,11.848864381,19000,204.900,328.828,58.105,69.333
27540,-21.768124941,11.768124941,19000,204.900,329.712,57.929,69.284
27600,-21.687385502,11.687385502,19000,204.900,330.595,57.752,69.236
27660,-21.606646062,11.606646062,19000,204.900,331.478,57.576,69.187
27720,-21.525906623,11.525906623,19000,204.900,332.362,57.399,69.139
27780,-21.445167183,11.445167183,19000,204.900,333.245,57.223,69.090
27840,-21.364427743,11.364427743,19000,204.900,334.129,57.046,69.042
27900,-21.283688304,11.283688304,19000,204.900,335.012,56.869,68.993
27960,-21.202948864,11.202948864,19000,204.900,335.896,56.693,68.945
28020,-21.122209424,11.122209424,19000,204.900,336.779,56.516,68.896
28080,-21.041469985,11.041469985,19000,204.900,337.663,56.340,68.848
28140,-20.960730545,10.960730545,19000,204.900,338.546,56.163,68.799
28200,-20.879991105,10.879991105,19000,204.900,339.429,55.987,68.751
28260,-20.799251666,10.799251666,19000,204.900,340.313,55.810,68.702
28320,-20.718512226,10.718512226,19000,204.900,341.196,55.634,68.654
28380,-20.637772786,10.637772786,19000,204.900,342.080,55.457,68.605
28440,-20.557033347,10.557033347,19000,204.900,342.963,55.281,68.557
28500,-20.476293907,10.476293907,19000,204.900,343.847,55.104,68.508
28560,-20.395554468,10.395554468,19000,204.900,344.730,54.928,68.460
28620,-20.314815028,10.314815028,19000,204.900,345.613,54.751,68.411
28680,-20.234075588,10.234075588,19000,204.900,346.497,54.574,68.363
28740,-20.153336149,10.153336149,19000,204.900,347.380,54.398,68.314
28800,-20.072596709,10.072596709,19000,204.900,348.264,54.221,68.266
28860,-19.991857269,9.991857269,19000,204.900,349.147,54.045,68.217
28920,-19.911117830,9.911117830,19000,204.900,350.031,53.868,68.169
28980,-19.830378390,9.830378390,19000,204.900,350.914,53.692,68.120
29040,-19.749638950,9.749638950,19000,204.900,351.798,53.515,68.072
29100,-19.668899511,9.668899511,19000,204.900,352.681,53.339,68.023
29160,-19.588160071,9.588160071,19000,204.900,353.564,53.162,67.975
29220,-19.507420632,9.507420632,19000,204.900,354.448,52.986,67.926
29280,-19.426681192,9.426681192,19000,204.900,355.331,52.809,67.878
29340,-19.345941752,9.345941752,19000,204.900,356.215,52.633,67.829
29400,-19.265202313,9.265202313,19000,204.900,357.098,52.456,67.781
29460,-19.184462873,9.184462873,19000,204.900,357.982,52.279,67.732
29520,-19.103723433,9.103723433,19000,204.900,358.865,52.103,67.684
29580,-19.022983994,9.022983994,19000,204.900,359.749,51.926,67.635
29640,-18.924534351,9.000000000,19000,204.900,360.000,51.689,67.569
29700,-18.819036868,9.000000000,19000,204.900,360.000,51.428,67.496
29760,-18.713539385,9.000000000,19000,204.900,360.000,51.167,67.423
29820,-18.608041902,9.000000000,19000,204.900,360.000,50.905,67.350
29880,-18.502544419,9.000000000,19000,204.900,360.000,50.644,67.277
29940,-18.397046936,9.000000000,19000,204.900,360.000,50.383,67.204
30000,-18.291549453,9.000000000,19000,204.900,360.000,50.122,67.131
30060,-18.186051970,9.000000000,19000,204.900,360.000,49.860,67.058
30120,-18.080554487,9.000000000,19000,204.900,360.000,49.599,66.985
30180,-17.975057004,9.000000000,19000,204.900,360.000,49.338,66.912
30240,-17.869559521,9.000000000,19000,204.900,360.000,49.076,66.839
30300,-17.764062038,9.000000000,19000,204.900,360.000,48.815,66.766
30360,-17.658564555,9.000000000,19000,204.900,360.000,48.554,66.693
30420,-17.553067072,9.000000000,19000,204.900,360.000,48.293,66.620
30480,-17.447569589,9.000000000,19000,204.900,360.000,48.031,66.547
30540,-17.342072106,9.000000000,19000,204.900,360.000,47.770,66.474
30600,-17.236574623,9.000000000,19000,204.900,360.000,47.509,66.401
30660,-17.131077140,9.000000000,19000,204.900,360.000,47.248,66.328
30720,-17.025579657,9.000000000,19000,204.900,360.000,46.986,66.255
30780,-16.920082174,9.000000000,19000,204.900,360.000,46.725,66.181
30840,-16.814584691,9.000000000,19000,204.900,360.000,46.464,66.108
30900,-16.709087208,9.000000000,19000,204.900,360.000,46.202,66.035
30960,-16.603589725,9.000000000,19000,204.900,360.000,45.941,65.962
31020,-16.498092242,9.000000000,19000,204.900,360.000,45.680,65.889
31080,-16.392594759,9.000000000,19000,204.900,360.000,45.419,65.816
31140,-16.287097276,9.000000000,19000,204.900,360.000,45.157,65.743
31200,-16.181599793,9.000000000,19000,204.900,360.000,44.896,65.670
31260,-16.076102310,9.000000000,19000,204.900,360.000,44.635,65.597
31320,-15.970604827,9.000000000,19000,204.900,360.000,44.374,65.524
31380,-15.865107344,9.000000000,19000,204.900,360.000,44.112,65.451
31440,-15.759609861,9.000000000,19000,204.900,360.000,43.851,65.378
31500,-15.654112378,9.000000000,19000,204.900,360.000,43.590,65.305
31560,-15.548614895,9.000000000,19000,204.900,360.000,43.328,65.232
31620,-15.443117412,9.000000000,19000,204.900,360.000,43.067,65.159
31680,-15.337619929,9.000000000,19000,204.900,360.000,42.806,65.086
31740,-15.232122446,9.000000000,19000,204.900,360.000,42.545,65.013
31800,-15.126624963,9.000000000,19000,204.900,360.000,42.283,64.940
31860,-15.021127480,9.000000000,19000,204.900,360.000,42.022,64.867
31920,-14.911677677,9.000000000,19000,204.900,360.000,41.756,64.796
31980,-14.801238155,9.000000000,19000,204.900,360.000,41.488,64.726
32040,-14.690798634,9.000000000,19000,204.900,360.000,41.220,64.656
32100,-14.580359112,9.000000000,19000,204.900,360.000,40.953,64.587
32160,-14.469919590,9.000000000,19000,204.900,360.000,40.685,64.517
32220,-14.359480068,9.000000000,19000,204.900,360.000,40.418,64.447
32280,-14.249040547,9.000000000,19000,204.900,360.000,40.150,64.377
32340,-14.138601025,9.000000000,19000,204.900,360.000,39.882,64.307
32400,-14.028161503,9.000000000,19000,204.900,360.000,39.615,64.237
32460,-13.917721982,9.000000000,19000,204.900,360.000,39.347,64.167
32520,-13.807282460,9.000000000,19000,204.900,360.000,39.080,64.097
32580,-13.696842938,9.000000000,19000,204.900,360.000,38.812,64.028
32640,-13.586403417,9.000000000,19000,204.900,360.000,38.544,63.958
32700,-13.475963895,9.000000000,19000,204.900,360.000,38.277,63.888
32760,-13.365524373,9.000000000,19000,204.900,360.000,38.009,63.818
32820,-13.255084852,9.000000000,19000,204.900,360.000,37.742,63.748
32880,-13.144645330,9.000000000,19000,204.900,360.000,37.474,63.678
32940,-13.034205808,9.000000000,19000,204.900,360.000,37.206,63.608
33000,-12.923766286,9.000000000,19000,204.900,360.000,36.939,63.538
33060,-12.813326765,9.000000000,19000,204.900,360.000,36.671,63.468
33120,-12.702887243,9.000000000,19000,204.900,360.000,36.404,63.399
33180,-12.592447721,9.000000000,19000,204.900,360.000,36.136,63.329
33240,-12.482008200,9.000000000,19000,204.900,360.000,35.868,63.259
33300,-12.371568678,9.000000000,19000,204.900,360.000,35.601,63.189
33360,-12.261129156,9.000000000,19000,204.900,360.000,35.333,63.119
33420,-12.150689635,9.000000000,19000,204.900,360.000,35.066,63.049
33480,-12.040250113,9.000000000,19000,204.900,360.000,34.798,62.979
33540,-11.929810591,9.000000000,19000,204.900,360.000,34.530,62.909
33600,-11.819371069,9.000000000,19000,204.900,360.000,34.263,62.839
33660,-11.708931548,9.000000000,19000,204.900,360.000,33.995,62.770
33720,-11.598492026,9.000000000,19000,204.900,360.000,33.728,62.700
33780,-11.488052504,9.000000000,19000,204.900,360.000,33.460,62.630
33840,-11.377612983,9.000000000,19000,204.900,360.000,33.192,62.560
33900,-11.267173461,9.000000000,19000,204.900,360.000,32.925,62.490
33960,-11.156733939,9.000000000,19000,204.900,360.000,32.657,62.420
34020,-11.046294418,9.000000000,19000,204.900,360.000,32.390,62.350
34080,-10.935854896,9.000000000,19000,204.900,360.000,32.122,62.280
34140,-10.825415374,9.000000000,19000,204.900,360.000,31.854,62.211
34200,-10.714975852,9.000000000,19000,204.900,360.000,31.587,62.141
34260,-10.604536331,9.000000000,19000,204.900,360.000,31.319,62.071
34320,-10.494096809,9.000000000,19000,204.900,360.000,31.052,62.001
34380,-10.383657287,9.000000000,19000,204.900,360.000,30.784,61.931
34440,-10.273217766,9.000000000,19000,204.900,360.000,30.516,61.861
34500,-10.162778244,9.000000000,19000,204.900,360.000,30.249,61.791
34560,-10.052338722,9.000000000,19000,204.900,360.000,29.981,61.721
34620,-9.941899201,9.000000000,19000,204.900,358.769,29.713,61.633
34680,-9.831459679,9.000000000,19000,204.900,356.429,29.443,61.528
34740,-9.721020157,9.000000000,19000,204.900,354.090,29.173,61.423
34800,-9.610580636,9.000000000,19000,204.900,351.750,28.904,61.318
34860,-9.500141114,9.000000000,19000,204.900,349.410,28.634,61.213
34920,-9.389701592,9.000000000,19000,204.900,347.071,28.365,61.108
34980,-9.279262070,9.000000000,19000,204.900,344.731,28.095,61.003
35040,-9.168822549,9.000000000,19000,204.900,342.391,27.825,60.899
35100,-9.058383027,9.000000000,19000,204.900,340.051,27.556,60.794
35160,-8.947943505,9.000000000,19000,204.900,337.712,27.286,60.689
35220,-8.837503984,9.000000000,19000,204.900,335.372,27.017,60.584
35280,-8.727064462,9.000000000,19000,204.900,333.032,26.747,60.479
35340,-8.616624940,9.000000000,19000,204.900,330.693,26.477,60.374
35400,-8.506185419,9.000000000,19000,204.900,328.353,26.208,60.269
35460,-8.395745897,9.000000000,19000,204.900,326.013,25.938,60.164
35520,-8.285306375,9.000000000,19000,204.900,323.673,25.669,60.059
35580,-8.174866853,9.000000000,19000,204.900,321.334,25.399,59.954
35640,-8.064427332,9.000000000,19000,204.900,318.994,25.129,59.849
35700,-7.953987810,9.000000000,19000,204.900,316.654,24.860,59.744
35760,-7.843548288,9.000000000,19000,204.900,314.315,24.590,59.639
35820,-7.733108767,9.000000000,19000,204.900,311.975,24.321,59.535
35880,-7.622669245,9.000000000,19000,204.900,309.635,24.051,59.430
35940,-7.512229723,9.000000000,19000,204.900,307.295,23.782,59.325
36000,-7.401790202,9.000000000,19000,204.900,304.956,23.512,59.220
36060,-7.291350680,9.000000000,19000,204.900,302.616,23.242,59.115
36120,-7.180911158,9.000000000,19000,204.900,300.276,22.973,59.010
36180,-7.070471636,9.000000000,19000,204.900,297.937,22.703,58.905
36240,-6.960032115,9.000000000,19000,204.900,295.597,22.434,58.800
36300,-6.849592593,9.000000000,19000,204.900,293.257,22.164,58.695
36360,-6.739153071,9.000000000,19000,204.900,290.917,21.894,58.590
36420,-6.628713550,9.000000000,19000,204.900,288.578,21.625,58.485
36480,-6.518274028,9.000000000,19000,204.900,286.238,21.355,58.380
36540,-6.407834506,9.000000000,19000,204.900,283.898,21.086,58.275
36600,-6.297394985,9.000000000,19000,204.900,281.559,20.816,58.171
36660,-6.186955463,9.000000000,19000,204.900,279.219,20.546,58.066
36720,-6.076515941,9.000000000,19000,204.900,276.879,20.277,57.961
36780,-5.966076420,9.000000000,19000,204.900,274.539,20.007,57.856
36840,-5.855636898,9.000000000,19000,204.900,272.200,19.738,57.751
36900,-5.745197376,9.000000000,19000,204.900,269.860,19.468,57.646
36960,-5.634757854,9.000000000,19000,204.900,267.520,19.198,57.541
37020,-5.524318333,9.000000000,19000,204.900,265.181,18.929,57.436
37080,-5.413878811,9.000000000,19000,204.900,262.841,18.659,57.331
37140,-5.303439289,9.000000000,19000,204.900,260.501,18.390,57.226
37200,-5.192999768,9.000000000,19000,204.900,258.162,18.120,57.121
37260,-5.082560246,9.000000000,19000,204.900,255.822,17.851,57.016
37320,-5.007369237,8.972979466,19000,204.900,253.781,17.637,56.799
37380,-5.036561349,8.865941719,19000,204.900,252.626,17.588,56.248
37440,-5.065753462,8.758903972,19000,204.900,251.471,17.540,55.698
37500,-5.094945575,8.651866225,19000,204.900,250.317,17.491,55.147
37560,-5.124137688,8.544828478,19000,204.900,249.162,17.443,54.596
37620,-5.153329801,8.437790731,19000,204.900,248.007,17.394,54.046
37680,-5.182521914,8.330752984,19000,204.900,246.852,17.345,53.495
37740,-5.211714026,8.223715237,19000,204.900,245.697,17.297,52.944
37800,-5.240906139,8.116677490,19000,204.900,244.542,17.248,52.393
37860,-5.270098252,8.009639743,19000,204.900,243.387,17.200,51.843
37920,-5.299290365,7.902601995,19000,204.900,242.232,17.151,51.292
37980,-5.328482478,7.795564248,19000,204.900,241.078,17.103,50.741
38040,-5.357674591,7.688526501,19000,204.900,239.923,17.054,50.191
38100,-5.386866703,7.581488754,19000,204.900,238.768,17.006,49.640
38160,-5.416058816,7.474451007,19000,204.900,237.613,16.957,49.089
38220,-5.445250929,7.367413260,19000,204.900,236.458,16.908,48.539
38280,-5.474443042,7.260375513,19000,204.900,235.303,16.860,47.988
38340,-5.503635155,7.153337766,19000,204.900,234.148,16.811,47.437
38400,-5.532827267,7.046300019,19000,204.900,232.993,16.763,46.887
38460,-5.562019380,6.939262272,19000,204.900,231.839,16.714,46.336
38520,-5.591211493,6.832224525,19000,204.900,230.684,16.666,45.785
38580,-5.620403606,6.725186778,19000,204.900,229.529,16.617,45.235
38640,-5.649595719,6.618149031,19000,204.900,228.374,16.569,44.684
38700,-5.678787832,6.511111284,19000,204.900,227.219,16.520,44.133
38760,-5.707979944,6.404073537,19000,204.900,226.064,16.472,43.583
38820,-5.737172057,6.297035790,19000,204.900,224.909,16.423,43.032
38880,-5.766364170,6.189998043,19000,204.900,223.754,16.374,42.481
38940,-5.795556283,6.082960296,19000,204.900,222.600,16.326,41.931
39000,-5.824748396,5.975922549,19000,204.900,221.445,16.277,41.380
39060,-5.853940509,5.868884802,19000,204.900,220.290,16.229,40.829
39120,-5.883132621,5.761847055,19000,204.900,219.135,16.180,40.278
39180,-5.912324734,5.654809308,19000,204.900,217.980,16.132,39.728
39240,-5.941516847,5.547771561,19000,204.900,216.825,16.083,39.177
