src/Components/missions/ORACLES/Plans/ORACLES-Flt-plan_p3_20170828_RB.ict
43, 1001
pz
NASA Ames Research Center
Simulated flight plan
ORACLES-2017
1,1
2017,08,28,2017,08,28
60
Start_UTC, seconds from midnight UTC, time keeping
7
1,1,1,1,1,1,1
-9999,-9999,-9999,-9999,-9999,-9999,-9999
Latitude, Degrees (North positive), Planned latitude position of the aircraft
Longitude, Degrees (East positive), Planned longitude position of the aircraft
Altitude, meters (above sea level), Planned altitude of the aircraft
speed, meters per second (m/s), Estimated speed of aircraft
Bearing, degrees from north, Direction of travel of the plane per respect to north
SZA, degrees from zenith, Elevation position of the sun in the sky per respect to zenith
AZI, degrees from north, Azimuthal position of the sun in the sky per respect to north
1
Simulated aircraft data interpolated from flight plan waypoints
21
-----------------------------------------------------------------------------
PI_CONTACT_INFO: pz
PLATFORM: p3
LOCATION: N/A
ASSOCIATED_DATA: N/A
INSTRUMENT_INFO: None
DATA_INFO: Compiled with flight planner: moving lines v1.1
UNCERTAINTY: Undefined
ULOD_FLAG: -7777
ULOD_VALUE: N/A
LLOD_FLAG: -8888
LLOD_VALUE: N/A
DM_CONTACT_INFO: Samuel LeBlanc, samuel.leblanc@nasa.gov
PROJECT_INFO: ORACLES-2017
STIPULATIONS_ON_USE: None
OTHER_COMMENTS: N/A
REVISION: RB
RB: Version 2 of the flight plan ict 
  RA: First iteration of the flight plan
-----------------------------------------------------------------------------
Start_UTC,Latitude,Longitude,Altitude,speed,Bearing,SZA,AZI
28800,0.378006000,6.708200000,   95,150.000,253.491,54.089,78.402
28860,0.358224007,6.641465616,  345,148.908,254.355,53.914,78.359
28920,0.338442014,6.574731232,  595,147.816,255.219,53.739,78.315
28980,0.318660021,6.507996848,  846,146.725,256.083,53.564,78.272
29040,0.298878028,6.441262464, 1096,145.633,256.947,53.389,78.229
29100,0.279096035,6.374528080, 1346,144.541,257.811,53.214,78.185
29160,0.259314042,6.307793696, 1596,143.449,258.675,53.039,78.142
29220,0.239532049,6.241059312, 1847,142.358,259.539,52.864,78.099
29280,0.219750056,6.174324928, 2097,141.266,260.403,52.689,78.055
29340,0.199968063,6.107590544, 2347,140.174,261.267,52.514,78.012
29400,0.180186069,6.040856161, 2597,139.082,262.131,52.339,77.969
29460,0.160404076,5.974121777, 2848,137.990,262.995,52.164,77.926
29520,0.140622083,5.907387393, 3098,136.899,263.859,51.989,77.882
29580,0.120840090,5.840653009, 3348,135.807,264.723,51.814,77.839
29640,0.101058097,5.773918625, 3598,134.715,265.586,51.639,77.796
29700,0.081276104,5.707184241, 3849,133.623,266.450,51.464,77.752
29760,0.061494111,5.640449857, 4099,132.531,267.314,51.289,77.709
29820,0.041712118,5.573715473, 4349,131.440,268.178,51.114,77.666
29880,0.021930125,5.506981089, 4599,130.348,269.042,50.939,77.622
29940,0.002148132,5.440246705, 4850,129.256,269.906,50.764,77.579
30000,0.000000000,5.363747220, 4877,131.537,255.606,50.595,77.547
30060,0.000000000,5.286058165, 4877,134.228,239.458,50.427,77.516
30120,0.000000000,5.208369109, 4877,136.919,223.310,50.259,77.486
30180,0.000000000,5.130680054, 4877,139.611,207.162,50.092,77.455
30240,0.000000000,5.052990998, 4877,142.302,191.014,49.924,77.425
30300,-0.024698058,5.000000000, 4877,144.138,180.329,49.761,77.288
30360,-0.102387113,5.000000000, 4877,144.138,181.365,49.611,76.923
30420,-0.180076169,5.000000000, 4877,144.138,182.401,49.461,76.558
30480,-0.257765224,5.000000000, 4877,144.138,183.437,49.311,76.194
30540,-0.335454280,5.000000000, 4877,144.138,184.473,49.161,75.829
30600,-0.413143335,5.000000000, 4877,144.138,185.509,49.011,75.465
30660,-0.490832391,5.000000000, 4877,144.138,186.544,48.861,75.100
30720,-0.568521446,5.000000000, 4877,144.138,187.580,48.711,74.735
30780,-0.646210502,5.000000000, 4877,144.138,188.616,48.560,74.371
30840,-0.723899557,5.000000000, 4877,144.138,189.652,48.410,74.006
30900,-0.801588613,5.000000000, 4877,144.138,190.688,48.260,73.641
30960,-0.879277669,5.000000000, 4877,144.138,191.724,48.110,73.277
31020,-0.956966724,5.000000000, 4877,144.138,192.760,47.960,72.912
31080,-1.034655780,5.000000000, 4877,144.138,193.795,47.810,72.547
31140,-1.112344835,5.000000000, 4877,144.138,194.831,47.660,72.183
31200,-1.190033891,5.000000000, 4877,144.138,195.867,47.510,71.818
31260,-1.267722946,5.000000000, 4877,144.138,196.903,47.360,71.454
31320,-1.345412002,5.000000000, 4877,144.138,197.939,47.209,71.089
31380,-1.423101057,5.000000000, 4877,144.138,198.975,47.059,70.724
31440,-1.500790113,5.000000000, 4877,144.138,200.011,46.909,70.360
31500,-1.578479168,5.000000000, 4877,144.138,201.046,46.759,69.995
31560,-1.656168224,5.000000000, 4877,144.138,202.082,46.609,69.630
31620,-1.733857280,5.000000000, 4877,144.138,203.118,46.459,69.266
31680,-1.811546335,5.000000000, 4877,144.138,204.154,46.309,68.901
31740,-1.889235391,5.000000000, 4877,144.138,205.190,46.159,68.536
31800,-1.966924446,5.000000000, 4877,144.138,206.226,46.008,68.172
31860,-2.044613502,5.000000000, 4877,144.138,207.262,45.858,67.807
31920,-2.122302557,5.000000000, 4877,144.138,208.297,45.708,67.443
31980,-2.199991613,5.000000000, 4877,144.138,209.333,45.558,67.078
32040,-2.277680668,5.000000000, 4877,144.138,210.369,45.408,66.713
32100,-2.355369724,5.000000000, 4877,144.138,211.405,45.258,66.349
32160,-2.433058780,5.000000000, 4877,144.138,212.441,45.108,65.984
32220,-2.510747835,5.000000000, 4877,144.138,213.477,44.958,65.619
32280,-2.588436891,5.000000000, 4877,144.138,214.512,44.808,65.255
32340,-2.666125946,5.000000000, 4877,144.138,215.548,44.657,64.890
32400,-2.743815002,5.000000000, 4877,144.138,216.584,44.507,64.525
32460,-2.821504057,5.000000000, 4877,144.138,217.620,44.357,64.161
32520,-2.899193113,5.000000000, 4877,144.138,218.656,44.207,63.796
32580,-2.976882168,5.000000000, 4877,144.138,219.692,44.057,63.432
32640,-3.054571224,5.000000000, 4877,144.138,220.728,43.907,63.067
32700,-3.132260279,5.000000000, 4877,144.138,221.763,43.757,62.702
32760,-3.209949335,5.000000000, 4877,144.138,222.799,43.607,62.338
32820,-3.287638391,5.000000000, 4877,144.138,223.835,43.457,61.973
32880,-3.365327446,5.000000000, 4877,144.138,224.871,43.306,61.608
32940,-3.443016502,5.000000000, 4877,144.138,225.907,43.156,61.244
33000,-3.520705557,5.000000000, 4877,144.138,226.943,43.006,60.879
33060,-3.598394613,5.000000000, 4877,144.138,227.979,42.856,60.514
33120,-3.676083668,5.000000000, 4877,144.138,229.014,42.706,60.150
33180,-3.753772724,5.000000000, 4877,144.138,230.050,42.556,59.785
33240,-3.831461779,5.000000000, 4877,144.138,231.086,42.406,59.421
33300,-3.909150835,5.000000000, 4877,144.138,232.122,42.256,59.056
33360,-3.986839890,5.000000000, 4877,144.138,233.158,42.105,58.691
33420,-4.064528946,5.000000000, 4877,144.138,234.194,41.955,58.327
33480,-4.142218002,5.000000000, 4877,144.138,235.230,41.805,57.962
33540,-4.219907057,5.000000000, 4877,144.138,236.265,41.655,57.597
33600,-4.297596113,5.000000000, 4877,144.138,237.301,41.505,57.233
33660,-4.375285168,5.000000000, 4877,144.138,238.337,41.355,56.868
33720,-4.452974224,5.000000000, 4877,144.138,239.373,41.205,56.503
33780,-4.530663279,5.000000000, 4877,144.138,240.409,41.055,56.139
33840,-4.608352335,5.000000000, 4877,144.138,241.445,40.905,55.774
33900,-4.686041390,5.000000000, 4877,144.138,242.481,40.754,55.410
33960,-4.763730446,5.000000000, 4877,144.138,243.516,40.604,55.045
34020,-4.841419502,5.000000000, 4877,144.138,244.552,40.454,54.680
34080,-4.919108557,5.000000000, 4877,144.138,245.588,40.304,54.316
34140,-4.996797613,5.000000000, 4877,144.138,246.624,40.154,53.951
34200,-5.074486668,5.000000000, 4877,144.138,247.660,40.004,53.586
34260,-5.152175724,5.000000000, 4877,144.138,248.696,39.854,53.222
34320,-5.229864779,5.000000000, 4877,144.138,249.732,39.704,52.857
34380,-5.307553835,5.000000000, 4877,144.138,250.767,39.553,52.492
34440,-5.385242890,5.000000000, 4877,144.138,251.803,39.403,52.128
34500,-5.462931946,5.000000000, 4877,144.138,252.839,39.253,51.763
34560,-5.540621001,5.000000000, 4877,144.138,253.875,39.103,51.399
34620,-5.618310057,5.000000000, 4877,144.138,254.911,38.953,51.034
34680,-5.695999113,5.000000000, 4877,144.138,255.947,38.803,50.669
34740,-5.773688168,5.000000000, 4877,144.138,256.983,38.653,50.305
34800,-5.851377224,5.000000000, 4877,144.138,258.018,38.503,49.940
34860,-5.929066279,5.000000000, 4877,144.138,259.054,38.353,49.575
34920,-6.006755335,5.000000000, 4877,144.138,260.090,38.202,49.211
34980,-6.084444390,5.000000000, 4877,144.138,261.126,38.052,48.846
35040,-6.162133446,5.000000000, 4877,144.138,262.162,37.902,48.481
35100,-6.239822501,5.000000000, 4877,144.138,263.198,37.752,48.117
35160,-6.317511557,5.000000000, 4877,144.138,264.233,37.602,47.752
35220,-6.395200612,5.000000000, 4877,144.138,265.269,37.452,47.388
35280,-6.472889668,5.000000000, 4877,144.138,266.305,37.302,47.023
35340,-6.550578724,5.000000000, 4877,144.138,267.341,37.152,46.658
35400,-6.628267779,5.000000000, 4877,144.138,268.377,37.001,46.294
35460,-6.705956835,5.000000000, 4877,144.138,269.413,36.851,45.929
35520,-6.783645890,5.000000000, 4877,144.138,270.449,36.701,45.564
35580,-6.861334946,5.000000000, 4877,144.138,271.484,36.551,45.200
35640,-6.939024001,5.000000000, 4877,144.138,272.520,36.401,44.835
35700,-7.016713057,5.000000000, 4877,144.138,273.556,36.251,44.471
35760,-7.094402112,5.000000000, 4877,144.138,274.592,36.101,44.106
35820,-7.172091168,5.000000000, 4877,144.138,275.628,35.951,43.741
35880,-7.249780224,5.000000000, 4877,144.138,276.664,35.801,43.377
35940,-7.327469279,5.000000000, 4877,144.138,277.700,35.650,43.012
36000,-7.405158335,5.000000000, 4877,144.138,278.735,35.500,42.647
36060,-7.482847390,5.000000000, 4877,144.138,279.771,35.350,42.283
36120,-7.560536446,5.000000000, 4877,144.138,280.807,35.200,41.918
36180,-7.638225501,5.000000000, 4877,144.138,281.843,35.050,41.553
36240,-7.715914557,5.000000000, 4877,144.138,282.879,34.900,41.189
36300,-7.793603612,5.000000000, 4877,144.138,283.915,34.750,40.824
36360,-7.871292668,5.000000000, 4877,144.138,284.951,34.600,40.460
36420,-7.948981723,5.000000000, 4877,144.138,285.986,34.449,40.095
36480,-8.026670779,5.000000000, 4877,144.138,287.022,34.299,39.730
36540,-8.104359835,5.000000000, 4877,144.138,288.058,34.149,39.366
36600,-8.182048890,5.000000000, 4877,144.138,289.094,33.999,39.001
36660,-8.259737946,5.000000000, 4877,144.138,290.130,33.849,38.636
36720,-8.337427001,5.000000000, 4877,144.138,291.166,33.699,38.272
36780,-8.415116057,5.000000000, 4877,144.138,292.202,33.549,37.907
36840,-8.492805112,5.000000000, 4877,144.138,293.237,33.399,37.542
36900,-8.570494168,5.000000000, 4877,144.138,294.273,33.249,37.178
36960,-8.648183223,5.000000000, 4877,144.138,295.309,33.098,36.813
37020,-8.725872279,5.000000000, 4877,144.138,296.345,32.948,36.449
37080,-8.803561334,5.000000000, 4877,144.138,297.381,32.798,36.084
37140,-8.881250390,5.000000000, 4877,144.138,298.417,32.648,35.719
37200,-8.958939446,5.000000000, 4877,144.138,299.453,32.498,35.355
37260,-9.036628501,5.000000000, 4877,144.138,300.488,32.348,34.990
37320,-9.114317557,5.000000000, 4877,144.138,301.524,32.198,34.625
37380,-9.192006612,5.000000000, 4877,144.138,302.560,32.048,34.261
37440,-9.269695668,5.000000000, 4877,144.138,303.596,31.897,33.896
37500,-9.347384723,5.000000000, 4877,144.138,304.632,31.747,33.531
37560,-9.425073779,5.000000000, 4877,144.138,305.668,31.597,33.167
37620,-9.502762834,5.000000000, 4877,144.138,306.704,31.447,32.802
37680,-9.580451890,5.000000000, 4877,144.138,307.739,31.297,32.438
37740,-9.658140946,5.000000000, 4877,144.138,308.775,31.147,32.073
37800,-9.735830001,5.000000000, 4877,144.138,309.811,30.997,31.708
37860,-9.813519057,5.000000000, 4877,144.138,310.847,30.847,31.344
37920,-9.891208112,5.000000000, 4877,144.138,311.883,30.697,30.979
37980,-9.968897168,5.000000000, 4877,144.138,312.919,30.546,30.614
38040,-10.046586223,5.000000000, 4877,144.138,313.954,30.396,30.250
38100,-10.124275279,5.000000000, 4877,144.138,314.990,30.246,29.885
38160,-10.201964334,5.000000000, 4877,144.138,316.026,30.096,29.520
38220,-10.279653390,5.000000000, 4877,144.138,317.062,29.946,29.156
38280,-10.357342445,5.000000000, 4877,144.138,318.098,29.796,28.791
38340,-10.435031501,5.000000000, 4877,144.138,319.134,29.646,28.427
38400,-10.512720557,5.000000000, 4877,144.138,320.170,29.496,28.062
38460,-10.590409612,5.000000000, 4877,144.138,321.205,29.346,27.697
38520,-10.668098668,5.000000000, 4877,144.138,322.241,29.195,27.333
38580,-10.745787723,5.000000000, 4877,144.138,323.277,29.045,26.968
38640,-10.823476779,5.000000000, 4877,144.138,324.313,28.895,26.603
38700,-10.901165834,5.000000000, 4877,144.138,325.349,28.745,26.239
38760,-10.978854890,5.000000000, 4877,144.138,326.385,28.595,25.874
38820,-11.056543945,5.000000000, 4877,144.138,327.421,28.445,25.509
38880,-11.134233001,5.000000000, 4877,144.138,328.456,28.295,25.145
38940,-11.211922056,5.000000000, 4877,144.138,329.492,28.145,24.780
39000,-11.289611112,5.000000000, 4877,144.138,330.528,27.994,24.416
39060,-11.367300168,5.000000000, 4877,144.138,331.564,27.844,24.051
39120,-11.444989223,5.000000000, 4877,144.138,332.600,27.694,23.686
39180,-11.522678279,5.000000000, 4877,144.138,333.636,27.544,23.322
39240,-11.600367334,5.000000000, 4877,144.138,334.672,27.394,22.957
39300,-11.678056390,5.000000000, 4877,144.138,335.707,27.244,22.592
39360,-11.755745445,5.000000000, 4877,144.138,336.743,27.094,22.228
39420,-11.833434501,5.000000000, 4877,144.138,337.779,26.944,21.863
39480,-11.911123556,5.000000000, 4877,144.138,338.815,26.794,21.498
39540,-11.988812612,5.000000000, 4877,144.138,339.851,26.643,21.134
39600,-12.066501668,5.000000000, 4877,144.138,340.887,26.493,20.769
39660,-12.144190723,5.000000000, 4877,144.138,341.923,26.343,20.405
39720,-12.221879779,5.000000000, 4877,144.138,342.958,26.193,20.040
39780,-12.299568834,5.000000000, 4877,144.138,343.994,26.043,19.675
39840,-12.377257890,5.000000000, 4877,144.138,345.030,25.893,19.311
39900,-12.454946945,5.000000000, 4877,144.138,346.066,25.743,18.946
39960,-12.532636001,5.000000000, 4877,144.138,347.102,25.593,18.581
40020,-12.610325056,5.000000000, 4877,144.138,348.138,25.442,18.217
40080,-12.688014112,5.000000000, 4877,144.138,349.174,25.292,17.852
40140,-12.765703167,5.000000000, 4877,144.138,350.209,25.142,17.487
40200,-12.843392223,5.000000000, 4877,144.138,351.245,24.992,17.123
40260,-12.921081279,5.000000000, 4877,144.138,352.281,24.842,16.758
40320,-12.998770334,5.000000000, 4877,144.138,353.317,24.692,16.394
40380,-13.076459390,5.000000000, 4877,144.138,354.353,24.542,16.029
40440,-13.154148445,5.000000000, 4877,144.138,355.389,24.392,15.664
40500,-13.231837501,5.000000000, 4877,144.138,356.425,24.242,15.300
40560,-13.309526556,5.000000000, 4877,144.138,357.460,24.091,14.935
40620,-13.387215612,5.000000000, 4877,144.138,358.496,23.941,14.570
40680,-13.464904667,5.000000000, 4877,144.138,359.532,23.791,14.206
40740,-13.500000000,5.000000000, 4731,143.114,360.000,23.703,13.704
40800,-13.500000000,5.000000000, 4464,141.246,360.000,23.667,13.089
40860,-13.500000000,5.000000000, 4197,139.379,360.000,23.631,12.474
40920,-13.500000000,5.000000000, 3930,137.512,360.000,23.595,11.859
40980,-13.500000000,5.000000000, 3663,135.644,360.000,23.558,11.244
41040,-13.500000000,5.000000000, 3397,133.777,360.000,23.522,10.630
41100,-13.500000000,5.000000000, 3130,131.910,360.000,23.486,10.015
41160,-13.500000000,5.000000000, 2863,130.042,360.000,23.449,9.400
41220,-13.500000000,5.000000000, 2596,128.175,360.000,23.413,8.785
41280,-13.500000000,5.000000000, 2330,126.308,360.000,23.377,8.170
41340,-13.500000000,5.000000000, 2063,124.440,360.000,23.341,7.555
41400,-13.500000000,5.000000000, 1796,122.573,360.000,23.304,6.940
41460,-13.500000000,5.000000000, 1529,120.706,360.000,23.268,6.326
41520,-13.500000000,5.000000000, 1263,118.838,360.000,23.232,5.711
41580,-13.500000000,5.000000000,  996,116.971,360.000,23.195,5.096
41640,-13.500000000,5.000000000,  729,115.104,360.000,23.159,4.481
41700,-13.500000000,5.000000000,  462,113.236,360.000,23.123,3.866
41760,-13.500000000,5.000000000,  196,111.369,360.000,23.087,3.251
41820,-13.470510671,5.000000000,   61,110.427,360.000,23.037,29.168
41880,-13.410991519,5.000000000,   61,110.427,360.000,22.974,82.103
41940,-13.351472368,5.000000000,   61,110.427,360.000,22.911,135.038
42000,-13.291953216,5.000000000,   61,110.427,360.000,22.847,187.973
42060,-13.232434065,5.000000000,   61,110.427,360.000,22.784,240.908
42120,-13.172914913,5.000000000,   61,110.427,360.000,22.721,293.842
42180,-13.113395762,5.000000000,   61,110.427,360.000,22.658,346.777
42240,-13.057981067,5.000000000,  164,109.050,360.000,22.611,358.188
42300,-13.003758442,5.000000000,  298,107.274,360.000,22.570,357.538
42360,-12.949535817,5.000000000,  432,105.498,360.000,22.529,356.888
42420,-12.895313191,5.000000000,  565,103.722,360.000,22.488,356.238
42480,-12.841090566,5.000000000,  699,101.946,360.000,22.447,355.588
42540,-12.784909881,5.000000000,  800,100.923,360.000,22.409,354.935
42600,-12.722602371,5.000000000,  800,102.259,360.000,22.384,354.268
42660,-12.660294862,5.000000000,  800,103.594,360.000,22.359,353.602
42720,-12.597987352,5.000000000,  800,104.929,360.000,22.334,352.935
42780,-12.535679843,5.000000000,  800,106.264,360.000,22.309,352.269
42840,-12.473372333,5.000000000,  800,107.599,360.000,22.284,351.602
42900,-12.411064823,5.000000000,  800,108.934,360.000,22.258,350.936
42960,-12.348757314,5.000000000,  800,110.269,360.000,22.233,350.269
