src/Components/missions/ORACLES/Plans/ORACLES-Flt-plan_p3_20170826_RH.ict
42, 1001
sarahdoherty
NASA Ames Research Center
Simulated flight plan
ORACLES-2017
1,1
2017,08,26,2017,08,26
60
Start_UTC, seconds from midnight UTC, time keeping
7
1,1,1,1,1,1,1
-9999,-9999,-9999,-9999,-9999,-9999,-9999
Latitude, Degrees (North positive), Planned latitude position of the aircraft
Longitude, Degrees (East positive), Planned longitude position of the aircraft
Altitude, meters (above sea level), Planned altitude of the aircraft
speed, meters per second (m/s), Estimated speed of aircraft
Bearing, degrees from north, Direction of travel of the plane per respect to north
SZA, degrees from zenith, Elevation position of the sun in the sky per respect to zenith
AZI, degrees from north, Azimuthal position of the sun in the sky per respect to north
1
Simulated aircraft data interpolated from flight plan waypoints
20
-----------------------------------------------------------------------------
PI_CONTACT_INFO: sarahdoherty
PLATFORM: p3
LOCATION: N/A
ASSOCIATED_DATA: N/A
INSTRUMENT_INFO: None
DATA_INFO: Compiled with flight planner: moving lines v1.2
UNCERTAINTY: Undefined
ULOD_FLAG: -7777
ULOD_VALUE: N/A
LLOD_FLAG: -8888
LLOD_VALUE: N/A
DM_CONTACT_INFO: Samuel LeBlanc, samuel.leblanc@nasa.gov
PROJECT_INFO: ORACLES-2017
STIPULATIONS_ON_USE: None
OTHER_COMMENTS: N/A
REVISION: RA
RA: First iteration of the flight plan
-----------------------------------------------------------------------------
Start_UTC,Latitude,Longitude,Altitude,speed,Bearing,SZA,AZI
28800,0.378006000,6.708200000,   95,150.000,253.488,54.313,77.563
28860,0.358636591,6.642872838,  346,149.103,254.334,54.138,77.518
28920,0.339267182,6.577545676,  598,148.207,255.180,53.962,77.473
28980,0.319897774,6.512218513,  849,147.310,256.026,53.787,77.428
29040,0.300528365,6.446891351, 1100,146.413,256.872,53.611,77.383
29100,0.281158956,6.381564189, 1352,145.516,257.718,53.436,77.338
29160,0.261789547,6.316237027, 1603,144.620,258.564,53.260,77.293
29220,0.242420138,6.250909865, 1854,143.723,259.410,53.085,77.248
29280,0.223050730,6.185582702, 2106,142.826,260.257,52.909,77.203
29340,0.203681321,6.120255540, 2357,141.930,261.103,52.734,77.159
29400,0.184311912,6.054928378, 2608,141.033,261.949,52.558,77.114
29460,0.164942503,5.989601216, 2860,140.136,262.795,52.383,77.069
29520,0.145573094,5.924274053, 3111,139.239,263.641,52.207,77.024
29580,0.126203686,5.858946891, 3362,138.343,264.487,52.032,76.979
29640,0.106834277,5.793619729, 3614,137.446,265.333,51.856,76.934
29700,0.087464868,5.728292567, 3865,136.549,266.179,51.681,76.889
29760,0.068095459,5.662965405, 4116,135.653,267.025,51.505,76.844
29820,0.048726050,5.597638242, 4368,134.756,267.872,51.330,76.799
29880,0.029356642,5.532311080, 4619,133.859,268.718,51.154,76.754
29940,0.009987233,5.466983918, 4870,132.962,269.564,50.979,76.709
30000,0.000000000,5.394791040, 5000,133.833,262.001,50.808,76.670
30060,0.000000000,5.315289676, 5000,136.585,245.488,50.642,76.638
30120,0.000000000,5.235788312, 5000,139.337,228.975,50.477,76.606
30180,0.000000000,5.156286949, 5000,142.090,212.462,50.311,76.573
30240,0.000000000,5.076785585, 5000,144.842,195.949,50.145,76.541
30300,-0.002715779,5.000000000, 5000,147.500,180.049,49.977,76.504
30360,-0.082217143,5.000000000, 5000,147.500,181.478,49.766,76.326
30420,-0.161718507,5.000000000, 5000,147.500,182.907,49.554,76.148
30480,-0.241219871,5.000000000, 5000,147.500,184.337,49.342,75.971
30540,-0.320721235,5.000000000, 5000,147.500,185.766,49.131,75.793
30600,-0.400222598,5.000000000, 5000,147.500,187.195,48.919,75.615
30660,-0.479723962,5.000000000, 5000,147.500,188.625,48.707,75.437
30720,-0.559225326,5.000000000, 5000,147.500,190.054,48.495,75.260
30780,-0.638726690,5.000000000, 5000,147.500,191.483,48.284,75.082
30840,-0.718228054,5.000000000, 5000,147.500,192.912,48.072,74.904
30900,-0.797729418,5.000000000, 5000,147.500,194.342,47.860,74.727
30960,-0.877230781,5.000000000, 5000,147.500,195.771,47.648,74.549
31020,-0.956732145,5.000000000, 5000,147.500,197.200,47.437,74.371
31080,-1.036233509,5.000000000, 5000,147.500,198.630,47.225,74.193
31140,-1.115734873,5.000000000, 5000,147.500,200.059,47.013,74.016
31200,-1.195236237,5.000000000, 5000,147.500,201.488,46.802,73.838
31260,-1.274737601,5.000000000, 5000,147.500,202.917,46.590,73.660
31320,-1.354238964,5.000000000, 5000,147.500,204.347,46.378,73.483
31380,-1.433740328,5.000000000, 5000,147.500,205.776,46.166,73.305
31440,-1.513241692,5.000000000, 5000,147.500,207.205,45.955,73.127
31500,-1.592743056,5.000000000, 5000,147.500,208.635,45.743,72.949
31560,-1.672244420,5.000000000, 5000,147.500,210.064,45.531,72.772
31620,-1.751745784,5.000000000, 5000,147.500,211.493,45.320,72.594
31680,-1.831247147,5.000000000, 5000,147.500,212.923,45.108,72.416
31740,-1.910748511,5.000000000, 5000,147.500,214.352,44.896,72.239
31800,-1.990249875,5.000000000, 5000,147.500,215.781,44.684,72.061
31860,-2.069751239,5.000000000, 5000,147.500,217.210,44.473,71.883
31920,-2.149252603,5.000000000, 5000,147.500,218.640,44.261,71.705
31980,-2.228753967,5.000000000, 5000,147.500,220.069,44.049,71.528
32040,-2.308255330,5.000000000, 5000,147.500,221.498,43.837,71.350
32100,-2.387756694,5.000000000, 5000,147.500,222.928,43.626,71.172
32160,-2.467258058,5.000000000, 5000,147.500,224.357,43.414,70.995
32220,-2.546759422,5.000000000, 5000,147.500,225.786,43.202,70.817
32280,-2.626260786,5.000000000, 5000,147.500,227.215,42.991,70.639
32340,-2.705762150,5.000000000, 5000,147.500,228.645,42.779,70.462
32400,-2.785263513,5.000000000, 5000,147.500,230.074,42.567,70.284
32460,-2.864764877,5.000000000, 5000,147.500,231.503,42.355,70.106
32520,-2.944266241,5.000000000, 5000,147.500,232.933,42.144,69.928
32580,-3.023767605,5.000000000, 5000,147.500,234.362,41.932,69.751
32640,-3.103268969,5.000000000, 5000,147.500,235.791,41.720,69.573
32700,-3.182770333,5.000000000, 5000,147.500,237.221,41.508,69.395
32760,-3.262271696,5.000000000, 5000,147.500,238.650,41.297,69.218
32820,-3.341773060,5.000000000, 5000,147.500,240.079,41.085,69.040
32880,-3.421274424,5.000000000, 5000,147.500,241.508,40.873,68.862
32940,-3.500775788,5.000000000, 5000,147.500,242.938,40.662,68.684
33000,-3.580277152,5.000000000, 5000,147.500,244.367,40.450,68.507
33060,-3.659778516,5.000000000, 5000,147.500,245.796,40.238,68.329
33120,-3.739279880,5.000000000, 5000,147.500,247.226,40.026,68.151
33180,-3.818781243,5.000000000, 5000,147.500,248.655,39.815,67.974
33240,-3.898282607,5.000000000, 5000,147.500,250.084,39.603,67.796
33300,-3.977783971,5.000000000, 5000,147.500,251.513,39.391,67.618
33360,-4.057285335,5.000000000, 5000,147.500,252.943,39.179,67.440
33420,-4.136786699,5.000000000, 5000,147.500,254.372,38.968,67.263
33480,-4.216288063,5.000000000, 5000,147.500,255.801,38.756,67.085
33540,-4.295789426,5.000000000, 5000,147.500,257.231,38.544,66.907
33600,-4.375290790,5.000000000, 5000,147.500,258.660,38.333,66.730
33660,-4.454792154,5.000000000, 5000,147.500,260.089,38.121,66.552
33720,-4.534293518,5.000000000, 5000,147.500,261.518,37.909,66.374
33780,-4.613794882,5.000000000, 5000,147.500,262.948,37.697,66.196
33840,-4.693296246,5.000000000, 5000,147.500,264.377,37.486,66.019
33900,-4.772797609,5.000000000, 5000,147.500,265.806,37.274,65.841
33960,-4.852298973,5.000000000, 5000,147.500,267.236,37.062,65.663
34020,-4.931800337,5.000000000, 5000,147.500,268.665,36.850,65.486
34080,-5.000000000,4.988655122, 5000,147.500,269.075,36.647,65.315
34140,-5.000000000,4.908850027, 5000,147.500,263.336,36.496,65.189
34200,-5.000000000,4.829044933, 5000,147.500,257.597,36.344,65.063
34260,-5.000000000,4.749239839, 5000,147.500,251.858,36.192,64.937
34320,-5.000000000,4.669434745, 5000,147.500,246.119,36.040,64.811
34380,-5.000000000,4.589629650, 5000,147.500,240.380,35.888,64.685
34440,-5.000000000,4.509824556, 5000,147.500,234.641,35.737,64.559
34500,-5.000000000,4.430019462, 5000,147.500,228.902,35.585,64.433
34560,-5.000000000,4.350214368, 5000,147.500,223.163,35.433,64.307
34620,-5.000000000,4.270409274, 5000,147.500,217.424,35.281,64.181
34680,-5.000000000,4.190604179, 5000,147.500,211.685,35.130,64.054
34740,-5.000000000,4.110799085, 5000,147.500,205.946,34.978,63.928
34800,-5.000000000,4.030993991, 5000,147.500,200.207,34.826,63.802
34860,-5.000000000,3.951188897, 5000,147.500,194.468,34.674,63.676
34920,-5.000000000,3.871383802, 5000,147.500,188.729,34.522,63.550
34980,-5.000000000,3.791578708, 5000,147.500,182.990,34.371,63.424
35040,-5.000000000,3.711773614, 5000,147.500,177.251,34.219,63.298
35100,-5.000000000,3.631968520, 5000,147.500,171.512,34.067,63.172
35160,-5.000000000,3.552163425, 5000,147.500,165.773,33.915,63.046
35220,-5.000000000,3.472358331, 5000,147.500,160.034,33.764,62.920
35280,-5.000000000,3.392553237, 5000,147.500,154.295,33.612,62.794
35340,-5.000000000,3.312748143, 5000,147.500,148.556,33.460,62.668
35400,-5.000000000,3.232943049, 5000,147.500,142.817,33.308,62.542
35460,-5.000000000,3.153137954, 5000,147.500,137.078,33.156,62.415
35520,-5.000000000,3.073332860, 5000,147.500,131.339,33.005,62.289
35580,-5.000000000,2.993527766, 5000,147.500,125.600,32.853,62.163
35640,-5.000000000,2.913722672, 5000,147.500,119.861,32.701,62.037
35700,-5.000000000,2.833917577, 5000,147.500,114.122,32.549,61.911
35760,-5.000000000,2.754112483, 5000,147.500,108.383,32.398,61.785
35820,-5.000000000,2.674307389, 5000,147.500,102.644,32.246,61.659
35880,-5.000000000,2.594502295, 5000,147.500,96.905,32.094,61.533
35940,-5.000000000,2.514697200, 5000,147.500,91.166,31.942,61.407
36000,-5.000000000,2.565107894, 5000,147.500,97.138,31.693,61.068
36060,-5.000000000,2.644912988, 5000,147.500,105.753,31.421,60.682
36120,-5.000000000,2.724718082, 5000,147.500,114.369,31.149,60.296
36180,-5.000000000,2.804523176, 5000,147.500,122.984,30.877,59.909
36240,-5.000000000,2.884328271, 5000,147.500,131.600,30.605,59.523
36300,-5.000000000,2.964133365, 5000,147.500,140.215,30.334,59.137
36360,-5.000000000,3.043938459, 5000,147.500,148.831,30.062,58.750
36420,-5.000000000,3.123743553, 5000,147.500,157.446,29.790,58.364
36480,-5.000000000,3.203548648, 5000,147.500,166.062,29.518,57.977
36540,-5.000000000,3.283353742, 5000,147.500,174.677,29.247,57.591
36600,-5.000000000,3.363158836, 5000,147.500,183.292,28.975,57.205
36660,-5.000000000,3.442963930, 5000,147.500,191.908,28.703,56.818
36720,-5.000000000,3.522769025, 5000,147.500,200.523,28.431,56.432
36780,-5.000000000,3.602574119, 5000,147.500,209.139,28.159,56.045
36840,-5.000000000,3.682379213, 5000,147.500,217.754,27.888,55.659
36900,-5.000000000,3.762184307, 5000,147.500,226.370,27.616,55.273
36960,-5.000000000,3.841989401, 5000,147.500,234.985,27.344,54.886
37020,-5.000000000,3.921794496, 5000,147.500,243.601,27.072,54.500
37080,-5.000000000,4.001599590, 5000,147.500,252.216,26.801,54.114
37140,-5.000000000,4.081404684, 5000,147.500,260.832,26.529,53.727
37200,-5.000000000,4.161209778, 5000,147.500,269.447,26.257,53.341
37260,-5.000000000,4.241014873, 5000,147.500,278.063,25.985,52.954
37320,-5.000000000,4.320819967, 5000,147.500,286.678,25.714,52.568
37380,-5.000000000,4.400625061, 5000,147.500,295.294,25.442,52.182
37440,-5.000000000,4.480430155, 5000,147.500,303.909,25.170,51.795
37500,-5.000000000,4.560235250, 5000,147.500,312.525,24.898,51.409
37560,-5.000000000,4.640040344, 5000,147.500,321.140,24.626,51.023
37620,-5.000000000,4.719845438, 5000,147.500,329.756,24.355,50.636
37680,-5.000000000,4.799650532, 5000,147.500,338.371,24.083,50.250
37740,-5.000000000,4.879455626, 5000,147.500,346.986,23.811,49.863
37800,-5.000000000,4.959260721, 5000,147.500,355.602,23.539,49.477
37860,-4.961082866,5.000000000, 5000,147.500,357.898,23.300,48.985
37920,-4.881581502,5.000000000, 5000,147.500,353.605,23.094,48.383
37980,-4.802080138,5.000000000, 5000,147.500,349.312,22.888,47.780
38040,-4.722578774,5.000000000, 5000,147.500,345.019,22.682,47.178
38100,-4.643077410,5.000000000, 5000,147.500,340.726,22.477,46.576
38160,-4.563576047,5.000000000, 5000,147.500,336.433,22.271,45.973
38220,-4.484074683,5.000000000, 5000,147.500,332.140,22.065,45.371
38280,-4.404573319,5.000000000, 5000,147.500,327.847,21.859,44.769
38340,-4.325071955,5.000000000, 5000,147.500,323.554,21.653,44.166
38400,-4.245570591,5.000000000, 5000,147.500,319.261,21.447,43.564
38460,-4.166069227,5.000000000, 5000,147.500,314.968,21.241,42.961
38520,-4.086567864,5.000000000, 5000,147.500,310.675,21.036,42.359
38580,-4.007066500,5.000000000, 5000,147.500,306.382,20.830,41.757
38640,-3.927565136,5.000000000, 5000,147.500,302.089,20.624,41.154
38700,-3.848063772,5.000000000, 5000,147.500,297.795,20.418,40.552
38760,-3.768562408,5.000000000, 5000,147.500,293.502,20.212,39.950
38820,-3.689061044,5.000000000, 5000,147.500,289.209,20.006,39.347
38880,-3.609559681,5.000000000, 5000,147.500,284.916,19.801,38.745
38940,-3.530058317,5.000000000, 5000,147.500,280.623,19.595,38.143
39000,-3.450556953,5.000000000, 5000,147.500,276.330,19.389,37.540
39060,-3.371055589,5.000000000, 5000,147.500,272.037,19.183,36.938
39120,-3.291554225,5.000000000, 5000,147.500,267.744,18.977,36.336
39180,-3.212052861,5.000000000, 5000,147.500,263.451,18.771,35.733
39240,-3.132551498,5.000000000, 5000,147.500,259.158,18.566,35.131
39300,-3.053050134,5.000000000, 5000,147.500,254.865,18.360,34.529
39360,-2.973548770,5.000000000, 5000,147.500,250.572,18.154,33.926
39420,-2.894047406,5.000000000, 5000,147.500,246.279,17.948,33.324
39480,-2.814546042,5.000000000, 5000,147.500,241.985,17.742,32.722
39540,-2.735044678,5.000000000, 5000,147.500,237.692,17.536,32.119
39600,-2.655543315,5.000000000, 5000,147.500,233.399,17.330,31.517
39660,-2.576041951,5.000000000, 5000,147.500,229.106,17.125,30.915
39720,-2.496540587,5.000000000, 5000,147.500,224.813,16.919,30.312
39780,-2.417039223,5.000000000, 5000,147.500,220.520,16.713,29.710
39840,-2.337537859,5.000000000, 5000,147.500,216.227,16.507,29.108
39900,-2.258036495,5.000000000, 5000,147.500,211.934,16.301,28.505
39960,-2.178535131,5.000000000, 5000,147.500,207.641,16.095,27.903
40020,-2.099033768,5.000000000, 5000,147.500,203.348,15.890,27.301
40080,-2.019532404,5.000000000, 5000,147.500,199.055,15.684,26.698
40140,-1.940031040,5.000000000, 5000,147.500,194.762,15.478,26.096
40200,-1.860529676,5.000000000, 5000,147.500,190.469,15.272,25.494
40260,-1.781028312,5.000000000, 5000,147.500,186.176,15.066,24.891
40320,-1.701526948,5.000000000, 5000,147.500,181.882,14.860,24.289
40380,-1.622025585,5.000000000, 5000,147.500,177.589,14.655,23.687
40440,-1.542524221,5.000000000, 5000,147.500,173.296,14.449,23.084
40500,-1.463022857,5.000000000, 5000,147.500,169.003,14.243,22.482
40560,-1.383521493,5.000000000, 5000,147.500,164.710,14.037,21.880
40620,-1.304020129,5.000000000, 5000,147.500,160.417,13.831,21.277
40680,-1.224518765,5.000000000, 5000,147.500,156.124,13.625,20.675
40740,-1.145017402,5.000000000, 5000,147.500,151.831,13.419,20.073
40800,-1.065516038,5.000000000, 5000,147.500,147.538,13.214,19.470
40860,-0.986014674,5.000000000, 5000,147.500,143.245,13.008,18.868
40920,-0.906513310,5.000000000, 5000,147.500,138.952,12.802,18.266
40980,-0.827011946,5.000000000, 5000,147.500,134.659,12.596,17.663
41040,-0.747510582,5.000000000, 5000,147.500,130.366,12.390,17.061
41100,-0.668009219,5.000000000, 5000,147.500,126.072,12.184,16.459
41160,-0.588507855,5.000000000, 5000,147.500,121.779,11.979,15.856
41220,-0.509006491,5.000000000, 5000,147.500,117.486,11.773,15.254
41280,-0.429505127,5.000000000, 5000,147.500,113.193,11.567,14.651
41340,-0.350003763,5.000000000, 5000,147.500,108.900,11.361,14.049
41400,-0.270502399,5.000000000, 5000,147.500,104.607,11.155,13.447
41460,-0.191001036,5.000000000, 5000,147.500,100.314,10.949,12.844
41520,-0.111499672,5.000000000, 5000,147.500,96.021,10.743,12.242
41580,-0.031998308,5.000000000, 5000,147.500,91.728,10.538,11.640
41640,0.000000000,5.047503056, 5000,147.500,88.189,10.432,10.325
41700,0.000000000,5.127004420, 5000,147.500,85.159,10.395,8.531
41760,0.000000000,5.206505784, 5000,147.500,82.128,10.357,6.737
41820,0.000000000,5.286007147, 5000,147.500,79.098,10.319,4.943
41880,0.000000000,5.365508511, 5000,147.500,76.068,10.281,3.149
41940,0.002498536,5.441726807, 4968,147.257,73.483,10.260,3.768
42000,0.019461741,5.498938572, 4747,145.606,73.484,10.330,18.359
42060,0.036424947,5.556150338, 4527,143.955,73.484,10.401,32.949
42120,0.053388152,5.613362104, 4307,142.304,73.484,10.471,47.540
42180,0.070351358,5.670573869, 4087,140.653,73.484,10.542,62.131
42240,0.087314563,5.727785635, 3867,139.003,73.484,10.612,76.721
42300,0.104277769,5.784997400, 3647,137.352,73.485,10.683,91.312
42360,0.121240974,5.842209166, 3427,135.701,73.485,10.753,105.903
42420,0.138204180,5.899420932, 3207,134.050,73.485,10.824,120.493
42480,0.155167385,5.956632697, 2987,132.399,73.485,10.894,135.084
42540,0.172130591,6.013844463, 2766,130.748,73.485,10.965,149.674
42600,0.189093796,6.071056228, 2546,129.097,73.486,11.035,164.265
42660,0.206057002,6.128267994, 2326,127.447,73.486,11.105,178.856
42720,0.223020207,6.185479760, 2106,125.796,73.486,11.176,193.446
42780,0.239983413,6.242691525, 1886,124.145,73.486,11.246,208.037
42840,0.256946618,6.299903291, 1666,122.494,73.486,11.317,222.628
42900,0.273909824,6.357115057, 1446,120.843,73.487,11.387,237.218
42960,0.290873029,6.414326822, 1226,119.192,73.487,11.458,251.809
43020,0.307836235,6.471538588, 1006,117.541,73.487,11.528,266.400
43080,0.324799440,6.528750353,  785,115.891,73.487,11.599,280.990
43140,0.341762646,6.585962119,  565,114.240,73.487,11.669,295.581
43200,0.358725851,6.643173885,  345,112.589,73.487,11.740,310.172
43260,0.375689057,6.700385650,  125,110.938,73.488,11.810,324.762
