src/Components/missions/ORACLES/Plans/ORACLES-Flt-plan_p3_20160925_R0.ict
42, 1001
pz
NASA Ames Research Center
Simulated flight plan
ORACLES
1,1
2016,09,25,2016,09,25
60
Start_UTC, seconds from midnight UTC, time keeping
7
1,1,1,1,1,1,1
-9999,-9999,-9999,-9999,-9999,-9999,-9999
Latitude, Degrees (North positive), Planned latitude position of the aircraft
Longitude, Degrees (East positive), Planned longitude position of the aircraft
Altitude, meters (above sea level), Planned altitude of the aircraft
speed, meters per second (m/s), Estimated speed of aircraft
Bearing, degrees from north, Direction of travel of the plane per respect to north
SZA, degrees from zenith, Elevation position of the sun in the sky per respect to zenith
AZI, degrees from north, Azimuthal position of the sun in the sky per respect to north
1
Simulated aircraft data interpolated from flight plan waypoints
20
-----------------------------------------------------------------------------
PI_CONTACT_INFO: pz
PLATFORM: p3
LOCATION: N/A
ASSOCIATED_DATA: N/A
INSTRUMENT_INFO: None
DATA_INFO: Compiled with flight planner: moving lines v1.09
UNCERTAINTY: Undefined
ULOD_FLAG: -7777
ULOD_VALUE: N/A
LLOD_FLAG: -8888
LLOD_VALUE: N/A
DM_CONTACT_INFO: Samuel LeBlanc, samuel.leblanc@nasa.gov
PROJECT_INFO: ORACLES
STIPULATIONS_ON_USE: None
OTHER_COMMENTS: N/A
REVISION: RA
RA: First iteration of the flight plan
-----------------------------------------------------------------------------
Start_UTC,Latitude,Longitude,Altitude,speed,Bearing,SZA,AZI
[from data line 235]
39300,-11.479505659,1.479505659, 2314,134.585,315.462,16.282,51.267
39360,-11.427473483,1.427473483, 2554,134.700,315.447,16.098,50.947
39420,-11.375441306,1.375441306, 2793,134.814,315.432,15.914,50.628
39480,-11.323409130,1.323409130, 3032,134.928,315.417,15.730,50.308
39540,-11.271376954,1.271376954, 3272,135.043,315.402,15.546,49.988
39600,-11.219344778,1.219344778, 3511,135.157,315.387,15.362,49.669
39660,-11.163733230,1.163733230, 3600,135.653,315.379,15.184,49.286
39720,-11.106003369,1.106003369, 3600,136.375,315.376,15.008,48.866
39780,-11.048273507,1.048273507, 3600,137.097,315.372,14.833,48.445
39840,-10.990543646,0.990543646, 3600,137.818,315.369,14.658,48.025
39900,-10.932813785,0.932813785, 3600,138.540,315.366,14.482,47.605
39960,-10.875083923,0.875083923, 3600,139.261,315.362,14.307,47.185
40020,-10.817354062,0.817354062, 3600,139.983,315.359,14.132,46.764
40080,-10.759624201,0.759624201, 3600,140.705,315.356,13.956,46.344
40140,-10.701894339,0.701894339, 3600,141.426,315.352,13.781,45.924
40200,-10.644164478,0.644164478, 3600,142.148,315.349,13.606,45.504
40260,-10.586434617,0.586434617, 3600,142.870,315.346,13.430,45.083
40320,-10.528704755,0.528704755, 3600,143.591,315.342,13.255,44.663
40380,-10.470974894,0.470974894, 3600,144.313,315.339,13.080,44.243
40440,-10.413245033,0.413245033, 3600,145.034,315.336,12.904,43.823
40500,-10.355515171,0.355515171, 3600,145.756,315.332,12.729,43.403
40560,-10.297785310,0.297785310, 3600,146.478,315.329,12.554,42.982
40620,-10.240055449,0.240055449, 3600,147.199,315.326,12.378,42.562
40680,-10.182325587,0.182325587, 3600,147.921,315.322,12.203,42.142
40740,-10.124595726,0.124595726, 3600,148.643,315.319,12.028,41.722
40800,-10.066865865,0.066865865, 3600,149.364,315.316,11.852,41.301
40860,-10.009136003,0.009136003, 3600,150.086,315.313,11.677,40.881
40920,-9.958784296,-0.041215704, 3616,149.697,307.897,11.524,40.119
40980,-9.909819737,-0.090180263, 3636,149.100,299.089,11.374,39.293
41040,-9.860855178,-0.139144822, 3656,148.502,290.280,11.225,38.467
41100,-9.811890618,-0.188109382, 3675,147.905,281.472,11.076,37.642
41160,-9.762926059,-0.237073941, 3695,147.308,272.663,10.927,36.816
41220,-9.713961499,-0.286038501, 3714,146.710,263.854,10.777,35.990
41280,-9.664996940,-0.335003060, 3734,146.113,255.046,10.628,35.164
41340,-9.616032380,-0.383967620, 3754,145.516,246.237,10.479,34.338
41400,-9.567067821,-0.432932179, 3773,144.918,237.429,10.330,33.512
41460,-9.518103261,-0.481896739, 3793,144.321,228.620,10.181,32.686
41520,-9.469138702,-0.530861298, 3812,143.723,219.812,10.031,31.860
41580,-9.420174142,-0.579825858, 3832,143.126,211.003,9.882,31.034
41640,-9.371209583,-0.628790417, 3852,142.529,202.194,9.733,30.208
41700,-9.322245023,-0.677754977, 3871,141.931,193.386,9.584,29.382
41760,-9.273280464,-0.726719536, 3891,141.334,184.577,9.434,28.556
41820,-9.224315905,-0.775684095, 3910,140.737,175.769,9.285,27.730
41880,-9.175351345,-0.824648655, 3930,140.139,166.960,9.136,26.904
41940,-9.126386786,-0.873613214, 3949,139.542,158.151,8.987,26.078
42000,-9.077422226,-0.922577774, 3969,138.945,149.343,8.838,25.252
42060,-9.028457667,-0.971542333, 3989,138.347,140.534,8.688,24.426
42120,-9.016530623,-0.983469377, 3874,137.616,135.416,8.594,35.014
42180,-9.056000993,-0.943999007, 3574,136.701,135.420,8.576,61.442
42240,-9.095471363,-0.904528637, 3274,135.785,135.423,8.558,87.870
42300,-9.134941733,-0.865058267, 2974,134.869,135.427,8.540,114.297
42360,-9.174412104,-0.825587896, 2674,133.954,135.430,8.521,140.725
42420,-9.213882474,-0.786117526, 2374,133.038,135.434,8.503,167.153
42480,-9.253352844,-0.746647156, 2075,132.122,135.437,8.485,193.580
42540,-9.292823215,-0.707176785, 1775,131.207,135.441,8.467,220.008
42600,-9.332293585,-0.667706415, 1475,130.291,135.444,8.449,246.436
42660,-9.371763955,-0.628236045, 1175,129.375,135.448,8.431,272.863
42720,-9.411234326,-0.588765674,  875,128.459,135.451,8.412,299.291
42780,-9.450704696,-0.549295304,  575,127.544,135.455,8.394,325.719
42840,-9.490175066,-0.509824934,  275,126.628,135.458,8.376,352.147
42900,-9.536441078,-0.463558922,  200,126.400,135.462,8.450,357.338
42960,-9.584959265,-0.415040735,  200,126.400,135.467,8.553,355.491
43020,-9.633477452,-0.366522548,  200,126.400,135.471,8.657,353.644
43080,-9.681995640,-0.318004360,  200,126.400,135.476,8.761,351.797
43140,-9.730513827,-0.269486173,  200,126.400,135.480,8.865,349.950
43200,-9.779032014,-0.220967986,  200,126.400,135.485,8.969,348.103
43260,-9.827550201,-0.172449799,  200,126.400,135.489,9.073,346.256
43320,-9.876068389,-0.123931611,  200,126.400,135.494,9.177,344.409
43380,-9.924586576,-0.075413424,  200,126.400,135.498,9.281,342.562
43440,-9.973104763,-0.026895237,  200,126.400,135.503,9.385,340.715
43500,-10.019431012,0.019431012,  212,125.899,135.507,9.520,339.099
43560,-10.063030867,0.063030867,  238,124.774,135.511,9.695,337.768
43620,-10.106630721,0.106630721,  264,123.649,135.515,9.870,336.438
43680,-10.150230576,0.150230576,  290,122.524,135.520,10.045,335.107
43740,-10.193830431,0.193830431,  316,121.399,135.524,10.220,333.777
43800,-10.237430285,0.237430285,  342,120.274,135.528,10.395,332.447
43860,-10.281030140,0.281030140,  369,119.149,135.532,10.570,331.116
43920,-10.324629995,0.324629995,  395,118.025,135.537,10.746,329.786
43980,-10.368229849,0.368229849,  421,116.900,135.541,10.921,328.456
44040,-10.411829704,0.411829704,  447,115.775,135.545,11.096,327.125
44100,-10.455429559,0.455429559,  473,114.650,135.549,11.271,325.795
44160,-10.499029413,0.499029413,  499,113.525,135.553,11.446,324.465
44220,-10.544767682,0.544767682,  572,114.001,135.558,11.669,323.548
44280,-10.590554637,0.590554637,  645,114.514,135.563,11.893,322.641
44340,-10.636341593,0.636341593,  718,115.027,135.567,12.117,321.734
44400,-10.682128549,0.682128549,  791,115.540,135.572,12.341,320.827
44460,-10.727915505,0.727915505,  865,116.053,135.577,12.565,319.920
44520,-10.773702460,0.773702460,  938,116.565,135.581,12.789,319.013
44580,-10.819489416,0.819489416, 1011,117.078,135.586,13.013,318.106
44640,-10.865276372,0.865276372, 1084,117.591,135.591,13.237,317.199
44700,-10.911063328,0.911063328, 1158,118.104,135.595,13.461,316.292
44760,-10.956850284,0.956850284, 1231,118.617,135.600,13.685,315.385
44820,-11.002971798,1.002971798, 1300,119.189,135.605,13.911,314.493
44880,-11.054567270,1.054567270, 1300,120.737,135.610,14.167,313.853
44940,-11.106162741,1.106162741, 1300,122.285,135.616,14.423,313.213
45000,-11.157758213,1.157758213, 1300,123.833,135.621,14.679,312.573
45060,-11.209353684,1.209353684, 1300,125.381,135.626,14.935,311.933
45120,-11.260949156,1.260949156, 1300,126.928,135.632,15.191,311.293
45180,-11.312544627,1.312544627, 1300,128.476,135.637,15.447,310.653
45240,-11.364140098,1.364140098, 1300,130.024,135.643,15.703,310.013
45300,-11.415735570,1.415735570, 1300,131.572,135.648,15.959,309.373
45360,-11.467331041,1.467331041, 1300,133.120,135.654,16.214,308.733
45420,-11.519492253,1.519492253, 1405,134.252,135.663,16.476,308.152
45480,-11.572629986,1.572629986, 1692,134.667,135.677,16.747,307.675
45540,-11.625767719,1.625767719, 1979,135.081,135.692,17.018,307.198
45600,-11.678905453,1.678905453, 2266,135.495,135.706,17.290,306.720
45660,-11.732043186,1.732043186, 2553,135.910,135.721,17.561,306.243
45720,-11.785180919,1.785180919, 2840,136.324,135.735,17.832,305.766
45780,-11.838318652,1.838318652, 3127,136.739,135.750,18.104,305.288
45840,-11.891456385,1.891456385, 3414,137.153,135.765,18.375,304.811
45900,-11.944594118,1.944594118, 3701,137.568,135.779,18.646,304.334
45960,-11.997731852,1.997731852, 3988,137.982,135.794,18.917,303.856
46020,-12.056479332,2.056479332, 4000,138.847,135.801,19.206,303.515
46080,-12.115476938,2.115476938, 4000,139.732,135.809,19.495,303.179
46140,-12.174474543,2.174474543, 4000,140.617,135.816,19.784,302.844
46200,-12.233472149,2.233472149, 4000,141.502,135.823,20.073,302.508
46260,-12.292469754,2.292469754, 4000,142.387,135.831,20.362,302.173
46320,-12.351467360,2.351467360, 4000,143.272,135.838,20.651,301.837
46380,-12.410464965,2.410464965, 4000,144.157,135.845,20.940,301.502
46440,-12.469462571,2.469462571, 4000,145.042,135.852,21.229,301.166
46500,-12.528460176,2.528460176, 4000,145.927,135.860,21.518,300.830
46560,-12.587457782,2.587457782, 4000,146.812,135.867,21.807,300.495
46620,-12.646455387,2.646455387, 4000,147.697,135.874,22.096,300.159
46680,-12.705452993,2.705452993, 4000,148.582,135.882,22.385,299.824
46740,-12.764450598,2.764450598, 4000,149.467,135.889,22.674,299.488
46800,-12.823448204,2.823448204, 4000,150.352,135.896,22.963,299.153
46860,-12.882445809,2.882445809, 4000,151.237,135.904,23.252,298.817
46920,-12.941443415,2.941443415, 4000,152.122,135.911,23.541,298.482
46980,-13.000441963,3.000441963, 4000,153.000,135.918,23.830,298.147
47040,-13.059565621,3.059565621, 4000,153.000,135.926,24.126,297.913
47100,-13.118689279,3.118689279, 4000,153.000,135.934,24.422,297.680
47160,-13.177812937,3.177812937, 4000,153.000,135.942,24.718,297.446
47220,-13.236936595,3.236936595, 4000,153.000,135.950,25.013,297.212
47280,-13.296060253,3.296060253, 4000,153.000,135.958,25.309,296.978
47340,-13.355183911,3.355183911, 4000,153.000,135.965,25.605,296.745
47400,-13.414307569,3.414307569, 4000,153.000,135.973,25.901,296.511
47460,-13.473431227,3.473431227, 4000,153.000,135.981,26.197,296.277
47520,-13.532554885,3.532554885, 4000,153.000,135.989,26.492,296.044
47580,-13.591678543,3.591678543, 4000,153.000,135.997,26.788,295.810
47640,-13.650802201,3.650802201, 4000,153.000,136.005,27.084,295.576
47700,-13.709925859,3.709925859, 4000,153.000,136.013,27.380,295.343
47760,-13.769049516,3.769049516, 4000,153.000,136.021,27.676,295.109
47820,-13.828173174,3.828173174, 4000,153.000,136.028,27.971,294.875
47880,-13.887296832,3.887296832, 4000,153.000,136.036,28.267,294.642
47940,-13.946420490,3.946420490, 4000,153.000,136.044,28.563,294.408
48000,-14.005082869,4.005082869, 4010,152.934,136.052,28.858,294.179
48060,-14.059287370,4.059287370, 4119,152.229,136.060,29.151,294.000
48120,-14.113491871,4.113491871, 4227,151.525,136.067,29.444,293.821
48180,-14.167696372,4.167696372, 4335,150.820,136.075,29.736,293.641
48240,-14.221900873,4.221900873, 4444,150.115,136.083,30.029,293.462
48300,-14.276105374,4.276105374, 4552,149.411,136.091,30.322,293.283
48360,-14.330309875,4.330309875, 4661,148.706,136.098,30.614,293.103
48420,-14.384514376,4.384514376, 4769,148.001,136.106,30.907,292.924
48480,-14.438718877,4.438718877, 4877,147.297,136.114,31.200,292.745
48540,-14.492923378,4.492923378, 4986,146.592,136.121,31.492,292.566
48600,-14.547127879,4.547127879, 5094,145.887,136.129,31.785,292.386
48660,-14.601332380,4.601332380, 5203,145.183,136.137,32.078,292.207
48720,-14.655536881,4.655536881, 5311,144.478,136.145,32.370,292.028
48780,-14.709741382,4.709741382, 5419,143.773,136.152,32.663,291.848
48840,-14.763945883,4.763945883, 5528,143.069,136.160,32.956,291.669
48900,-14.818150384,4.818150384, 5636,142.364,136.168,33.248,291.490
48960,-14.872354885,4.872354885, 5745,141.659,136.175,33.541,291.310
49020,-14.926559386,4.926559386, 5853,140.955,136.183,33.834,291.131
49080,-14.980763887,4.980763887, 5962,140.250,136.191,34.126,290.952
49140,-15.038787374,5.038787374, 6000,140.582,136.208,34.425,290.796
49200,-15.098911687,5.098911687, 6000,141.484,136.231,34.726,290.654
49260,-15.159036000,5.159036000, 6000,142.386,136.253,35.028,290.511
49320,-15.219160312,5.219160312, 6000,143.287,136.276,35.329,290.368
49380,-15.279284625,5.279284625, 6000,144.189,136.298,35.631,290.226
49440,-15.339408938,5.339408938, 6000,145.091,136.321,35.932,290.083
49500,-15.399533250,5.399533250, 6000,145.993,136.343,36.233,289.941
49560,-15.459657563,5.459657563, 6000,146.895,136.366,36.535,289.798
49620,-15.519781876,5.519781876, 6000,147.797,136.388,36.836,289.655
49680,-15.579906188,5.579906188, 6000,148.699,136.410,37.138,289.513
49740,-15.640030501,5.640030501, 6000,149.600,136.433,37.439,289.370
49800,-15.700154814,5.700154814, 6000,150.502,136.455,37.741,289.228
49860,-15.760279126,5.760279126, 6000,151.404,136.478,38.042,289.085
49920,-15.820403439,5.820403439, 6000,152.306,136.500,38.344,288.942
49980,-15.880527751,5.880527751, 6000,153.208,136.523,38.645,288.800
50040,-15.940652064,5.940652064, 6000,154.110,136.545,38.947,288.657
50100,-16.000779689,6.000779689, 6000,155.000,136.568,39.248,288.515
50160,-16.061160484,6.061160484, 6000,155.000,136.579,39.549,288.396
50220,-16.121541279,6.121541279, 6000,155.000,136.589,39.851,288.277
50280,-16.181922074,6.181922074, 6000,155.000,136.600,40.152,288.158
50340,-16.242302869,6.242302869, 6000,155.000,136.611,40.454,288.039
50400,-16.302683665,6.302683665, 6000,155.000,136.622,40.755,287.920
50460,-16.363064460,6.363064460, 6000,155.000,136.633,41.057,287.801
50520,-16.423445255,6.423445255, 6000,155.000,136.643,41.358,287.682
50580,-16.483826050,6.483826050, 6000,155.000,136.654,41.659,287.563
50640,-16.544206845,6.544206845, 6000,155.000,136.665,41.961,287.444
50700,-16.604587640,6.604587640, 6000,155.000,136.676,42.262,287.325
50760,-16.664968436,6.664968436, 6000,155.000,136.687,42.564,287.206
50820,-16.725349231,6.725349231, 6000,155.000,136.697,42.865,287.088
50880,-16.785730026,6.785730026, 6000,155.000,136.708,43.166,286.969
50940,-16.846110821,6.846110821, 6000,155.000,136.719,43.468,286.850
51000,-16.906491616,6.906491616, 6000,155.000,136.730,43.769,286.731
51060,-16.966872412,6.966872412, 6000,155.000,136.741,44.071,286.612
51120,-17.027253207,7.027253207, 6000,155.000,136.751,44.372,286.493
51180,-17.087634002,7.087634002, 6000,155.000,136.762,44.674,286.374
51240,-17.148014797,7.148014797, 6000,155.000,136.773,44.975,286.255
51300,-17.208395592,7.208395592, 6000,155.000,136.784,45.276,286.136
51360,-17.268776387,7.268776387, 6000,155.000,136.795,45.578,286.017
51420,-17.329157183,7.329157183, 6000,155.000,136.805,45.879,285.898
51480,-17.389537978,7.389537978, 6000,155.000,136.816,46.181,285.779
51540,-17.449918773,7.449918773, 6000,155.000,136.827,46.482,285.660
51600,-17.510299568,7.510299568, 6000,155.000,136.838,46.784,285.541
51660,-17.570680363,7.570680363, 6000,155.000,136.849,47.085,285.422
51720,-17.631061159,7.631061159, 6000,155.000,136.859,47.386,285.303
51780,-17.691441954,7.691441954, 6000,155.000,136.870,47.688,285.185
51840,-17.751822749,7.751822749, 6000,155.000,136.881,47.989,285.066
51900,-17.812203544,7.812203544, 6000,155.000,136.892,48.291,284.947
51960,-17.872584339,7.872584339, 6000,155.000,136.903,48.592,284.828
52020,-17.932965134,7.932965134, 6000,155.000,136.913,48.893,284.709
52080,-17.993345930,7.993345930, 6000,155.000,136.924,49.195,284.590
52140,-18.053295369,8.053295369, 5947,154.947,136.943,49.494,284.482
52200,-18.113191384,8.113191384, 5887,154.887,136.964,49.793,284.376
52260,-18.173087400,8.173087400, 5827,154.827,136.984,50.091,284.269
52320,-18.232983416,8.232983416, 5767,154.767,137.004,50.390,284.163
52380,-18.292879431,8.292879431, 5707,154.707,137.025,50.689,284.057
52440,-18.352775447,8.352775447, 5647,154.647,137.045,50.987,283.950
52500,-18.412671463,8.412671463, 5587,154.587,137.066,51.286,283.844
52560,-18.472567478,8.472567478, 5527,154.527,137.086,51.585,283.738
52620,-18.532463494,8.532463494, 5468,154.468,137.106,51.884,283.631
52680,-18.592359509,8.592359509, 5408,154.408,137.127,52.182,283.525
52740,-18.652255525,8.652255525, 5348,154.348,137.147,52.481,283.419
52800,-18.712151541,8.712151541, 5288,154.288,137.167,52.780,283.312
52860,-18.772047556,8.772047556, 5228,154.228,137.188,53.078,283.206
52920,-18.831943572,8.831943572, 5168,154.168,137.208,53.377,283.100
52980,-18.891839588,8.891839588, 5108,154.108,137.228,53.676,282.993
53040,-18.951735603,8.951735603, 5048,154.048,137.249,53.975,282.887
53100,-19.011631619,9.011631619, 4988,153.988,137.269,54.273,282.781
53160,-19.071527635,9.071527635, 4928,153.928,137.289,54.572,282.674
