src/Components/missions/ORACLES/Plans/ORACLES-Flt-plan_p3_20170819_RC.ict
43, 1001
jredeman
NASA Ames Research Center
Simulated flight plan
ORACLES
1,1
2017,08,19,2017,08,19
60
Start_UTC, seconds from midnight UTC, time keeping
7
1,1,1,1,1,1,1
-9999,-9999,-9999,-9999,-9999,-9999,-9999
Latitude, Degrees (North positive), Planned latitude position of the aircraft
Longitude, Degrees (East positive), Planned longitude position of the aircraft
Altitude, meters (above sea level), Planned altitude of the aircraft
speed, meters per second (m/s), Estimated speed of aircraft
Bearing, degrees from north, Direction of travel of the plane per respect to north
SZA, degrees from zenith, Elevation position of the sun in the sky per respect to zenith
AZI, degrees from north, Azimuthal position of the sun in the sky per respect to north
1
Simulated aircraft data interpolated from flight plan waypoints
21
-----------------------------------------------------------------------------
PI_CONTACT_INFO: jredeman
PLATFORM: p3
LOCATION: N/A
ASSOCIATED_DATA: N/A
INSTRUMENT_INFO: None
DATA_INFO: Compiled with flight planner: moving lines v1.2
UNCERTAINTY: Undefined
ULOD_FLAG: -7777
ULOD_VALUE: N/A
LLOD_FLAG: -8888
LLOD_VALUE: N/A
DM_CONTACT_INFO: Samuel LeBlanc, samuel.leblanc@nasa.gov
PROJECT_INFO: ORACLES
STIPULATIONS_ON_USE: None
OTHER_COMMENTS: N/A
REVISION: RC
RC: Version 3 of the flight plan ict 
  RA: First iteration of the flight plan
-----------------------------------------------------------------------------
Start_UTC,Latitude,Longitude,Altitude,speed,Bearing,SZA,AZI
[from data line 476]
53760,2.502968104,2.499791471, 1500,107.811,169.815,46.225,285.974
53820,2.456905191,2.545601656, 1500,108.974,187.232,46.521,285.952
53880,2.410842279,2.591411840, 1500,110.136,204.650,46.818,285.931
53940,2.364779367,2.637222025, 1500,111.298,222.068,47.115,285.909
54000,2.318716454,2.683032209, 1500,112.460,239.485,47.412,285.887
54060,2.272653542,2.728842394, 1500,113.622,256.903,47.709,285.865
54120,2.226590630,2.774652578, 1500,114.784,274.320,48.006,285.843
54180,2.180527718,2.820462762, 1500,115.946,291.738,48.303,285.821
54240,2.134464805,2.866272947, 1500,117.108,309.155,48.600,285.799
54300,2.088401893,2.912083131, 1500,118.270,326.573,48.897,285.777
54360,2.042338981,2.957893316, 1500,119.432,343.991,49.193,285.755
54420,2.000000000,3.000000000, 1524,119.943,349.109,49.486,285.731
54480,2.000000000,3.000000000, 1824,113.051,214.390,49.726,285.682
54540,1.980460716,3.019413504, 2000,109.694,145.599,49.990,285.646
54600,1.933049409,3.066519614, 2000,111.379,170.849,50.288,285.628
54660,1.885638101,3.113625724, 2000,113.064,196.100,50.587,285.609
54720,1.838226793,3.160731833, 2000,114.749,221.350,50.885,285.591
54780,1.790815486,3.207837943, 2000,116.434,246.601,51.184,285.572
54840,1.743404178,3.254944052, 2000,118.118,271.851,51.482,285.554
54900,1.695992870,3.302050162, 2000,119.803,297.102,51.781,285.536
54960,1.648581562,3.349156272, 2000,121.488,322.352,52.079,285.517
55020,1.601170255,3.396262381, 2000,123.173,347.603,52.378,285.499
55080,1.577892948,3.419389847, 2153,120.492,291.432,52.647,285.468
55140,1.577892948,3.419389847, 2452,113.602,156.731,52.887,285.424
55200,1.536943109,3.460069909, 2500,113.955,157.002,53.178,285.403
55260,1.488198955,3.508492938, 2500,115.687,182.963,53.479,285.387
55320,1.439454801,3.556915967, 2500,117.420,208.924,53.779,285.370
55380,1.390710647,3.605338996, 2500,119.152,234.885,54.080,285.354
55440,1.341966493,3.653762025, 2500,120.884,260.846,54.381,285.338
55500,1.293222338,3.702185054, 2500,122.616,286.807,54.681,285.322
55560,1.244478184,3.750608083, 2500,124.349,312.768,54.982,285.306
55620,1.195734030,3.799031112, 2500,126.081,338.729,55.282,285.289
55680,1.155795558,3.838706471, 2554,127.338,351.870,55.572,285.269
55740,1.155795558,3.838706471, 2854,126.438,306.868,55.813,285.230
55800,1.155795558,3.838706471, 3154,125.539,261.867,56.054,285.191
55860,1.155795558,3.838706471, 3454,124.639,216.865,56.295,285.152
55920,1.155795558,3.838706471, 3753,123.740,171.863,56.536,285.113
55980,1.146470842,3.848075543, 4000,123.121,134.496,56.788,285.078
56040,1.093998735,3.900797254, 4000,123.802,132.460,57.093,285.065
56100,1.041526627,3.953518965, 4000,124.483,130.423,57.399,285.052
56160,0.989054519,4.006240675, 4000,125.164,128.387,57.705,285.039
56220,0.936582412,4.058962386, 4000,125.845,126.350,58.010,285.027
56280,0.884110304,4.111684096, 4000,126.526,124.314,58.316,285.014
56340,0.831638197,4.164405807, 4000,127.207,122.277,58.621,285.001
56400,0.779166089,4.217127518, 4000,127.888,120.241,58.927,284.988
56460,0.726693982,4.269849228, 4000,128.569,118.204,59.232,284.975
56520,0.674221874,4.322570939, 4000,129.250,116.168,59.538,284.962
56580,0.621749767,4.375292650, 4000,129.931,114.131,59.843,284.949
56640,0.569277659,4.428014360, 4000,130.612,112.095,60.149,284.936
56700,0.516805552,4.480736071, 4000,131.293,110.058,60.455,284.923
56760,0.464333444,4.533457781, 4000,131.974,108.021,60.760,284.910
56820,0.411861337,4.586179492, 4000,132.655,105.985,61.066,284.897
56880,0.359389229,4.638901203, 4000,133.336,103.948,61.371,284.884
56940,0.306917121,4.691622913, 4000,134.017,101.912,61.677,284.871
57000,0.254445014,4.744344624, 4000,134.698,99.875,61.982,284.858
57060,0.201972906,4.797066334, 4000,135.379,97.839,62.288,284.845
57120,0.149500799,4.849788045, 4000,136.060,95.802,62.593,284.832
57180,0.097028691,4.902509756, 4000,136.741,93.766,62.899,284.819
57240,0.044556584,4.955231466, 4000,137.422,91.729,63.205,284.807
57300,0.000000000,5.009724809, 4000,138.000,89.629,63.510,284.790
57360,0.000000000,5.074190693, 4000,138.000,87.172,63.814,284.752
57420,0.000000000,5.138656577, 4000,138.000,84.715,64.118,284.713
57480,0.000000000,5.203122460, 4000,138.000,82.257,64.423,284.675
57540,0.000000000,5.267588344, 4000,138.000,79.800,64.727,284.637
57600,0.000000000,5.332054227, 4000,138.000,77.343,65.031,284.598
57660,0.000000000,5.396520111, 4000,138.000,74.885,65.335,284.560
57720,0.004224532,5.447548071, 3955,137.687,73.484,65.625,284.527
57780,0.014061211,5.480724214, 3851,136.958,73.484,65.897,284.500
57840,0.023897889,5.513900357, 3747,136.230,73.484,66.169,284.474
57900,0.033734567,5.547076499, 3643,135.501,73.484,66.440,284.447
57960,0.043571245,5.580252642, 3539,134.773,73.484,66.712,284.420
58020,0.053407923,5.613428785, 3435,134.044,73.484,66.984,284.394
58080,0.063244601,5.646604928, 3331,133.315,73.484,67.255,284.367
58140,0.073081280,5.679781070, 3227,132.587,73.484,67.527,284.341
58200,0.082917958,5.712957213, 3123,131.858,73.484,67.799,284.314
58260,0.092754636,5.746133356, 3018,131.129,73.485,68.070,284.287
58320,0.102591314,5.779309498, 2914,130.401,73.485,68.342,284.261
58380,0.112427992,5.812485641, 2810,129.672,73.485,68.614,284.234
58440,0.122264671,5.845661784, 2706,128.944,73.485,68.885,284.207
58500,0.132101349,5.878837926, 2602,128.215,73.485,69.157,284.181
58560,0.141938027,5.912014069, 2498,127.486,73.485,69.429,284.154
58620,0.151774705,5.945190212, 2394,126.758,73.485,69.701,284.127
58680,0.161611383,5.978366355, 2290,126.029,73.485,69.972,284.101
58740,0.171448061,6.011542497, 2186,125.300,73.485,70.244,284.074
58800,0.181284740,6.044718640, 2082,124.572,73.485,70.516,284.048
58860,0.191121418,6.077894783, 1978,123.843,73.486,70.787,284.021
58920,0.200958096,6.111070925, 1873,123.114,73.486,71.059,283.994
58980,0.210794774,6.144247068, 1769,122.386,73.486,71.331,283.968
59040,0.220631452,6.177423211, 1665,121.657,73.486,71.602,283.941
59100,0.230468130,6.210599354, 1561,120.929,73.486,71.874,283.914
59160,0.240304809,6.243775496, 1457,120.200,73.486,72.146,283.888
59220,0.250141487,6.276951639, 1353,119.471,73.486,72.417,283.861
59280,0.259978165,6.310127782, 1249,118.743,73.486,72.689,283.835
59340,0.269814843,6.343303924, 1145,118.014,73.486,72.961,283.808
59400,0.279651521,6.376480067, 1041,117.285,73.487,73.232,283.781
59460,0.289488199,6.409656210,  937,116.557,73.487,73.504,283.755
59520,0.299324878,6.442832352,  833,115.828,73.487,73.776,283.728
59580,0.309161556,6.476008495,  729,115.100,73.487,74.047,283.701
59640,0.318998234,6.509184638,  624,114.371,73.487,74.319,283.675
59700,0.328834912,6.542360781,  520,113.642,73.487,74.591,283.648
59760,0.338671590,6.575536923,  416,112.914,73.487,74.862,283.621
59820,0.348508268,6.608713066,  312,112.185,73.487,75.134,283.595
59880,0.358344947,6.641889209,  208,111.456,73.487,75.406,283.568
59940,0.368181625,6.675065351,  104,110.728,73.488,75.677,283.542
