src/Components/missions/ORACLES/Plans/ORACLES-Flt-plan_er2_20160922_R0.ict
43, 1001
rferrare
NASA Ames Research Center
Simulated flight plan
ORACLES
1,1
2016,09,22,2016,09,22
60
Start_UTC, seconds from midnight UTC, time keeping
7
1,1,1,1,1,1,1
-9999,-9999,-9999,-9999,-9999,-9999,-9999
Latitude, Degrees (North positive), Planned latitude position of the aircraft
Longitude, Degrees (East positive), Planned longitude position of the aircraft
Altitude, meters (above sea level), Planned altitude of the aircraft
speed, meters per second (m/s), Estimated speed of aircraft
Bearing, degrees from north, Direction of travel of the plane per respect to north
SZA, degrees from zenith, Elevation position of the sun in the sky per respect to zenith
AZI, degrees from north, Azimuthal position of the sun in the sky per respect to north
1
Simulated aircraft data interpolated from flight plan waypoints
21
-----------------------------------------------------------------------------
PI_CONTACT_INFO: rferrare
PLATFORM: er2
LOCATION: N/A
ASSOCIATED_DATA: N/A
INSTRUMENT_INFO: None
DATA_INFO: Compiled with flight planner: moving lines v1.1
UNCERTAINTY: Undefined
ULOD_FLAG: -7777
ULOD_VALUE: N/A
LLOD_FLAG: -8888
LLOD_VALUE: N/A
DM_CONTACT_INFO: Samuel LeBlanc, samuel.leblanc@nasa.gov
PROJECT_INFO: ORACLES
STIPULATIONS_ON_USE: None
OTHER_COMMENTS: N/A
REVISION: RD
RD: Version 4 of the flight plan ict 
  RA: First iteration of the flight plan
-----------------------------------------------------------------------------
Start_UTC,Latitude,Longitude,Altitude,speed,Bearing,SZA,AZI
27000,-22.979716667,14.645283333,   95,150.000,268.911,54.630,72.339
27060,-22.980585578,14.574801588,  905,152.352,270.950,54.474,72.228
27120,-22.981454489,14.504319844, 1715,154.704,272.989,54.318,72.117
27180,-22.982323400,14.433838099, 2525,157.056,275.028,54.162,72.005
27240,-22.983192311,14.363356354, 3334,159.407,277.067,54.006,71.894
27300,-22.984061221,14.292874609, 4144,161.759,279.106,53.850,71.783
27360,-22.984930132,14.222392864, 4954,164.111,281.144,53.694,71.672
27420,-22.985799043,14.151911119, 5764,166.463,283.183,53.538,71.561
27480,-22.986667954,14.081429374, 6574,168.815,285.222,53.382,71.450
27540,-22.987536865,14.010947630, 7384,171.167,287.261,53.226,71.338
27600,-22.988405776,13.940465885, 8194,173.518,289.300,53.070,71.227
27660,-22.989274687,13.869984140, 9004,175.870,291.339,52.914,71.116
27720,-22.990143598,13.799502395, 9813,178.222,293.377,52.758,71.005
27780,-22.991012509,13.729020650,10623,180.574,295.416,52.602,70.894
27840,-22.991881420,13.658538905,11433,182.926,297.455,52.446,70.783
27900,-22.992750331,13.588057160,12243,185.278,299.494,52.290,70.671
27960,-22.993619242,13.517575415,13053,187.629,301.533,52.134,70.560
28020,-22.994488153,13.447093671,13863,189.981,303.571,51.978,70.449
28080,-22.995357064,13.376611926,14673,192.333,305.610,51.822,70.338
28140,-22.996225975,13.306130181,15482,194.685,307.649,51.666,70.227
28200,-22.997094886,13.235648436,16292,197.037,309.688,51.510,70.116
28260,-22.997963797,13.165166691,17102,199.389,311.727,51.354,70.004
28320,-22.998832708,13.094684946,17912,201.741,313.766,51.198,69.893
28380,-22.999701619,13.024203201,18722,204.092,315.804,51.042,69.782
28440,-22.946905911,12.946905911,19000,204.900,316.500,50.873,69.715
28500,-22.866044160,12.866044160,19000,204.900,316.494,50.697,69.670
28560,-22.785182409,12.785182409,19000,204.900,316.488,50.521,69.625
28620,-22.704320658,12.704320658,19000,204.900,316.482,50.345,69.580
28680,-22.623458907,12.623458907,19000,204.900,316.476,50.169,69.536
28740,-22.542597156,12.542597156,19000,204.900,316.469,49.993,69.491
28800,-22.461735405,12.461735405,19000,204.900,316.463,49.817,69.446
28860,-22.380873654,12.380873654,19000,204.900,316.457,49.641,69.401
28920,-22.300011902,12.300011902,19000,204.900,316.451,49.465,69.357
28980,-22.219150151,12.219150151,19000,204.900,316.445,49.289,69.312
29040,-22.138288400,12.138288400,19000,204.900,316.438,49.113,69.267
29100,-22.057426649,12.057426649,19000,204.900,316.432,48.937,69.223
29160,-21.976564898,11.976564898,19000,204.900,316.426,48.761,69.178
29220,-21.895703147,11.895703147,19000,204.900,316.420,48.585,69.133
29280,-21.814841396,11.814841396,19000,204.900,316.413,48.409,69.088
29340,-21.733979645,11.733979645,19000,204.900,316.407,48.233,69.044
29400,-21.653117894,11.653117894,19000,204.900,316.401,48.057,68.999
29460,-21.572256143,11.572256143,19000,204.900,316.395,47.881,68.954
29520,-21.491394392,11.491394392,19000,204.900,316.389,47.705,68.909
29580,-21.410532641,11.410532641,19000,204.900,316.382,47.529,68.865
29640,-21.329670890,11.329670890,19000,204.900,316.376,47.353,68.820
29700,-21.248809139,11.248809139,19000,204.900,316.370,47.177,68.775
29760,-21.167947388,11.167947388,19000,204.900,316.364,47.001,68.731
29820,-21.087085637,11.087085637,19000,204.900,316.358,46.825,68.686
29880,-21.006223886,11.006223886,19000,204.900,316.351,46.649,68.641
29940,-20.925362135,10.925362135,19000,204.900,316.345,46.473,68.596
30000,-20.844500384,10.844500384,19000,204.900,316.339,46.297,68.552
30060,-20.763638633,10.763638633,19000,204.900,316.333,46.121,68.507
30120,-20.682776882,10.682776882,19000,204.900,316.327,45.945,68.462
30180,-20.601915131,10.601915131,19000,204.900,316.320,45.769,68.417
30240,-20.521053380,10.521053380,19000,204.900,316.314,45.593,68.373
30300,-20.440191629,10.440191629,19000,204.900,316.308,45.417,68.328
30360,-20.359329878,10.359329878,19000,204.900,316.302,45.241,68.283
30420,-20.278468127,10.278468127,19000,204.900,316.295,45.065,68.238
30480,-20.197606376,10.197606376,19000,204.900,316.289,44.889,68.194
30540,-20.116744625,10.116744625,19000,204.900,316.283,44.713,68.149
30600,-20.035882874,10.035882874,19000,204.900,316.277,44.537,68.104
30660,-19.955360986,9.955360986,19000,204.900,316.263,44.359,68.062
30720,-19.875110231,9.875110231,19000,204.900,316.242,44.180,68.021
30780,-19.794859476,9.794859476,19000,204.900,316.222,44.001,67.980
30840,-19.714608721,9.714608721,19000,204.900,316.202,43.822,67.940
30900,-19.634357966,9.634357966,19000,204.900,316.182,43.643,67.899
30960,-19.554107211,9.554107211,19000,204.900,316.161,43.464,67.858
31020,-19.473856456,9.473856456,19000,204.900,316.141,43.285,67.818
31080,-19.393605701,9.393605701,19000,204.900,316.121,43.106,67.777
31140,-19.313354945,9.313354945,19000,204.900,316.100,42.927,67.736
31200,-19.233104190,9.233104190,19000,204.900,316.080,42.748,67.695
31260,-19.152853435,9.152853435,19000,204.900,316.060,42.569,67.655
31320,-19.072602680,9.072602680,19000,204.900,316.040,42.390,67.614
31380,-18.992351925,8.992351925,19000,204.900,316.019,42.211,67.573
31440,-18.912101170,8.912101170,19000,204.900,315.999,42.032,67.533
31500,-18.831850415,8.831850415,19000,204.900,315.979,41.853,67.492
31560,-18.751599660,8.751599660,19000,204.900,315.958,41.674,67.451
31620,-18.671348905,8.671348905,19000,204.900,315.938,41.495,67.410
31680,-18.591098150,8.591098150,19000,204.900,315.918,41.316,67.370
31740,-18.510847395,8.510847395,19000,204.900,315.897,41.137,67.329
31800,-18.430596640,8.430596640,19000,204.900,315.877,40.958,67.288
31860,-18.350345885,8.350345885,19000,204.900,315.857,40.779,67.248
31920,-18.270095130,8.270095130,19000,204.900,315.837,40.600,67.207
31980,-18.189844374,8.189844374,19000,204.900,315.816,40.421,67.166
32040,-18.109593619,8.109593619,19000,204.900,315.796,40.242,67.125
32100,-18.029342864,8.029342864,19000,204.900,315.776,40.063,67.085
32160,-17.949427199,7.949427199,19000,204.900,315.763,39.882,67.046
32220,-17.869704676,7.869704676,19000,204.900,315.754,39.701,67.008
32280,-17.789982152,7.789982152,19000,204.900,315.745,39.519,66.970
32340,-17.710259629,7.710259629,19000,204.900,315.737,39.337,66.932
32400,-17.630537106,7.630537106,19000,204.900,315.728,39.156,66.894
32460,-17.550814583,7.550814583,19000,204.900,315.719,38.974,66.856
32520,-17.471092060,7.471092060,19000,204.900,315.711,38.792,66.818
32580,-17.391369537,7.391369537,19000,204.900,315.702,38.611,66.780
32640,-17.311647014,7.311647014,19000,204.900,315.694,38.429,66.742
32700,-17.231924491,7.231924491,19000,204.900,315.685,38.248,66.704
32760,-17.152201968,7.152201968,19000,204.900,315.676,38.066,66.665
32820,-17.072479445,7.072479445,19000,204.900,315.668,37.884,66.627
32880,-16.992756922,6.992756922,19000,204.900,315.659,37.703,66.589
32940,-16.913034399,6.913034399,19000,204.900,315.650,37.521,66.551
33000,-16.833311876,6.833311876,19000,204.900,315.642,37.339,66.513
33060,-16.753589352,6.753589352,19000,204.900,315.633,37.158,66.475
33120,-16.673866829,6.673866829,19000,204.900,315.624,36.976,66.437
33180,-16.594144306,6.594144306,19000,204.900,315.616,36.794,66.399
33240,-16.514421783,6.514421783,19000,204.900,315.607,36.613,66.361
33300,-16.434699260,6.434699260,19000,204.900,315.598,36.431,66.323
33360,-16.354976737,6.354976737,19000,204.900,315.590,36.249,66.285
33420,-16.275254214,6.275254214,19000,204.900,315.581,36.068,66.247
33480,-16.195531691,6.195531691,19000,204.900,315.572,35.886,66.209
33540,-16.115809168,6.115809168,19000,204.900,315.564,35.705,66.171
33600,-16.036086645,6.036086645,19000,204.900,315.555,35.523,66.133
33660,-15.956364122,5.956364122,19000,204.900,315.546,35.341,66.095
33720,-15.876641599,5.876641599,19000,204.900,315.538,35.160,66.057
33780,-15.796919076,5.796919076,19000,204.900,315.529,34.978,66.019
33840,-15.717196552,5.717196552,19000,204.900,315.520,34.796,65.981
33900,-15.637474029,5.637474029,19000,204.900,315.512,34.615,65.943
33960,-15.557751506,5.557751506,19000,204.900,315.503,34.433,65.905
34020,-15.478028983,5.478028983,19000,204.900,315.494,34.251,65.867
34080,-15.398306460,5.398306460,19000,204.900,315.486,34.070,65.829
34140,-15.318583937,5.318583937,19000,204.900,315.477,33.888,65.791
34200,-15.238861414,5.238861414,19000,204.900,315.468,33.707,65.753
34260,-15.159138891,5.159138891,19000,204.900,315.460,33.525,65.715
34320,-15.079416368,5.079416368,19000,204.900,315.451,33.343,65.677
34380,-14.999695912,4.999695912,19000,204.900,315.442,33.162,65.639
34440,-14.920511785,4.920511785,19000,204.900,315.440,32.978,65.602
34500,-14.841327658,4.841327658,19000,204.900,315.437,32.793,65.564
34560,-14.762143530,4.762143530,19000,204.900,315.434,32.609,65.527
34620,-14.682959403,4.682959403,19000,204.900,315.431,32.425,65.490
34680,-14.603775276,4.603775276,19000,204.900,315.428,32.241,65.453
34740,-14.524591149,4.524591149,19000,204.900,315.426,32.057,65.415
34800,-14.445407021,4.445407021,19000,204.900,315.423,31.873,65.378
34860,-14.366222894,4.366222894,19000,204.900,315.420,31.689,65.341
34920,-14.287038767,4.287038767,19000,204.900,315.417,31.505,65.304
34980,-14.207854640,4.207854640,19000,204.900,315.414,31.321,65.266
35040,-14.128670512,4.128670512,19000,204.900,315.411,31.137,65.229
35100,-14.049486385,4.049486385,19000,204.900,315.409,30.953,65.192
35160,-13.970302258,3.970302258,19000,204.900,315.406,30.769,65.154
35220,-13.891118130,3.891118130,19000,204.900,315.403,30.585,65.117
35280,-13.811934003,3.811934003,19000,204.900,315.400,30.400,65.080
35340,-13.732749876,3.732749876,19000,204.900,315.397,30.216,65.043
35400,-13.653565749,3.653565749,19000,204.900,315.395,30.032,65.005
35460,-13.574381621,3.574381621,19000,204.900,315.392,29.848,64.968
35520,-13.495197494,3.495197494,19000,204.900,315.389,29.664,64.931
35580,-13.416013367,3.416013367,19000,204.900,315.386,29.480,64.894
35640,-13.336829239,3.336829239,19000,204.900,315.383,29.296,64.856
35700,-13.257645112,3.257645112,19000,204.900,315.381,29.112,64.819
35760,-13.178460985,3.178460985,19000,204.900,315.378,28.928,64.782
35820,-13.099276858,3.099276858,19000,204.900,315.375,28.744,64.745
35880,-13.020092730,3.020092730,19000,204.900,315.372,28.560,64.707
35940,-12.940908603,2.940908603,19000,204.900,315.369,28.376,64.670
36000,-12.861724476,2.861724476,19000,204.900,315.367,28.191,64.633
36060,-12.782540348,2.782540348,19000,204.900,315.364,28.007,64.596
36120,-12.703356221,2.703356221,19000,204.900,315.361,27.823,64.558
36180,-12.624172094,2.624172094,19000,204.900,315.358,27.639,64.521
36240,-12.544987967,2.544987967,19000,204.900,315.355,27.455,64.484
36300,-12.465803839,2.465803839,19000,204.900,315.353,27.271,64.447
36360,-12.386619712,2.386619712,19000,204.900,315.350,27.087,64.409
36420,-12.307435585,2.307435585,19000,204.900,315.347,26.903,64.372
36480,-12.228251457,2.228251457,19000,204.900,315.344,26.719,64.335
36540,-12.149067330,2.149067330,19000,204.900,315.341,26.535,64.298
36600,-12.069883203,2.069883203,19000,204.900,315.338,26.351,64.260
36660,-11.990991918,1.990991918,19000,204.900,314.917,26.166,64.222
36720,-11.914300925,1.914300925,19000,204.900,311.350,25.980,64.173
36780,-11.837609932,1.837609932,19000,204.900,307.782,25.793,64.125
36840,-11.760918939,1.760918939,19000,204.900,304.215,25.606,64.076
36900,-11.684227946,1.684227946,19000,204.900,300.647,25.420,64.028
36960,-11.607536954,1.607536954,19000,204.900,297.080,25.233,63.979
37020,-11.530845961,1.530845961,19000,204.900,293.513,25.046,63.930
37080,-11.454154968,1.454154968,19000,204.900,289.945,24.860,63.882
37140,-11.377463975,1.377463975,19000,204.900,286.378,24.673,63.833
37200,-11.300772982,1.300772982,19000,204.900,282.810,24.487,63.785
37260,-11.224081989,1.224081989,19000,204.900,279.243,24.300,63.736
37320,-11.147390997,1.147390997,19000,204.900,275.676,24.113,63.688
37380,-11.070700004,1.070700004,19000,204.900,272.108,23.927,63.639
37440,-10.994009011,0.994009011,19000,204.900,268.541,23.740,63.591
37500,-10.917318018,0.917318018,19000,204.900,264.973,23.553,63.542
37560,-10.840627025,0.840627025,19000,204.900,261.406,23.367,63.493
37620,-10.763936032,0.763936032,19000,204.900,257.839,23.180,63.445
37680,-10.687245039,0.687245039,19000,204.900,254.271,22.993,63.396
37740,-10.610554047,0.610554047,19000,204.900,250.704,22.807,63.348
37800,-10.533863054,0.533863054,19000,204.900,247.136,22.620,63.299
37860,-10.457172061,0.457172061,19000,204.900,243.569,22.434,63.251
37920,-10.380481068,0.380481068,19000,204.900,240.002,22.247,63.202
37980,-10.303790075,0.303790075,19000,204.900,236.434,22.060,63.154
38040,-10.227099082,0.227099082,19000,204.900,232.867,21.874,63.105
38100,-10.150408090,0.150408090,19000,204.900,229.299,21.687,63.056
38160,-10.073717097,0.073717097,19000,204.900,225.732,21.500,63.008
38220,-10.003098640,-0.002955251,19000,204.900,222.303,21.319,62.939
38280,-10.083006531,-0.079165424,19000,204.900,222.299,21.261,62.372
38340,-10.162914423,-0.155375597,19000,204.900,222.294,21.203,61.805
38400,-10.242822314,-0.231585769,19000,204.900,222.290,21.146,61.238
38460,-10.322730205,-0.307795942,19000,204.900,222.286,21.088,60.671
38520,-10.402638096,-0.384006115,19000,204.900,222.282,21.030,60.104
38580,-10.482545988,-0.460216288,19000,204.900,222.278,20.972,59.537
38640,-10.562453879,-0.536426460,19000,204.900,222.274,20.915,58.970
38700,-10.642361770,-0.612636633,19000,204.900,222.270,20.857,58.403
38760,-10.722269662,-0.688846806,19000,204.900,222.266,20.799,57.836
38820,-10.802177553,-0.765056979,19000,204.900,222.261,20.742,57.269
38880,-10.882085444,-0.841267152,19000,204.900,222.257,20.684,56.702
38940,-10.961993336,-0.917477324,19000,204.900,222.253,20.626,56.135
39000,-11.041901227,-0.993687497,19000,204.900,222.249,20.569,55.569
39060,-11.121809118,-1.069897670,19000,204.900,222.245,20.511,55.002
39120,-11.201717010,-1.146107843,19000,204.900,222.241,20.453,54.435
39180,-11.281624901,-1.222318015,19000,204.900,222.237,20.395,53.868
39240,-11.361532792,-1.298528188,19000,204.900,222.232,20.338,53.301
39300,-11.441440683,-1.374738361,19000,204.900,222.228,20.280,52.734
39360,-11.521348575,-1.450948534,19000,204.900,222.224,20.222,52.167
39420,-11.601256466,-1.527158706,19000,204.900,222.220,20.165,51.600
39480,-11.681164357,-1.603368879,19000,204.900,222.216,20.107,51.033
39540,-11.761072249,-1.679579052,19000,204.900,222.212,20.049,50.466
39600,-11.840980140,-1.755789225,19000,204.900,222.208,19.992,49.899
39660,-11.920888031,-1.831999397,19000,204.900,222.204,19.934,49.332
39720,-12.000795923,-1.908209570,19000,204.900,222.199,19.876,48.765
39780,-12.080703814,-1.984419743,19000,204.900,222.195,19.818,48.198
39840,-12.160611705,-2.060629916,19000,204.900,222.191,19.761,47.631
39900,-12.240519597,-2.136840089,19000,204.900,222.187,19.703,47.064
39960,-12.320427488,-2.213050261,19000,204.900,222.183,19.645,46.497
40020,-12.400335379,-2.289260434,19000,204.900,222.179,19.588,45.930
40080,-12.480243270,-2.365470607,19000,204.900,222.175,19.530,45.363
40140,-12.560151162,-2.441680780,19000,204.900,222.171,19.472,44.796
40200,-12.640059053,-2.517890952,19000,204.900,222.166,19.414,44.229
40260,-12.719966944,-2.594101125,19000,204.900,222.162,19.357,43.662
40320,-12.799874836,-2.670311298,19000,204.900,222.158,19.299,43.095
40380,-12.879782727,-2.746521471,19000,204.900,222.154,19.241,42.528
40440,-12.959690618,-2.822731643,19000,204.900,222.150,19.184,41.961
40500,-13.039598510,-2.898941816,19000,204.900,222.146,19.126,41.394
40560,-13.119506401,-2.975151989,19000,204.900,222.142,19.068,40.827
40620,-13.199414292,-3.051362162,19000,204.900,222.137,19.011,40.260
40680,-13.279322184,-3.127572335,19000,204.900,222.133,18.953,39.693
40740,-13.359230075,-3.203782507,19000,204.900,222.129,18.895,39.126
40800,-13.439137966,-3.279992680,19000,204.900,222.125,18.837,38.559
40860,-13.519045857,-3.356202853,19000,204.900,222.121,18.780,37.992
40920,-13.598953749,-3.432413026,19000,204.900,222.117,18.722,37.425
