src/Components/missions/ORACLES/Plans/ORACLES-Flt-plan_p3_20170826_RG.ict
43, 1001
jredeman
NASA Ames Research Center
Simulated flight plan
ORACLES
1,1
2017,08,26,2017,08,26
60
Start_UTC, seconds from midnight UTC, time keeping
7
1,1,1,1,1,1,1
-9999,-9999,-9999,-9999,-9999,-9999,-9999
Latitude, Degrees (North positive), Planned latitude position of the aircraft
Longitude, Degrees (East positive), Planned longitude position of the aircraft
Altitude, meters (above sea level), Planned altitude of the aircraft
speed, meters per second (m/s), Estimated speed of aircraft
Bearing, degrees from north, Direction of travel of the plane per respect to north
SZA, degrees from zenith, Elevation position of the sun in the sky per respect to zenith
AZI, degrees from north, Azimuthal position of the sun in the sky per respect to north
1
Simulated aircraft data interpolated from flight plan waypoints
21
-----------------------------------------------------------------------------
PI_CONTACT_INFO: jredeman
PLATFORM: p3
LOCATION: N/A
ASSOCIATED_DATA: N/A
INSTRUMENT_INFO: None
DATA_INFO: Compiled with flight planner: moving lines v1.2
UNCERTAINTY: Undefined
ULOD_FLAG: -7777
ULOD_VALUE: N/A
LLOD_FLAG: -8888
LLOD_VALUE: N/A
DM_CONTACT_INFO: Samuel LeBlanc, samuel.leblanc@nasa.gov
PROJECT_INFO: ORACLES
STIPULATIONS_ON_USE: None
OTHER_COMMENTS: N/A
REVISION: RG
RG: Version 7 of the flight plan ict 
  RA: First iteration of the flight plan
-----------------------------------------------------------------------------
Start_UTC,Latitude,Longitude,Altitude,speed,Bearing,SZA,AZI
28800,0.378006000,6.708200000,   95,150.000,253.488,54.313,77.563
28860,0.359106102,6.644456355,  334,148.957,254.313,54.136,77.518
28920,0.340206204,6.580712711,  573,147.914,255.139,53.959,77.473
28980,0.321306306,6.516969066,  812,146.871,255.964,53.781,77.428
29040,0.302406408,6.453225422, 1051,145.828,256.790,53.604,77.383
29100,0.283506510,6.389481777, 1290,144.785,257.616,53.427,77.338
29160,0.264606611,6.325738133, 1530,143.741,258.441,53.249,77.293
29220,0.245706713,6.261994488, 1769,142.698,259.267,53.072,77.248
29280,0.226806815,6.198250844, 2008,141.655,260.092,52.895,77.203
29340,0.207906917,6.134507199, 2247,140.612,260.918,52.717,77.158
29400,0.189007019,6.070763555, 2486,139.569,261.744,52.540,77.113
29460,0.170107121,6.007019910, 2725,138.526,262.569,52.363,77.068
29520,0.151207223,5.943276266, 2964,137.483,263.395,52.185,77.023
29580,0.132307325,5.879532621, 3203,136.440,264.220,52.008,76.978
29640,0.113407427,5.815788977, 3442,135.397,265.046,51.831,76.933
29700,0.094507529,5.752045332, 3681,134.354,265.872,51.653,76.888
29760,0.075607630,5.688301688, 3920,133.310,266.697,51.476,76.843
29820,0.056707732,5.624558043, 4159,132.267,267.523,51.299,76.798
29880,0.037807834,5.560814399, 4399,131.224,268.348,51.122,76.753
29940,0.018907936,5.497070754, 4638,130.181,269.174,50.944,76.708
30000,0.000008038,5.433327110, 4877,129.138,270.000,50.767,76.663
30060,0.000000000,5.357873171, 4983,131.028,270.000,50.598,76.629
30120,0.000000000,5.282414249, 5089,132.920,270.000,50.428,76.596
30180,0.000000000,5.206955327, 5195,134.812,270.000,50.259,76.563
30240,0.000000000,5.131496406, 5301,136.704,270.000,50.089,76.530
30300,0.000000000,5.056037484, 5408,138.595,270.000,49.920,76.496
30360,0.000000000,4.996423809, 5486,140.027,269.759,49.738,76.433
30420,0.000000000,4.982529086, 5486,140.131,268.821,49.518,76.285
30480,0.000000000,4.968634363, 5486,140.235,267.883,49.298,76.136
30540,0.000000000,4.954739640, 5486,140.339,266.945,49.078,75.987
30600,0.000000000,4.940844917, 5486,140.444,266.008,48.858,75.839
30660,0.000000000,4.926950194, 5486,140.548,265.070,48.638,75.690
30720,0.000000000,4.913055471, 5486,140.652,264.132,48.417,75.541
30780,0.000000000,4.899160748, 5486,140.756,263.194,48.197,75.393
30840,0.000000000,4.885266025, 5486,140.861,262.256,47.977,75.244
30900,0.000000000,4.871371302, 5486,140.965,261.319,47.757,75.095
30960,0.000000000,4.857476579, 5486,141.069,260.381,47.537,74.947
31020,0.000000000,4.843581855, 5486,141.173,259.443,47.317,74.798
31080,0.000000000,4.829687132, 5486,141.277,258.505,47.097,74.650
31140,0.000000000,4.815792409, 5486,141.382,257.568,46.877,74.501
31200,0.000000000,4.801897686, 5486,141.486,256.630,46.657,74.352
31260,0.000000000,4.788002963, 5486,141.590,255.692,46.437,74.204
31320,0.000000000,4.774108240, 5486,141.694,254.754,46.217,74.055
31380,0.000000000,4.760213517, 5486,141.798,253.817,45.997,73.906
31440,0.000000000,4.746318794, 5486,141.903,252.879,45.777,73.758
31500,0.000000000,4.732424071, 5486,142.007,251.941,45.557,73.609
31560,0.000000000,4.718529348, 5486,142.111,251.003,45.337,73.460
31620,0.000000000,4.704634625, 5486,142.215,250.065,45.117,73.312
31680,0.000000000,4.690739902, 5486,142.319,249.128,44.897,73.163
31740,0.000000000,4.676845179, 5486,142.424,248.190,44.677,73.015
31800,0.000000000,4.662950456, 5486,142.528,247.252,44.457,72.866
31860,0.000000000,4.649055732, 5486,142.632,246.314,44.237,72.717
31920,0.000000000,4.635161009, 5486,142.736,245.377,44.017,72.569
31980,0.000000000,4.621266286, 5486,142.841,244.439,43.797,72.420
32040,0.000000000,4.607371563, 5486,142.945,243.501,43.577,72.271
32100,0.000000000,4.593476840, 5486,143.049,242.563,43.357,72.123
32160,0.000000000,4.579582117, 5486,143.153,241.625,43.136,71.974
32220,0.000000000,4.565687394, 5486,143.257,240.688,42.916,71.825
32280,0.000000000,4.551792671, 5486,143.362,239.750,42.696,71.677
32340,0.000000000,4.537897948, 5486,143.466,238.812,42.476,71.528
32400,0.000000000,4.524003225, 5486,143.570,237.874,42.256,71.379
32460,0.000000000,4.510108502, 5486,143.674,236.937,42.036,71.231
32520,0.000000000,4.496213779, 5486,143.778,235.999,41.816,71.082
32580,0.000000000,4.482319056, 5486,143.883,235.061,41.596,70.934
32640,0.000000000,4.468424332, 5486,143.987,234.123,41.376,70.785
32700,0.000000000,4.454529609, 5486,144.091,233.186,41.156,70.636
32760,0.000000000,4.440634886, 5486,144.195,232.248,40.936,70.488
32820,0.000000000,4.426740163, 5486,144.299,231.310,40.716,70.339
32880,0.000000000,4.412845440, 5486,144.404,230.372,40.496,70.190
32940,0.000000000,4.398950717, 5486,144.508,229.434,40.276,70.042
33000,0.000000000,4.385055994, 5486,144.612,228.497,40.056,69.893
33060,0.000000000,4.371161271, 5486,144.716,227.559,39.836,69.744
33120,0.000000000,4.357266548, 5486,144.821,226.621,39.616,69.596
33180,0.000000000,4.343371825, 5486,144.925,225.683,39.396,69.447
33240,0.000000000,4.329477102, 5486,145.029,224.746,39.176,69.299
33300,0.000000000,4.315582379, 5486,145.133,223.808,38.956,69.150
33360,0.000000000,4.301687656, 5486,145.237,222.870,38.736,69.001
33420,0.000000000,4.287792932, 5486,145.342,221.932,38.516,68.853
33480,0.000000000,4.273898209, 5486,145.446,220.994,38.296,68.704
33540,0.000000000,4.260003486, 5486,145.550,220.057,38.076,68.555
33600,0.000000000,4.246108763, 5486,145.654,219.119,37.855,68.407
33660,0.000000000,4.232214040, 5486,145.758,218.181,37.635,68.258
33720,0.000000000,4.218319317, 5486,145.863,217.243,37.415,68.109
33780,0.000000000,4.204424594, 5486,145.967,216.306,37.195,67.961
33840,0.000000000,4.190529871, 5486,146.071,215.368,36.975,67.812
33900,0.000000000,4.176635148, 5486,146.175,214.430,36.755,67.664
33960,0.000000000,4.162740425, 5486,146.279,213.492,36.535,67.515
34020,0.000000000,4.148845702, 5486,146.384,212.555,36.315,67.366
34080,0.000000000,4.134950979, 5486,146.488,211.617,36.095,67.218
34140,0.000000000,4.121056256, 5486,146.592,210.679,35.875,67.069
34200,0.000000000,4.107161533, 5486,146.696,209.741,35.655,66.920
34260,0.000000000,4.093266809, 5486,146.800,208.803,35.435,66.772
34320,0.000000000,4.079372086, 5486,146.905,207.866,35.215,66.623
34380,0.000000000,4.065477363, 5486,147.009,206.928,34.995,66.474
34440,0.000000000,4.051582640, 5486,147.113,205.990,34.775,66.326
34500,0.000000000,4.037687917, 5486,147.217,205.052,34.555,66.177
34560,0.000000000,4.023793194, 5486,147.322,204.115,34.335,66.028
34620,0.000000000,4.009898471, 5486,147.426,203.177,34.115,65.880
34680,0.000000000,3.996003748, 5486,147.530,202.239,33.895,65.731
34740,0.000000000,3.982109025, 5486,147.634,201.301,33.675,65.583
34800,0.000000000,3.968214302, 5486,147.738,200.363,33.455,65.434
34860,0.000000000,3.954319579, 5486,147.843,199.426,33.235,65.285
34920,0.000000000,3.940424856, 5486,147.947,198.488,33.015,65.137
34980,0.000000000,3.926530133, 5486,148.051,197.550,32.795,64.988
35040,0.000000000,3.912635409, 5486,148.155,196.612,32.574,64.839
35100,0.000000000,3.898740686, 5486,148.259,195.675,32.354,64.691
35160,0.000000000,3.884845963, 5486,148.364,194.737,32.134,64.542
35220,0.000000000,3.870951240, 5486,148.468,193.799,31.914,64.393
35280,0.000000000,3.857056517, 5486,148.572,192.861,31.694,64.245
35340,0.000000000,3.843161794, 5486,148.676,191.924,31.474,64.096
35400,0.000000000,3.829267071, 5486,148.780,190.986,31.254,63.948
35460,0.000000000,3.815372348, 5486,148.885,190.048,31.034,63.799
35520,0.000000000,3.801477625, 5486,148.989,189.110,30.814,63.650
35580,0.000000000,3.787582902, 5486,149.093,188.172,30.594,63.502
35640,0.000000000,3.773688179, 5486,149.197,187.235,30.374,63.353
35700,0.000000000,3.759793456, 5486,149.302,186.297,30.154,63.204
35760,0.000000000,3.745898733, 5486,149.406,185.359,29.934,63.056
35820,0.000000000,3.732004010, 5486,149.510,184.421,29.714,62.907
35880,0.000000000,3.718109286, 5486,149.614,183.484,29.494,62.758
35940,0.000000000,3.704214563, 5486,149.718,182.546,29.274,62.610
36000,0.000000000,3.690319840, 5486,149.823,181.608,29.054,62.461
36060,0.000000000,3.676425117, 5486,149.927,180.670,28.834,62.312
36120,0.000000000,3.662530394, 5486,150.031,179.732,28.614,62.164
36180,0.000000000,3.648635671, 5486,150.135,178.795,28.394,62.015
36240,0.000000000,3.634740948, 5486,150.239,177.857,28.174,61.867
36300,0.000000000,3.620846225, 5486,150.344,176.919,27.954,61.718
36360,0.000000000,3.606951502, 5486,150.448,175.981,27.734,61.569
36420,0.000000000,3.593056779, 5486,150.552,175.044,27.514,61.421
36480,0.000000000,3.579162056, 5486,150.656,174.106,27.293,61.272
36540,0.000000000,3.565267333, 5486,150.760,173.168,27.073,61.123
36600,0.000000000,3.551372610, 5486,150.865,172.230,26.853,60.975
36660,0.000000000,3.537477886, 5486,150.969,171.293,26.633,60.826
36720,0.000000000,3.523583163, 5486,151.073,170.355,26.413,60.677
36780,0.000000000,3.509688440, 5486,151.177,169.417,26.193,60.529
36840,0.000000000,3.495793717, 5486,151.282,168.479,25.973,60.380
36900,0.000000000,3.481898994, 5486,151.386,167.541,25.753,60.232
36960,0.000000000,3.468004271, 5486,151.490,166.604,25.533,60.083
37020,0.000000000,3.454109548, 5486,151.594,165.666,25.313,59.934
37080,0.000000000,3.440214825, 5486,151.698,164.728,25.093,59.786
37140,0.000000000,3.426320102, 5486,151.803,163.790,24.873,59.637
37200,0.000000000,3.412425379, 5486,151.907,162.853,24.653,59.488
37260,0.000000000,3.398530656, 5486,152.011,161.915,24.433,59.340
37320,0.000000000,3.384635933, 5486,152.115,160.977,24.213,59.191
37380,0.000000000,3.370741210, 5486,152.219,160.039,23.993,59.042
37440,0.000000000,3.356846487, 5486,152.324,159.101,23.773,58.894
37500,0.000000000,3.342951763, 5486,152.428,158.164,23.553,58.745
37560,0.000000000,3.329057040, 5486,152.532,157.226,23.333,58.597
37620,0.000000000,3.315162317, 5486,152.636,156.288,23.113,58.448
37680,0.000000000,3.301267594, 5486,152.740,155.350,22.893,58.299
37740,0.000000000,3.287372871, 5486,152.845,154.413,22.673,58.151
37800,0.000000000,3.273478148, 5486,152.949,153.475,22.453,58.002
37860,0.000000000,3.259583425, 5486,153.053,152.537,22.233,57.853
37920,0.000000000,3.245688702, 5486,153.157,151.599,22.012,57.705
37980,0.000000000,3.231793979, 5486,153.262,150.662,21.792,57.556
38040,0.000000000,3.217899256, 5486,153.366,149.724,21.572,57.407
38100,0.000000000,3.204004533, 5486,153.470,148.786,21.352,57.259
38160,0.000000000,3.190109810, 5486,153.574,147.848,21.132,57.110
38220,0.000000000,3.176215087, 5486,153.678,146.910,20.912,56.961
38280,0.000000000,3.162320363, 5486,153.783,145.973,20.692,56.813
38340,0.000000000,3.148425640, 5486,153.887,145.035,20.472,56.664
38400,0.000000000,3.134530917, 5486,153.991,144.097,20.252,56.516
38460,0.000000000,3.120636194, 5486,154.095,143.159,20.032,56.367
38520,0.000000000,3.106741471, 5486,154.199,142.222,19.812,56.218
38580,0.000000000,3.092846748, 5486,154.304,141.284,19.592,56.070
38640,0.000000000,3.078952025, 5486,154.408,140.346,19.372,55.921
38700,0.000000000,3.065057302, 5486,154.512,139.408,19.152,55.772
38760,0.000000000,3.051162579, 5486,154.616,138.470,18.932,55.624
38820,0.000000000,3.037267856, 5486,154.720,137.533,18.712,55.475
38880,0.000000000,3.023373133, 5486,154.825,136.595,18.492,55.326
38940,0.000000000,3.009478410, 5486,154.929,135.657,18.272,55.178
39000,-0.018778174,3.018778174, 5486,155.000,136.285,18.074,54.749
39060,-0.077858566,3.077858566, 5486,155.000,140.272,17.925,53.720
39120,-0.136938958,3.136938958, 5486,155.000,144.258,17.775,52.691
39180,-0.196019350,3.196019350, 5486,155.000,148.245,17.626,51.661
39240,-0.255099742,3.255099742, 5486,155.000,152.232,17.476,50.632
39300,-0.314180134,3.314180134, 5486,155.000,156.219,17.327,49.603
39360,-0.373260526,3.373260526, 5486,155.000,160.206,17.177,48.573
39420,-0.432340918,3.432340918, 5486,155.000,164.193,17.028,47.544
39480,-0.491421310,3.491421310, 5486,155.000,168.180,16.878,46.515
39540,-0.550501702,3.550501702, 5486,155.000,172.167,16.729,45.485
39600,-0.609582094,3.609582094, 5486,155.000,176.154,16.579,44.456
39660,-0.668662487,3.668662487, 5486,155.000,180.141,16.430,43.427
39720,-0.727742879,3.727742879, 5486,155.000,184.127,16.280,42.397
39780,-0.786823271,3.786823271, 5486,155.000,188.114,16.131,41.368
39840,-0.845903663,3.845903663, 5486,155.000,192.101,15.981,40.339
39900,-0.904984055,3.904984055, 5486,155.000,196.088,15.832,39.309
39960,-0.964064447,3.964064447, 5486,155.000,200.075,15.682,38.280
40020,-1.023144839,4.023144839, 5486,155.000,204.062,15.533,37.251
40080,-1.082225231,4.082225231, 5486,155.000,208.049,15.383,36.221
40140,-1.141305623,4.141305623, 5486,155.000,212.036,15.234,35.192
40200,-1.200386015,4.200386015, 5486,155.000,216.023,15.084,34.163
40260,-1.259466407,4.259466407, 5486,155.000,220.009,14.935,33.133
40320,-1.318546799,4.318546799, 5486,155.000,223.996,14.785,32.104
40380,-1.377627191,4.377627191, 5486,155.000,227.983,14.636,31.075
40440,-1.436707583,4.436707583, 5486,155.000,231.970,14.486,30.045
40500,-1.495787975,4.495787975, 5486,155.000,235.957,14.337,29.016
40560,-1.554868367,4.554868367, 5486,155.000,239.944,14.187,27.987
40620,-1.613948759,4.613948759, 5486,155.000,243.931,14.038,26.957
40680,-1.673029151,4.673029151, 5486,155.000,247.918,13.888,25.928
40740,-1.732109543,4.732109543, 5486,155.000,251.905,13.739,24.899
40800,-1.791189935,4.791189935, 5486,155.000,255.892,13.589,23.869
40860,-1.850270327,4.850270327, 5486,155.000,259.878,13.440,22.840
40920,-1.909350720,4.909350720, 5486,155.000,263.865,13.290,21.811
40980,-1.968431112,4.968431112, 5486,155.000,267.852,13.141,20.781
41040,-2.000000000,4.996471253, 5486,155.000,269.571,13.120,21.199
41100,-2.000000000,4.988893341, 5486,155.000,268.689,13.248,23.279
41160,-2.000000000,4.981315430, 5486,155.000,267.806,13.376,25.358
41220,-2.000000000,4.973737518, 5486,155.000,266.923,13.503,27.437
41280,-2.000000000,4.966159606, 5486,155.000,266.040,13.631,29.517
41340,-2.000000000,4.958581694, 5486,155.000,265.158,13.759,31.596
41400,-2.000000000,4.951003783, 5486,155.000,264.275,13.886,33.675
41460,-2.000000000,4.943425871, 5486,155.000,263.392,14.014,35.754
41520,-2.000000000,4.935847959, 5486,155.000,262.509,14.142,37.834
41580,-2.000000000,4.928270047, 5486,155.000,261.627,14.270,39.913
41640,-2.000000000,4.920692136, 5486,155.000,260.744,14.397,41.992
41700,-2.000000000,4.913114224, 5486,155.000,259.861,14.525,44.071
41760,-2.000000000,4.905536312, 5486,155.000,258.978,14.653,46.151
41820,-2.000000000,4.897958400, 5486,155.000,258.096,14.780,48.230
41880,-2.000000000,4.890380489, 5486,155.000,257.213,14.908,50.309
41940,-2.000000000,4.882802577, 5486,155.000,256.330,15.036,52.389
42000,-2.000000000,4.875224665, 5486,155.000,255.447,15.163,54.468
42060,-2.000000000,4.867646754, 5486,155.000,254.564,15.291,56.547
42120,-2.000000000,4.860068842, 5486,155.000,253.682,15.419,58.626
42180,-2.000000000,4.852490930, 5486,155.000,252.799,15.547,60.706
42240,-2.000000000,4.844913018, 5486,155.000,251.916,15.674,62.785
42300,-2.000000000,4.837335107, 5486,155.000,251.033,15.802,64.864
42360,-2.000000000,4.829757195, 5486,155.000,250.151,15.930,66.944
42420,-2.000000000,4.822179283, 5486,155.000,249.268,16.057,69.023
42480,-2.000000000,4.814601371, 5486,155.000,248.385,16.185,71.102
42540,-2.000000000,4.807023460, 5486,155.000,247.502,16.313,73.181
42600,-2.000000000,4.799445548, 5486,155.000,246.620,16.441,75.261
42660,-2.000000000,4.791867636, 5486,155.000,245.737,16.568,77.340
42720,-2.000000000,4.784289724, 5486,155.000,244.854,16.696,79.419
42780,-2.000000000,4.776711813, 5486,155.000,243.971,16.824,81.498
42840,-2.000000000,4.769133901, 5486,155.000,243.089,16.951,83.578
42900,-2.000000000,4.761555989, 5486,155.000,242.206,17.079,85.657
42960,-2.000000000,4.753978077, 5486,155.000,241.323,17.207,87.736
43020,-2.000000000,4.746400166, 5486,155.000,240.440,17.335,89.816
43080,-2.000000000,4.738822254, 5486,155.000,239.557,17.462,91.895
43140,-2.000000000,4.731244342, 5486,155.000,238.675,17.590,93.974
43200,-2.000000000,4.723666430, 5486,155.000,237.792,17.718,96.053
