src/Components/missions/ORACLES/Plans/ORACLES-Flt-plan_p3_20170819_RB.ict
43, 1001
jredeman
NASA Ames Research Center
Simulated flight plan
ORACLES
1,1
2017,08,19,2017,08,19
60
Start_UTC, seconds from midnight UTC, time keeping
7
1,1,1,1,1,1,1
-9999,-9999,-9999,-9999,-9999,-9999,-9999
Latitude, Degrees (North positive), Planned latitude position of the aircraft
Longitude, Degrees (East positive), Planned longitude position of the aircraft
Altitude, meters (above sea level), Planned altitude of the aircraft
speed, meters per second (m/s), Estimated speed of aircraft
Bearing, degrees from north, Direction of travel of the plane per respect to north
SZA, degrees from zenith, Elevation position of the sun in the sky per respect to zenith
AZI, degrees from north, Azimuthal position of the sun in the sky per respect to north
1
Simulated aircraft data interpolated from flight plan waypoints
21
-----------------------------------------------------------------------------
PI_CONTACT_INFO: jredeman
PLATFORM: p3
LOCATION: N/A
ASSOCIATED_DATA: N/A
INSTRUMENT_INFO: None
DATA_INFO: Compiled with flight planner: moving lines v1.2
UNCERTAINTY: Undefined
ULOD_FLAG: -7777
ULOD_VALUE: N/A
LLOD_FLAG: -8888
LLOD_VALUE: N/A
DM_CONTACT_INFO: Samuel LeBlanc, samuel.leblanc@nasa.gov
PROJECT_INFO: ORACLES
STIPULATIONS_ON_USE: None
OTHER_COMMENTS: N/A
REVISION: RB
RB: Version 2 of the flight plan ict 
  RA: First iteration of the flight plan
-----------------------------------------------------------------------------
Start_UTC,Latitude,Longitude,Altitude,speed,Bearing,SZA,AZI
[from data line 471]
53460,-3.980927452,5.000000000, 5486,141.429,334.284,49.529,291.365
53520,-3.897383646,5.000000000, 5486,141.713,329.158,49.740,291.239
53580,-3.813839840,5.000000000, 5486,141.998,324.031,49.950,291.113
53640,-3.730296034,5.000000000, 5486,142.283,318.905,50.161,290.987
53700,-3.646752228,5.000000000, 5486,142.568,313.778,50.371,290.861
53760,-3.563208422,5.000000000, 5486,142.853,308.651,50.582,290.736
53820,-3.479664616,5.000000000, 5486,143.138,303.525,50.792,290.610
53880,-3.396120810,5.000000000, 5486,143.422,298.398,51.003,290.484
53940,-3.312577004,5.000000000, 5486,143.707,293.272,51.213,290.358
54000,-3.229033198,5.000000000, 5486,143.992,288.145,51.424,290.232
54060,-3.145489391,5.000000000, 5486,144.277,283.019,51.635,290.107
54120,-3.061945585,5.000000000, 5486,144.562,277.892,51.845,289.981
54180,-2.978401779,5.000000000, 5486,144.846,272.766,52.056,289.855
54240,-2.894857973,5.000000000, 5486,145.131,267.639,52.266,289.729
54300,-2.811314167,5.000000000, 5486,145.416,262.512,52.477,289.604
54360,-2.727770361,5.000000000, 5486,145.701,257.386,52.687,289.478
54420,-2.644226555,5.000000000, 5486,145.986,252.259,52.898,289.352
54480,-2.560682749,5.000000000, 5486,146.270,247.133,53.108,289.226
54540,-2.477138943,5.000000000, 5486,146.555,242.006,53.319,289.100
54600,-2.393595137,5.000000000, 5486,146.840,236.880,53.529,288.975
54660,-2.310051331,5.000000000, 5486,147.125,231.753,53.740,288.849
54720,-2.226507525,5.000000000, 5486,147.410,226.627,53.951,288.723
54780,-2.142963719,5.000000000, 5486,147.694,221.500,54.161,288.597
54840,-2.059419913,5.000000000, 5486,147.979,216.373,54.372,288.471
54900,-1.975876107,5.000000000, 5486,148.264,211.247,54.582,288.346
54960,-1.892332300,5.000000000, 5486,148.549,206.120,54.793,288.220
55020,-1.808788494,5.000000000, 5486,148.834,200.994,55.003,288.094
55080,-1.725244688,5.000000000, 5486,149.118,195.867,55.214,287.968
55140,-1.641700882,5.000000000, 5486,149.403,190.741,55.424,287.842
55200,-1.558157076,5.000000000, 5486,149.688,185.614,55.635,287.717
55260,-1.474613270,5.000000000, 5486,149.973,180.488,55.846,287.591
55320,-1.391069464,5.000000000, 5486,150.258,175.361,56.056,287.465
55380,-1.307525658,5.000000000, 5486,150.543,170.235,56.267,287.339
55440,-1.223981852,5.000000000, 5486,150.827,165.108,56.477,287.214
55500,-1.140438046,5.000000000, 5486,151.112,159.981,56.688,287.088
55560,-1.056894240,5.000000000, 5486,151.397,154.855,56.898,286.962
55620,-0.973350434,5.000000000, 5486,151.682,149.728,57.109,286.836
55680,-0.889806628,5.000000000, 5486,151.967,144.602,57.319,286.710
55740,-0.806262822,5.000000000, 5486,152.251,139.475,57.530,286.585
55800,-0.722719016,5.000000000, 5486,152.536,134.349,57.741,286.459
55860,-0.639175209,5.000000000, 5486,152.821,129.222,57.951,286.333
55920,-0.555631403,5.000000000, 5486,153.106,124.096,58.162,286.207
55980,-0.472087597,5.000000000, 5486,153.391,118.969,58.372,286.081
56040,-0.388543791,5.000000000, 5486,153.675,113.842,58.583,285.956
56100,-0.304999985,5.000000000, 5486,153.960,108.716,58.793,285.830
56160,-0.221456179,5.000000000, 5486,154.245,103.589,59.004,285.704
56220,-0.137912373,5.000000000, 5486,154.530,98.463,59.214,285.578
56280,-0.054368567,5.000000000, 5486,154.815,93.336,59.425,285.452
56340,0.000000000,5.024877631, 5486,155.000,89.052,59.670,285.354
56400,0.000000000,5.096115163, 5486,155.000,86.336,59.979,285.306
56460,0.000000000,5.167352695, 5486,155.000,83.621,60.288,285.258
56520,0.000000000,5.238590227, 5486,155.000,80.905,60.597,285.210
56580,0.000000000,5.309827758, 5486,155.000,78.190,60.906,285.163
56640,0.000000000,5.381065290, 5486,155.000,75.475,61.215,285.115
56700,0.003159284,5.443955308, 5486,155.000,73.484,61.516,285.070
56760,0.015002764,5.483899790, 5486,155.000,73.484,61.793,285.033
56820,0.026846245,5.523844272, 5486,155.000,73.484,62.071,284.996
56880,0.038689726,5.563788754, 5486,155.000,73.484,62.348,284.959
56940,0.050533207,5.603733236, 5486,155.000,73.484,62.626,284.922
57000,0.062376688,5.643677718, 5486,155.000,73.484,62.903,284.885
57060,0.074220169,5.683622200, 5486,155.000,73.484,63.181,284.848
57120,0.086063650,5.723566682, 5486,155.000,73.484,63.458,284.811
57180,0.097907131,5.763511164, 5486,155.000,73.485,63.736,284.774
57240,0.109750612,5.803455646, 5486,155.000,73.485,64.013,284.737
57300,0.121594093,5.843400128, 5486,155.000,73.485,64.291,284.700
57360,0.133437574,5.883344610, 5486,155.000,73.485,64.568,284.663
57420,0.145281055,5.923289092, 5486,155.000,73.485,64.846,284.626
57480,0.157124536,5.963233574, 5486,155.000,73.485,65.123,284.589
57540,0.168968017,6.003178056, 5486,155.000,73.485,65.401,284.552
57600,0.180811498,6.043122538, 5486,155.000,73.485,65.678,284.516
57660,0.192654979,6.083067020, 5486,155.000,73.486,65.956,284.479
57720,0.204498460,6.123011502, 5486,155.000,73.486,66.233,284.442
57780,0.216341941,6.162955984, 5486,155.000,73.486,66.511,284.405
57840,0.228185422,6.202900466, 5486,155.000,73.486,66.788,284.368
57900,0.240028902,6.242844948, 5486,155.000,73.486,67.066,284.331
57960,0.251872383,6.282789430, 5486,155.000,73.486,67.343,284.294
58020,0.263715864,6.322733912, 5486,155.000,73.486,67.621,284.257
58080,0.275559345,6.362678394, 5486,155.000,73.487,67.898,284.220
58140,0.287402826,6.402622876, 5486,155.000,73.487,68.176,284.183
58200,0.299246307,6.442567358, 5486,155.000,73.487,68.453,284.146
58260,0.311089788,6.482511840, 5486,155.000,73.487,68.731,284.109
58320,0.322933269,6.522456322, 5486,155.000,73.487,69.008,284.072
58380,0.334776750,6.562400804, 5486,155.000,73.487,69.285,284.035
58440,0.346620231,6.602345286, 5486,155.000,73.487,69.563,283.998
58500,0.358463712,6.642289768, 5486,155.000,73.487,69.840,283.961
58560,0.370307193,6.682234250, 5486,155.000,73.488,70.118,283.924
