src/Components/missions/ORACLES/Plans/ORACLES-Flt-plan_p3_20170831_R0.ict
42, 1001
jredeman
NASA Ames Research Center
Simulated flight plan
ORACLES-2017
1,1
2017,08,31,2017,08,31
60
Start_UTC, seconds from midnight UTC, time keeping
7
1,1,1,1,1,1,1
-9999,-9999,-9999,-9999,-9999,-9999,-9999
Latitude, Degrees (North positive), Planned latitude position of the aircraft
Longitude, Degrees (East positive), Planned longitude position of the aircraft
Altitude, meters (above sea level), Planned altitude of the aircraft
speed, meters per second (m/s), Estimated speed of aircraft
Bearing, degrees from north, Direction of travel of the plane per respect to north
SZA, degrees from zenith, Elevation position of the sun in the sky per respect to zenith
AZI, degrees from north, Azimuthal position of the sun in the sky per respect to north
1
Simulated aircraft data interpolated from flight plan waypoints
20
-----------------------------------------------------------------------------
PI_CONTACT_INFO: jredeman
PLATFORM: p3
LOCATION: N/A
ASSOCIATED_DATA: N/A
INSTRUMENT_INFO: None
DATA_INFO: Compiled with flight planner: moving lines v1.1
UNCERTAINTY: Undefined
ULOD_FLAG: -7777
ULOD_VALUE: N/A
LLOD_FLAG: -8888
LLOD_VALUE: N/A
DM_CONTACT_INFO: Samuel LeBlanc, samuel.leblanc@nasa.gov
PROJECT_INFO: ORACLES-2017
STIPULATIONS_ON_USE: None
OTHER_COMMENTS: N/A
REVISION: RA
RA: First iteration of the flight plan
-----------------------------------------------------------------------------
Start_UTC,Latitude,Longitude,Altitude,speed,Bearing,SZA,AZI
[from data line 238]
39480,-11.261811787,5.000000000, 1829,112.934,360.000,28.585,24.261
39540,-11.205967794,5.000000000, 1829,114.457,360.000,28.436,23.837
39600,-11.150123801,5.000000000, 1829,115.980,360.000,28.286,23.414
39660,-11.094279808,5.000000000, 1829,117.503,360.000,28.136,22.991
39720,-11.038435815,5.000000000, 1829,119.026,360.000,27.987,22.567
39780,-10.982591821,5.000000000, 1829,120.549,360.000,27.837,22.144
39840,-10.926747828,5.000000000, 1829,122.072,360.000,27.687,21.720
39900,-10.874602396,5.000000000, 1906,122.709,360.000,27.551,21.270
39960,-10.825857017,5.000000000, 2055,122.530,360.000,27.426,20.794
40020,-10.777111637,5.000000000, 2203,122.351,360.000,27.301,20.318
40080,-10.728366257,5.000000000, 2352,122.173,360.000,27.176,19.842
40140,-10.679620877,5.000000000, 2501,121.994,360.000,27.051,19.366
40200,-10.630875497,5.000000000, 2649,121.816,360.000,26.926,18.890
40260,-10.582130117,5.000000000, 2798,121.637,360.000,26.801,18.415
40320,-10.533384737,5.000000000, 2946,121.458,360.000,26.676,17.939
40380,-10.484639357,5.000000000, 3095,121.280,360.000,26.551,17.463
40440,-10.435893977,5.000000000, 3243,121.101,360.000,26.427,16.987
40500,-10.387148597,5.000000000, 3392,120.923,360.000,26.302,16.511
40560,-10.338403218,5.000000000, 3541,120.744,360.000,26.177,16.036
40620,-10.286941563,5.000000000, 3658,120.766,356.082,26.056,15.547
40680,-10.225393654,5.000000000, 3658,121.536,337.618,25.950,15.009
40740,-10.163845745,5.000000000, 3658,122.305,319.154,25.845,14.471
40800,-10.102297835,5.000000000, 3658,123.074,300.689,25.739,13.933
40860,-10.040749926,5.000000000, 3658,123.844,282.225,25.633,13.395
40920,-9.979202017,5.000000000, 3658,124.613,263.761,25.528,12.858
40980,-9.917654108,5.000000000, 3658,125.383,245.296,25.422,12.320
41040,-9.856106198,5.000000000, 3658,126.152,226.832,25.316,11.782
41100,-9.794558289,5.000000000, 3658,126.921,208.367,25.211,11.244
41160,-9.733010380,5.000000000, 3658,127.691,189.903,25.105,10.707
41220,-9.671462470,5.000000000, 3658,128.460,171.439,24.999,10.169
41280,-9.609914561,5.000000000, 3658,129.229,152.974,24.894,9.631
41340,-9.548366652,5.000000000, 3658,129.999,134.510,24.788,9.093
41400,-9.486818743,5.000000000, 3658,130.768,116.046,24.682,8.555
41460,-9.425270833,5.000000000, 3658,131.537,97.581,24.576,8.018
41520,-9.363722924,5.000000000, 3658,132.307,79.117,24.471,7.480
41580,-9.302175015,5.000000000, 3658,133.076,60.653,24.365,6.942
41640,-9.240627106,5.000000000, 3658,133.845,42.188,24.259,6.404
41700,-9.179079196,5.000000000, 3658,134.615,23.724,24.154,5.867
41760,-9.117531287,5.000000000, 3658,135.384,5.259,24.048,5.329
41820,-9.063720946,5.000000000, 3709,135.053,21.767,23.976,26.515
41880,-9.012992385,5.000000000, 3780,134.283,52.205,23.918,56.355
41940,-8.962263824,5.000000000, 3851,133.513,82.642,23.860,86.194
42000,-8.911535263,5.000000000, 3922,132.744,113.079,23.802,116.033
42060,-8.860806702,5.000000000, 3993,131.974,143.516,23.744,145.872
42120,-8.810078141,5.000000000, 4065,131.205,173.953,23.686,175.711
42180,-8.759349580,5.000000000, 4136,130.435,204.390,23.628,205.550
42240,-8.708621019,5.000000000, 4207,129.665,234.827,23.570,235.389
42300,-8.657892458,5.000000000, 4278,128.896,265.265,23.512,265.229
42360,-8.607163897,5.000000000, 4350,128.126,295.702,23.454,295.068
42420,-8.556435336,5.000000000, 4421,127.356,326.139,23.396,324.907
42480,-8.505706775,5.000000000, 4492,126.587,356.576,23.338,354.746
42540,-8.434445526,5.000000000, 4500,127.156,360.000,23.298,357.535
42600,-8.360581639,5.000000000, 4500,127.894,360.000,23.261,356.895
42660,-8.286717751,5.000000000, 4500,128.633,360.000,23.224,356.256
42720,-8.212853864,5.000000000, 4500,129.371,360.000,23.186,355.616
42780,-8.138989976,5.000000000, 4500,130.110,360.000,23.149,354.976
42840,-8.065126089,5.000000000, 4500,130.849,360.000,23.112,354.337
42900,-7.991262201,5.000000000, 4500,131.587,360.000,23.074,353.697
42960,-7.917398314,5.000000000, 4500,132.326,360.000,23.037,353.057
43020,-7.843534426,5.000000000, 4500,133.065,360.000,23.000,352.418
43080,-7.769670539,5.000000000, 4500,133.803,360.000,22.963,351.778
43140,-7.695806651,5.000000000, 4500,134.542,360.000,22.925,351.138
43200,-7.621942764,5.000000000, 4500,135.281,360.000,22.888,350.498
43260,-7.548078877,5.000000000, 4500,136.019,360.000,22.851,349.859
43320,-7.474214989,5.000000000, 4500,136.758,360.000,22.813,349.219
43380,-7.400351102,5.000000000, 4500,137.496,360.000,22.776,348.579
43440,-7.326487214,5.000000000, 4500,138.235,360.000,22.739,347.940
43500,-7.252623327,5.000000000, 4500,138.974,360.000,22.702,347.300
43560,-7.178759439,5.000000000, 4500,139.712,360.000,22.664,346.660
43620,-7.104895552,5.000000000, 4500,140.451,360.000,22.627,346.021
43680,-7.031031664,5.000000000, 4500,141.190,360.000,22.590,345.381
43740,-7.000000000,5.000000000, 4348,140.434,360.000,22.623,344.779
43800,-7.000000000,5.000000000, 4085,138.595,360.000,22.707,344.205
43860,-7.000000000,5.000000000, 3822,136.756,360.000,22.791,343.631
43920,-7.000000000,5.000000000, 3560,134.917,360.000,22.874,343.057
43980,-7.000000000,5.000000000, 3297,133.079,360.000,22.958,342.482
44040,-7.000000000,5.000000000, 3034,131.240,360.000,23.042,341.908
44100,-7.000000000,5.000000000, 2772,129.401,360.000,23.126,341.334
44160,-7.000000000,5.000000000, 2509,127.562,360.000,23.210,340.760
44220,-7.000000000,5.000000000, 2246,125.724,360.000,23.294,340.186
44280,-7.000000000,5.000000000, 1984,123.885,360.000,23.378,339.611
44340,-7.000000000,5.000000000, 1721,122.046,360.000,23.462,339.037
44400,-7.000000000,5.000000000, 1458,120.207,360.000,23.546,338.463
44460,-7.000000000,5.000000000, 1196,118.369,360.000,23.630,337.889
44520,-7.000000000,5.000000000,  933,116.530,360.000,23.714,337.315
44580,-7.000000000,5.000000000,  670,114.691,360.000,23.797,336.741
44640,-7.000000000,5.000000000,  407,112.852,360.000,23.881,336.166
44700,-7.000000000,5.000000000,  145,111.013,360.000,23.965,335.592
44760,-6.959472467,5.000000000,   61,110.427,360.000,24.034,335.016
44820,-6.899953315,5.000000000,   61,110.427,360.000,24.096,334.438
44880,-6.840434164,5.000000000,   61,110.427,360.000,24.157,333.861
44940,-6.780915012,5.000000000,   61,110.427,360.000,24.219,333.283
45000,-6.721395861,5.000000000,   61,110.427,360.000,24.280,332.706
45060,-6.661876709,5.000000000,   61,110.427,360.000,24.342,332.128
45120,-6.602357558,5.000000000,   61,110.427,360.000,24.404,331.551
45180,-6.542838406,5.000000000,   61,110.427,360.000,24.465,330.973
45240,-6.483319255,5.000000000,   61,110.427,360.000,24.527,330.396
45300,-6.423800103,5.000000000,   61,110.427,360.000,24.588,329.819
45360,-6.365820226,5.000000000,  228,109.885,360.000,24.663,329.258
45420,-6.308865988,5.000000000,  505,108.981,360.000,24.746,328.707
45480,-6.251911750,5.000000000,  783,108.078,360.000,24.829,328.157
45540,-6.194957512,5.000000000, 1061,107.174,360.000,24.912,327.607
45600,-6.138003274,5.000000000, 1339,106.271,360.000,24.995,327.057
45660,-6.079016910,5.000000000, 1524,106.193,360.000,25.082,326.516
45720,-6.015955426,5.000000000, 1524,107.769,360.000,25.176,325.990
45780,-5.952893943,5.000000000, 1524,109.346,360.000,25.270,325.465
45840,-5.889832459,5.000000000, 1524,110.922,360.000,25.364,324.940
45900,-5.826770975,5.000000000, 1524,112.499,360.000,25.458,324.414
45960,-5.763709491,5.000000000, 1524,114.075,360.000,25.552,323.889
46020,-5.700648008,5.000000000, 1524,115.652,360.000,25.646,323.364
46080,-5.637586524,5.000000000, 1524,117.228,360.000,25.740,322.839
46140,-5.574525040,5.000000000, 1524,118.805,360.000,25.834,322.313
46200,-5.511463556,5.000000000, 1524,120.381,360.000,25.928,321.788
46260,-5.459733454,5.000000000, 1769,110.306,360.000,26.041,321.295
46320,-5.396902017,5.000000000, 1829,109.250,360.000,26.154,320.808
46380,-5.330712901,5.000000000, 1829,111.055,360.000,26.267,320.320
46440,-5.264523784,5.000000000, 1829,112.860,360.000,26.380,319.833
46500,-5.198334668,5.000000000, 1829,114.665,360.000,26.493,319.346
46560,-5.132145552,5.000000000, 1829,116.470,360.000,26.605,318.859
46620,-5.065956436,5.000000000, 1829,118.276,360.000,26.718,318.371
46680,-4.999767319,5.000000000, 1829,120.081,360.000,26.831,317.884
46740,-4.933578203,5.000000000, 1829,121.886,360.000,26.944,317.397
46800,-4.867972889,5.000000000, 1926,122.684,360.000,27.065,316.930
46860,-4.802968694,5.000000000, 2125,122.446,360.000,27.195,316.484
46920,-4.737964498,5.000000000, 2323,122.208,360.000,27.325,316.038
46980,-4.672960303,5.000000000, 2521,121.970,360.000,27.454,315.592
47040,-4.607956107,5.000000000, 2719,121.732,360.000,27.584,315.146
47100,-4.542951912,5.000000000, 2917,121.493,360.000,27.714,314.700
47160,-4.477947717,5.000000000, 3115,121.255,360.000,27.844,314.254
47220,-4.412943521,5.000000000, 3313,121.017,360.000,27.974,313.808
47280,-4.347939326,5.000000000, 3511,120.779,360.000,28.104,313.363
47340,-4.280812691,5.000000000, 3658,120.809,360.000,28.238,312.930
47400,-4.207723611,5.000000000, 3658,121.592,360.000,28.385,312.537
47460,-4.134634531,5.000000000, 3658,122.375,360.000,28.532,312.143
47520,-4.061545451,5.000000000, 3658,123.158,360.000,28.680,311.749
47580,-3.988456371,5.000000000, 3658,123.941,360.000,28.827,311.355
47640,-3.915367291,5.000000000, 3658,124.724,360.000,28.974,310.961
47700,-3.842278212,5.000000000, 3658,125.507,360.000,29.121,310.568
47760,-3.769189132,5.000000000, 3658,126.290,360.000,29.268,310.174
47820,-3.696100052,5.000000000, 3658,127.074,360.000,29.415,309.780
47880,-3.623010972,5.000000000, 3658,127.857,360.000,29.562,309.386
47940,-3.549921892,5.000000000, 3658,128.640,360.000,29.709,308.993
48000,-3.476832812,5.000000000, 3658,129.423,360.000,29.857,308.599
48060,-3.403743733,5.000000000, 3658,130.206,360.000,30.004,308.205
48120,-3.330654653,5.000000000, 3658,130.989,360.000,30.151,307.811
48180,-3.257565573,5.000000000, 3658,131.772,360.000,30.298,307.417
48240,-3.184476493,5.000000000, 3658,132.555,360.000,30.445,307.024
48300,-3.111387413,5.000000000, 3658,133.338,360.000,30.592,306.630
48360,-3.038298333,5.000000000, 3658,134.121,360.000,30.739,306.236
48420,-2.965209254,5.000000000, 3658,134.905,360.000,30.886,305.842
48480,-2.892649156,5.000000000, 3678,135.380,351.179,31.035,305.455
48540,-2.824466630,5.000000000, 3870,133.311,269.360,31.202,305.117
48600,-2.756284104,5.000000000, 4061,131.242,187.541,31.368,304.780
48660,-2.688101579,5.000000000, 4253,129.173,105.722,31.534,304.442
48720,-2.619919053,5.000000000, 4444,127.104,23.903,31.700,304.105
48780,-2.557458480,5.000000000, 4500,127.298,19.144,31.876,303.799
48840,-2.497359442,5.000000000, 4500,128.425,46.188,32.056,303.505
48900,-2.437260404,5.000000000, 4500,129.551,73.233,32.236,303.212
48960,-2.377161366,5.000000000, 4500,130.678,100.277,32.416,302.919
49020,-2.317062329,5.000000000, 4500,131.805,127.322,32.596,302.626
49080,-2.256963291,5.000000000, 4500,132.932,154.367,32.776,302.332
49140,-2.196864253,5.000000000, 4500,134.059,181.411,32.956,302.039
49200,-2.136765215,5.000000000, 4500,135.186,208.456,33.136,301.746
49260,-2.076666177,5.000000000, 4500,136.313,235.500,33.315,301.453
49320,-2.016567139,5.000000000, 4500,137.439,262.545,33.495,301.159
49380,-1.956468101,5.000000000, 4500,138.566,289.589,33.675,300.866
49440,-1.896369063,5.000000000, 4500,139.693,316.634,33.855,300.573
49500,-1.836270025,5.000000000, 4500,140.820,343.678,34.035,300.280
49560,-1.779483648,5.000000000, 4465,141.258,360.000,34.220,300.006
49620,-1.727739455,5.000000000, 4378,140.648,360.000,34.414,299.763
49680,-1.675995263,5.000000000, 4291,140.038,360.000,34.607,299.519
49740,-1.624251071,5.000000000, 4204,139.427,360.000,34.800,299.276
49800,-1.572506878,5.000000000, 4117,138.817,360.000,34.994,299.032
49860,-1.520762686,5.000000000, 4030,138.207,360.000,35.187,298.789
49920,-1.469018493,5.000000000, 3942,137.597,360.000,35.380,298.545
49980,-1.417274301,5.000000000, 3855,136.986,360.000,35.574,298.302
50040,-1.365530108,5.000000000, 3768,136.376,360.000,35.767,298.059
50100,-1.313785916,5.000000000, 3681,135.766,360.000,35.960,297.815
50160,-1.246830065,5.000000000, 3658,135.603,348.957,36.154,297.583
50220,-1.174349553,5.000000000, 3658,135.603,333.903,36.348,297.355
50280,-1.101869040,5.000000000, 3658,135.603,318.850,36.542,297.128
50340,-1.029388528,5.000000000, 3658,135.603,303.796,36.736,296.900
50400,-0.956908015,5.000000000, 3658,135.603,288.742,36.930,296.672
50460,-0.884427503,5.000000000, 3658,135.603,273.689,37.124,296.445
50520,-0.811946990,5.000000000, 3658,135.603,258.635,37.318,296.217
50580,-0.739466478,5.000000000, 3658,135.603,243.581,37.512,295.989
50640,-0.666985965,5.000000000, 3658,135.603,228.528,37.706,295.761
50700,-0.594505453,5.000000000, 3658,135.603,213.474,37.900,295.534
50760,-0.522024940,5.000000000, 3658,135.603,198.421,38.095,295.306
50820,-0.449544428,5.000000000, 3658,135.603,183.367,38.289,295.078
50880,-0.377063915,5.000000000, 3658,135.603,168.313,38.483,294.851
50940,-0.304583403,5.000000000, 3658,135.603,153.260,38.677,294.623
51000,-0.232102890,5.000000000, 3658,135.603,138.206,38.871,294.395
51060,-0.159622378,5.000000000, 3658,135.603,123.152,39.065,294.168
51120,-0.087141865,5.000000000, 3658,135.603,108.099,39.259,293.940
51180,-0.014661353,5.000000000, 3658,135.603,93.045,39.453,293.712
51240,0.000000000,5.055980727, 3658,135.603,90.000,39.726,293.548
51300,0.000000000,5.126156631, 3658,135.603,90.000,40.020,293.399
51360,0.000000000,5.196332535, 3658,135.603,90.000,40.314,293.251
51420,0.000000000,5.266508439, 3658,135.603,90.000,40.608,293.103
51480,0.000000000,5.336684343, 3658,135.603,90.000,40.902,292.954
51540,0.000000000,5.406860247, 3658,135.603,90.000,41.196,292.806
