src/Components/missions/ORACLES/Plans/ORACLES-Flt-plan_p3_20160927_R0.ict
42, 1001
Samuel LeBlanc
NASA Ames Research Center
Simulated flight plan
ORACLES
1,1
2016,09,27,2016,09,27
60
Start_UTC, seconds from midnight UTC, time keeping
7
1,1,1,1,1,1,1
-9999,-9999,-9999,-9999,-9999,-9999,-9999
Latitude, Degrees (North positive), Planned latitude position of the aircraft
Longitude, Degrees (East positive), Planned longitude position of the aircraft
Altitude, meters (above sea level), Planned altitude of the aircraft
speed, meters per second (m/s), Estimated speed of aircraft
Bearing, degrees from north, Direction of travel of the plane per respect to north
SZA, degrees from zenith, Elevation position of the sun in the sky per respect to zenith
AZI, degrees from north, Azimuthal position of the sun in the sky per respect to north
1
Simulated aircraft data interpolated from flight plan waypoints
20
-----------------------------------------------------------------------------
PI_CONTACT_INFO: Samuel LeBlanc, samuel.leblanc@nasa.gov
PLATFORM: p3
LOCATION: N/A
ASSOCIATED_DATA: N/A
INSTRUMENT_INFO: None
DATA_INFO: Compiled with flight planner: moving lines v1.07
UNCERTAINTY: Undefined
ULOD_FLAG: -7777
ULOD_VALUE: N/A
LLOD_FLAG: -8888
LLOD_VALUE: N/A
DM_CONTACT_INFO: See PI
PROJECT_INFO: ORACLES
STIPULATIONS_ON_USE: None
OTHER_COMMENTS: N/A
REVISION: RA
RA: First iteration of the flight plan
-----------------------------------------------------------------------------
Start_UTC,Latitude,Longitude,Altitude,speed,Bearing,SZA,AZI
21600,-22.979716667,14.645283333,   95,150.000,268.911,73.678,84.951
21660,-22.980747149,14.561695696,  395,150.508,268.907,73.526,84.882
21720,-22.981777632,14.478108058,  695,151.016,268.903,73.374,84.812
21780,-22.982808115,14.394520421,  995,151.524,268.899,73.222,84.742
21840,-22.983838597,14.310932783, 1295,152.032,268.894,73.070,84.672
21900,-22.984869080,14.227345145, 1595,152.540,268.890,72.918,84.602
21960,-22.985899563,14.143757508, 1895,153.048,268.886,72.766,84.532
22020,-22.986930045,14.060169870, 2195,153.556,268.881,72.615,84.462
22080,-22.987960528,13.976582233, 2495,154.064,268.877,72.463,84.392
22140,-22.988991010,13.892994595, 2795,154.572,268.873,72.311,84.322
22200,-22.990021493,13.809406957, 3095,155.080,268.869,72.159,84.252
22260,-22.991051976,13.725819320, 3395,155.588,268.864,72.007,84.182
22320,-22.992082458,13.642231682, 3695,156.097,268.860,71.855,84.112
22380,-22.993112941,13.558644045, 3995,156.605,268.856,71.704,84.042
22440,-22.994143424,13.475056407, 4295,157.113,268.851,71.552,83.973
22500,-22.995173906,13.391468769, 4595,157.621,268.847,71.400,83.903
22560,-22.996204389,13.307881132, 4895,158.129,268.843,71.248,83.833
22620,-22.997234872,13.224293494, 5195,158.637,268.838,71.096,83.763
22680,-22.998265354,13.140705857, 5495,159.145,268.834,70.944,83.693
22740,-22.999295837,13.057118219, 5795,159.653,268.830,70.793,83.623
22800,-23.000000000,12.967549066, 6000,160.081,269.320,70.646,83.554
22860,-23.000000000,12.865072433, 6000,160.337,270.877,70.512,83.488
22920,-23.000000000,12.762595799, 6000,160.594,272.434,70.378,83.422
22980,-23.000000000,12.660119166, 6000,160.850,273.992,70.243,83.356
23040,-23.000000000,12.557642533, 6000,161.106,275.549,70.109,83.290
23100,-23.000000000,12.455165899, 6000,161.362,277.106,69.975,83.224
23160,-23.000000000,12.352689266, 6000,161.618,278.663,69.841,83.158
23220,-23.000000000,12.250212632, 6000,161.874,280.220,69.706,83.092
23280,-23.000000000,12.147735999, 6000,162.131,281.777,69.572,83.027
23340,-23.000000000,12.045259366, 6000,162.387,283.335,69.438,82.961
23400,-23.000000000,11.942782732, 6000,162.643,284.892,69.304,82.895
23460,-23.000000000,11.840306099, 6000,162.899,286.449,69.169,82.829
23520,-23.000000000,11.737829465, 6000,163.155,288.006,69.035,82.763
23580,-23.000000000,11.635352832, 6000,163.412,289.563,68.901,82.697
23640,-23.000000000,11.532876199, 6000,163.668,291.121,68.767,82.631
23700,-23.000000000,11.430399565, 6000,163.924,292.678,68.632,82.565
23760,-23.000000000,11.327922932, 6000,164.180,294.235,68.498,82.499
23820,-23.000000000,11.225446298, 6000,164.436,295.792,68.364,82.433
23880,-23.000000000,11.122969665, 6000,164.693,297.349,68.230,82.367
23940,-23.000000000,11.020493032, 6000,164.949,298.907,68.095,82.301
24000,-23.000000000,10.918016398, 6000,165.205,300.464,67.961,82.235
24060,-23.000000000,10.815539765, 6000,165.461,302.021,67.827,82.169
24120,-23.000000000,10.713063131, 6000,165.717,303.578,67.693,82.103
24180,-23.000000000,10.610586498, 6000,165.974,305.135,67.558,82.037
24240,-23.000000000,10.508109865, 6000,166.230,306.692,67.424,81.971
24300,-23.000000000,10.405633231, 6000,166.486,308.250,67.290,81.905
24360,-23.000000000,10.303156598, 6000,166.742,309.807,67.155,81.839
24420,-23.000000000,10.200679965, 6000,166.998,311.364,67.021,81.773
24480,-23.000000000,10.098203331, 6000,167.254,312.921,66.887,81.707
24540,-23.000000000,9.995726698, 6000,167.511,314.478,66.753,81.641
24600,-23.000000000,9.893250064, 6000,167.767,316.036,66.618,81.575
24660,-23.000000000,9.790773431, 6000,168.023,317.593,66.484,81.509
24720,-23.000000000,9.688296798, 6000,168.279,319.150,66.350,81.443
24780,-23.000000000,9.585820164, 6000,168.535,320.707,66.216,81.377
24840,-23.000000000,9.483343531, 6000,168.792,322.264,66.081,81.311
24900,-23.000000000,9.380866897, 6000,169.048,323.821,65.947,81.245
24960,-23.000000000,9.278390264, 6000,169.304,325.379,65.813,81.179
25020,-23.000000000,9.175913631, 6000,169.560,326.936,65.679,81.114
25080,-23.000000000,9.073436997, 6000,169.816,328.493,65.544,81.048
25140,-23.000000000,8.970960364, 6000,170.073,330.050,65.410,80.982
25200,-23.000000000,8.868483730, 6000,170.329,331.607,65.276,80.916
25260,-23.000000000,8.766007097, 6000,170.585,333.165,65.142,80.850
25320,-23.000000000,8.663530464, 6000,170.841,334.722,65.007,80.784
25380,-23.000000000,8.561053830, 6000,171.097,336.279,64.873,80.718
25440,-23.000000000,8.458577197, 6000,171.354,337.836,64.739,80.652
25500,-23.000000000,8.356100563, 6000,171.610,339.393,64.604,80.586
25560,-23.000000000,8.253623930, 6000,171.866,340.951,64.470,80.520
25620,-23.000000000,8.151147297, 6000,172.122,342.508,64.336,80.454
25680,-23.000000000,8.048670663, 6000,172.378,344.065,64.202,80.388
25740,-23.000000000,7.946194030, 6000,172.635,345.622,64.067,80.322
25800,-23.000000000,7.843717397, 6000,172.891,347.179,63.933,80.256
25860,-23.000000000,7.741240763, 6000,173.147,348.736,63.799,80.190
25920,-23.000000000,7.638764130, 6000,173.403,350.294,63.665,80.124
25980,-23.000000000,7.536287496, 6000,173.659,351.851,63.530,80.058
26040,-23.000000000,7.433810863, 6000,173.915,353.408,63.396,79.992
26100,-23.000000000,7.331334230, 6000,174.172,354.965,63.262,79.926
26160,-23.000000000,7.228857596, 6000,174.428,356.522,63.128,79.860
26220,-23.000000000,7.126380963, 6000,174.684,358.080,62.993,79.794
26280,-23.000000000,7.023904329, 6000,174.940,359.637,62.859,79.728
26340,-23.000000000,7.000000000, 5770,173.275,360.000,62.655,79.618
26400,-23.000000000,7.000000000, 5470,171.025,360.000,62.429,79.495
26460,-23.000000000,7.000000000, 5170,168.775,360.000,62.204,79.372
26520,-23.000000000,7.000000000, 4870,166.525,360.000,61.979,79.248
26580,-23.000000000,7.000000000, 4570,164.275,360.000,61.753,79.125
26640,-23.000000000,7.000000000, 4270,162.025,360.000,61.528,79.002
26700,-23.000000000,7.000000000, 3970,159.775,360.000,61.302,78.878
26760,-23.000000000,7.000000000, 3670,157.525,360.000,61.077,78.755
26820,-23.000000000,7.000000000, 3370,155.275,360.000,60.852,78.632
26880,-23.000000000,7.000000000, 3070,153.025,360.000,60.626,78.508
26940,-23.000000000,7.000000000, 2770,150.775,360.000,60.401,78.385
27000,-23.000000000,7.000000000, 2470,148.525,360.000,60.175,78.262
27060,-23.000000000,7.000000000, 2170,146.275,360.000,59.950,78.138
27120,-23.000000000,7.000000000, 1870,144.025,360.000,59.725,78.015
27180,-23.000000000,7.000000000, 1570,141.775,360.000,59.499,77.892
27240,-23.000000000,7.000000000, 1270,139.525,360.000,59.274,77.768
27300,-23.000000000,7.000000000,  970,137.275,360.000,59.048,77.645
27360,-23.000000000,7.000000000,  670,135.025,360.000,58.823,77.521
27420,-23.000000000,7.000000000,  370,132.775,360.000,58.598,77.398
27480,-23.000000000,7.000000000,   70,130.525,360.000,58.372,77.275
27540,-23.000000000,7.000000000,  339,131.839,355.732,58.149,77.140
27600,-23.000000000,7.000000000,  628,133.276,351.317,57.926,77.005
27660,-23.000000000,7.000000000,  917,134.713,346.902,57.702,76.869
27720,-23.000000000,7.000000000, 1206,136.150,342.488,57.479,76.734
27780,-23.000000000,7.000000000, 1495,137.587,338.073,57.256,76.599
27840,-23.000000000,7.000000000, 1784,139.024,333.658,57.033,76.464
27900,-23.000000000,7.000000000, 2072,140.462,329.243,56.810,76.328
27960,-23.000000000,7.000000000, 2361,141.899,324.828,56.586,76.193
28020,-23.000000000,7.000000000, 2650,143.336,320.414,56.363,76.058
28080,-23.000000000,7.000000000, 2939,144.773,315.999,56.140,75.923
28140,-23.000000000,7.000000000, 3228,146.210,311.584,55.917,75.787
28200,-23.000000000,7.000000000, 3517,147.647,307.169,55.694,75.652
28260,-23.000000000,7.000000000, 3806,149.084,302.754,55.470,75.517
28320,-23.000000000,7.000000000, 4095,150.521,298.339,55.247,75.382
28380,-23.000000000,7.000000000, 4383,151.958,293.925,55.024,75.246
28440,-23.000000000,7.000000000, 4672,153.395,289.510,54.801,75.111
28500,-23.000000000,7.000000000, 4961,154.832,285.095,54.578,74.976
28560,-23.000000000,7.000000000, 5250,156.269,280.680,54.355,74.841
28620,-23.000000000,7.000000000, 5539,157.706,276.265,54.131,74.705
28680,-23.000000000,7.000000000, 5828,159.143,271.851,53.908,74.570
28740,-23.000000000,6.959420077, 6000,160.152,270.139,53.722,74.453
28800,-23.000000000,6.858911982, 6000,160.529,272.420,53.590,74.361
28860,-23.000000000,6.758403887, 6000,160.906,274.701,53.459,74.270
28920,-23.000000000,6.657895792, 6000,161.283,276.982,53.328,74.179
28980,-23.000000000,6.557387697, 6000,161.660,279.264,53.196,74.088
29040,-23.000000000,6.456879602, 6000,162.037,281.545,53.065,73.997
29100,-23.000000000,6.356371507, 6000,162.414,283.826,52.933,73.905
29160,-23.000000000,6.255863412, 6000,162.791,286.107,52.802,73.814
29220,-23.000000000,6.155355317, 6000,163.167,288.388,52.670,73.723
29280,-23.000000000,6.054847222, 6000,163.544,290.669,52.539,73.632
29340,-23.000000000,5.954339127, 6000,163.921,292.950,52.407,73.541
29400,-23.000000000,5.853831032, 6000,164.298,295.231,52.276,73.449
29460,-23.000000000,5.753322937, 6000,164.675,297.512,52.144,73.358
29520,-23.000000000,5.652814842, 6000,165.052,299.793,52.013,73.267
29580,-23.000000000,5.552306747, 6000,165.429,302.074,51.881,73.176
29640,-23.000000000,5.451798652, 6000,165.806,304.355,51.750,73.085
29700,-23.000000000,5.351290557, 6000,166.183,306.636,51.618,72.993
29760,-23.000000000,5.250782462, 6000,166.560,308.918,51.487,72.902
29820,-23.000000000,5.150274367, 6000,166.936,311.199,51.355,72.811
29880,-23.000000000,5.049766272, 6000,167.313,313.480,51.224,72.720
29940,-23.000000000,4.949258177, 6000,167.690,315.761,51.092,72.629
30000,-23.000000000,4.848750082, 6000,168.067,318.042,50.961,72.537
30060,-23.000000000,4.748241987, 6000,168.444,320.323,50.829,72.446
30120,-23.000000000,4.647733892, 6000,168.821,322.604,50.698,72.355
30180,-23.000000000,4.547225798, 6000,169.198,324.885,50.567,72.264
30240,-23.000000000,4.446717703, 6000,169.575,327.166,50.435,72.173
30300,-23.000000000,4.346209608, 6000,169.952,329.447,50.304,72.081
30360,-23.000000000,4.245701513, 6000,170.329,331.728,50.172,71.990
30420,-23.000000000,4.145193418, 6000,170.706,334.009,50.041,71.899
30480,-23.000000000,4.044685323, 6000,171.082,336.290,49.909,71.808
30540,-23.000000000,3.944177228, 6000,171.459,338.571,49.778,71.717
30600,-23.000000000,3.843669133, 6000,171.836,340.853,49.646,71.626
30660,-23.000000000,3.743161038, 6000,172.213,343.134,49.515,71.534
30720,-23.000000000,3.642652943, 6000,172.590,345.415,49.383,71.443
30780,-23.000000000,3.542144848, 6000,172.967,347.696,49.252,71.352
30840,-23.000000000,3.441636753, 6000,173.344,349.977,49.120,71.261
30900,-23.000000000,3.341128658, 6000,173.721,352.258,48.989,71.170
30960,-23.000000000,3.240620563, 6000,174.098,354.539,48.857,71.078
31020,-23.000000000,3.140112468, 6000,174.475,356.820,48.726,70.987
31080,-23.000000000,3.039604373, 6000,174.851,359.101,48.594,70.896
31140,-23.000000000,3.000000000, 5831,173.730,358.059,48.412,70.755
31200,-23.000000000,3.000000000, 5551,171.634,354.856,48.196,70.582
31260,-23.000000000,3.000000000, 5272,169.537,351.653,47.981,70.409
31320,-23.000000000,3.000000000, 4992,167.441,348.449,47.765,70.235
31380,-23.000000000,3.000000000, 4713,165.345,345.246,47.550,70.062
31440,-23.000000000,3.000000000, 4433,163.249,342.043,47.334,69.889
31500,-23.000000000,3.000000000, 4154,161.152,338.840,47.118,69.716
31560,-23.000000000,3.000000000, 3874,159.056,335.637,46.903,69.543
31620,-23.000000000,3.000000000, 3595,156.960,332.434,46.687,69.369
31680,-23.000000000,3.000000000, 3315,154.864,329.230,46.472,69.196
31740,-23.000000000,3.000000000, 3036,152.768,326.027,46.256,69.023
31800,-23.000000000,3.000000000, 2756,150.671,322.824,46.041,68.850
31860,-23.000000000,3.000000000, 2477,148.575,319.621,45.825,68.677
31920,-23.000000000,3.000000000, 2197,146.479,316.418,45.609,68.503
31980,-23.000000000,3.000000000, 1918,144.383,313.215,45.394,68.330
32040,-23.000000000,3.000000000, 1638,142.286,310.011,45.178,68.157
32100,-22.992328228,2.989758184, 1500,141.250,307.741,44.982,67.926
32160,-22.977153744,2.969500248, 1500,141.250,306.383,44.806,67.640
32220,-22.961979260,2.949242312, 1500,141.250,305.025,44.629,67.353
32280,-22.946804776,2.928984376, 1500,141.250,303.667,44.453,67.066
32340,-22.931630292,2.908726440, 1500,141.250,302.309,44.277,66.779
32400,-22.916455808,2.888468504, 1500,141.250,300.951,44.100,66.493
32460,-22.901281325,2.868210568, 1500,141.250,299.592,43.924,66.206
32520,-22.886106841,2.847952632, 1500,141.250,298.234,43.747,65.919
32580,-22.870932357,2.827694696, 1500,141.250,296.876,43.571,65.632
32640,-22.855757873,2.807436760, 1500,141.250,295.518,43.394,65.345
32700,-22.840583389,2.787178824, 1500,141.250,294.160,43.218,65.059
32760,-22.825408905,2.766920888, 1500,141.250,292.802,43.041,64.772
32820,-22.810234421,2.746662952, 1500,141.250,291.444,42.865,64.485
32880,-22.795059937,2.726405016, 1500,141.250,290.086,42.688,64.198
32940,-22.779885453,2.706147080, 1500,141.250,288.727,42.512,63.912
33000,-22.764710970,2.685889144, 1500,141.250,287.369,42.335,63.625
33060,-22.749536486,2.665631208, 1500,141.250,286.011,42.159,63.338
33120,-22.734362002,2.645373272, 1500,141.250,284.653,41.982,63.051
33180,-22.719187518,2.625115336, 1500,141.250,283.295,41.806,62.764
33240,-22.704013034,2.604857400, 1500,141.250,281.937,41.629,62.478
33300,-22.688838550,2.584599464, 1500,141.250,280.579,41.453,62.191
33360,-22.673664066,2.564341528, 1500,141.250,279.221,41.276,61.904
33420,-22.658489582,2.544083592, 1500,141.250,277.863,41.100,61.617
33480,-22.643315098,2.523825656, 1500,141.250,276.504,40.923,61.331
33540,-22.628140615,2.503567720, 1500,141.250,275.146,40.747,61.044
33600,-22.612966131,2.483309785, 1500,141.250,273.788,40.570,60.757
33660,-22.597791647,2.463051849, 1500,141.250,272.430,40.394,60.470
33720,-22.582617163,2.442793913, 1500,141.250,271.072,40.218,60.183
33780,-22.567442679,2.422535977, 1500,141.250,269.714,40.041,59.897
33840,-22.552268195,2.402278041, 1500,141.250,268.356,39.865,59.610
33900,-22.537093711,2.382020105, 1500,141.250,266.998,39.688,59.323
33960,-22.521919227,2.361762169, 1500,141.250,265.640,39.512,59.036
34020,-22.506744744,2.341504233, 1500,141.250,264.281,39.335,58.750
34080,-22.491570260,2.321246297, 1500,141.250,262.923,39.159,58.463
34140,-22.476395776,2.300988361, 1500,141.250,261.565,38.982,58.176
34200,-22.461221292,2.280730425, 1500,141.250,260.207,38.806,57.889
34260,-22.446046808,2.260472489, 1500,141.250,258.849,38.629,57.602
34320,-22.430872324,2.240214553, 1500,141.250,257.491,38.453,57.316
34380,-22.415697840,2.219956617, 1500,141.250,256.133,38.276,57.029
34440,-22.400523356,2.199698681, 1500,141.250,254.775,38.100,56.742
34500,-22.385348872,2.179440745, 1500,141.250,253.417,37.923,56.455
34560,-22.370174389,2.159182809, 1500,141.250,252.058,37.747,56.169
34620,-22.354999905,2.138924873, 1500,141.250,250.700,37.570,55.882
34680,-22.339825421,2.118666937, 1500,141.250,249.342,37.394,55.595
34740,-22.324650937,2.098409001, 1500,141.250,247.984,37.217,55.308
34800,-22.309476453,2.078151065, 1500,141.250,246.626,37.041,55.021
34860,-22.294301969,2.057893129, 1500,141.250,245.268,36.864,54.735
34920,-22.279127485,2.037635193, 1500,141.250,243.910,36.688,54.448
34980,-22.263953001,2.017377257, 1500,141.250,242.552,36.511,54.161
35040,-22.248778517,1.997119321, 1500,141.250,241.194,36.335,53.874
35100,-22.233604034,1.976861385, 1500,141.250,239.835,36.159,53.587
35160,-22.218429550,1.956603449, 1500,141.250,238.477,35.982,53.301
35220,-22.203255066,1.936345513, 1500,141.250,237.119,35.806,53.014
35280,-22.188080582,1.916087577, 1500,141.250,235.761,35.629,52.727
35340,-22.172906098,1.895829641, 1500,141.250,234.403,35.453,52.440
35400,-22.157731614,1.875571705, 1500,141.250,233.045,35.276,52.154
35460,-22.142557130,1.855313769, 1500,141.250,231.687,35.100,51.867
35520,-22.127382646,1.835055833, 1500,141.250,230.329,34.923,51.580
35580,-22.112208162,1.814797897, 1500,141.250,228.971,34.747,51.293
