src/Components/missions/ORACLES/Plans/ORACLES-Flt-plan_er2_20160924_R0.ict
43, 1001
rferrare
NASA Ames Research Center
Simulated flight plan
ORACLES
1,1
2016,09,24,2016,09,24
60
Start_UTC, seconds from midnight UTC, time keeping
7
1,1,1,1,1,1,1
-9999,-9999,-9999,-9999,-9999,-9999,-9999
Latitude, Degrees (North positive), Planned latitude position of the aircraft
Longitude, Degrees (East positive), Planned longitude position of the aircraft
Altitude, meters (above sea level), Planned altitude of the aircraft
speed, meters per second (m/s), Estimated speed of aircraft
Bearing, degrees from north, Direction of travel of the plane per respect to north
SZA, degrees from zenith, Elevation position of the sun in the sky per respect to zenith
AZI, degrees from north, Azimuthal position of the sun in the sky per respect to north
1
Simulated aircraft data interpolated from flight plan waypoints
21
-----------------------------------------------------------------------------
PI_CONTACT_INFO: rferrare
PLATFORM: er2
LOCATION: N/A
ASSOCIATED_DATA: N/A
INSTRUMENT_INFO: None
DATA_INFO: Compiled with flight planner: moving lines v1.09
UNCERTAINTY: Undefined
ULOD_FLAG: -7777
ULOD_VALUE: N/A
LLOD_FLAG: -8888
LLOD_VALUE: N/A
DM_CONTACT_INFO: Samuel LeBlanc, samuel.leblanc@nasa.gov
PROJECT_INFO: ORACLES
STIPULATIONS_ON_USE: None
OTHER_COMMENTS: N/A
REVISION: RB
RB: Version 2 of the flight plan ict 
  RA: First iteration of the flight plan
-----------------------------------------------------------------------------
Start_UTC,Latitude,Longitude,Altitude,speed,Bearing,SZA,AZI
25200,-22.979716667,14.645283333,   95,150.000,268.911,60.777,77.136
25260,-22.980585578,14.574801588,  905,152.352,271.435,60.617,77.041
25320,-22.981454489,14.504319844, 1715,154.704,273.958,60.457,76.947
25380,-22.982323400,14.433838099, 2525,157.056,276.482,60.297,76.853
25440,-22.983192311,14.363356354, 3334,159.407,279.005,60.137,76.758
25500,-22.984061221,14.292874609, 4144,161.759,281.529,59.977,76.664
25560,-22.984930132,14.222392864, 4954,164.111,284.052,59.817,76.569
25620,-22.985799043,14.151911119, 5764,166.463,286.576,59.657,76.475
25680,-22.986667954,14.081429374, 6574,168.815,289.099,59.497,76.381
25740,-22.987536865,14.010947630, 7384,171.167,291.623,59.337,76.286
25800,-22.988405776,13.940465885, 8194,173.518,294.146,59.177,76.192
25860,-22.989274687,13.869984140, 9004,175.870,296.669,59.016,76.098
25920,-22.990143598,13.799502395, 9813,178.222,299.193,58.856,76.003
25980,-22.991012509,13.729020650,10623,180.574,301.716,58.696,75.909
26040,-22.991881420,13.658538905,11433,182.926,304.240,58.536,75.814
26100,-22.992750331,13.588057160,12243,185.278,306.763,58.376,75.720
26160,-22.993619242,13.517575415,13053,187.629,309.287,58.216,75.626
26220,-22.994488153,13.447093671,13863,189.981,311.810,58.056,75.531
26280,-22.995357064,13.376611926,14673,192.333,314.334,57.896,75.437
26340,-22.996225975,13.306130181,15482,194.685,316.857,57.736,75.343
26400,-22.997094886,13.235648436,16292,197.037,319.380,57.576,75.248
26460,-22.997963797,13.165166691,17102,199.389,321.904,57.416,75.154
26520,-22.998832708,13.094684946,17912,201.741,324.427,57.256,75.059
26580,-22.999701619,13.024203201,18722,204.092,326.951,57.095,74.965
26640,-22.938374049,12.958916033,19000,204.900,328.478,56.914,74.908
26700,-22.844518361,12.896345574,19000,204.900,329.485,56.720,74.871
26760,-22.750662672,12.833775115,19000,204.900,330.492,56.527,74.834
26820,-22.656806984,12.771204656,19000,204.900,331.499,56.334,74.797
26880,-22.562951295,12.708634197,19000,204.900,332.506,56.140,74.760
26940,-22.469095607,12.646063738,19000,204.900,333.513,55.947,74.723
27000,-22.375239919,12.583493279,19000,204.900,334.520,55.754,74.686
27060,-22.281384230,12.520922820,19000,204.900,335.526,55.561,74.649
27120,-22.187528542,12.458352361,19000,204.900,336.533,55.367,74.612
27180,-22.093672854,12.395781902,19000,204.900,337.540,55.174,74.575
27240,-21.999817165,12.333211443,19000,204.900,338.547,54.981,74.538
27300,-21.905961477,12.270640985,19000,204.900,339.554,54.787,74.501
27360,-21.812105788,12.208070526,19000,204.900,340.561,54.594,74.464
27420,-21.718250100,12.145500067,19000,204.900,341.567,54.401,74.427
27480,-21.624394412,12.082929608,19000,204.900,342.574,54.207,74.390
27540,-21.530538723,12.020359149,19000,204.900,343.581,54.014,74.352
27600,-21.436683035,11.957788690,19000,204.900,344.588,53.821,74.315
27660,-21.342827347,11.895218231,19000,204.900,345.595,53.628,74.278
27720,-21.248971658,11.832647772,19000,204.900,346.602,53.434,74.241
27780,-21.155115970,11.770077313,19000,204.900,347.608,53.241,74.204
27840,-21.061260282,11.707506854,19000,204.900,348.615,53.048,74.167
27900,-20.967404593,11.644936395,19000,204.900,349.622,52.854,74.130
27960,-20.873548905,11.582365937,19000,204.900,350.629,52.661,74.093
28020,-20.779693216,11.519795478,19000,204.900,351.636,52.468,74.056
28080,-20.685837528,11.457225019,19000,204.900,352.643,52.275,74.019
28140,-20.591981840,11.394654560,19000,204.900,353.649,52.081,73.982
28200,-20.498126151,11.332084101,19000,204.900,354.656,51.888,73.945
28260,-20.404270463,11.269513642,19000,204.900,355.663,51.695,73.908
28320,-20.310414775,11.206943183,19000,204.900,356.670,51.501,73.871
28380,-20.216559086,11.144372724,19000,204.900,357.677,51.308,73.834
28440,-20.122703398,11.081802265,19000,204.900,358.684,51.115,73.797
28500,-20.028847709,11.019231806,19000,204.900,359.691,50.922,73.760
28560,-19.923505435,11.000000000,19000,204.900,360.000,50.682,73.720
28620,-19.813065913,11.000000000,19000,204.900,360.000,50.421,73.680
28680,-19.702626391,11.000000000,19000,204.900,360.000,50.161,73.640
28740,-19.592186869,11.000000000,19000,204.900,360.000,49.901,73.600
28800,-19.481747348,11.000000000,19000,204.900,360.000,49.640,73.560
28860,-19.371307826,11.000000000,19000,204.900,360.000,49.380,73.519
28920,-19.260868304,11.000000000,19000,204.900,360.000,49.120,73.479
28980,-19.150428783,11.000000000,19000,204.900,360.000,48.859,73.439
29040,-19.039989261,11.000000000,19000,204.900,360.000,48.599,73.399
29100,-18.929549739,11.000000000,19000,204.900,360.000,48.338,73.359
29160,-18.819110218,11.000000000,19000,204.900,360.000,48.078,73.318
29220,-18.708670696,11.000000000,19000,204.900,360.000,47.818,73.278
29280,-18.598231174,11.000000000,19000,204.900,360.000,47.557,73.238
29340,-18.487791652,11.000000000,19000,204.900,360.000,47.297,73.198
29400,-18.377352131,11.000000000,19000,204.900,360.000,47.037,73.158
29460,-18.266912609,11.000000000,19000,204.900,360.000,46.776,73.118
29520,-18.156473087,11.000000000,19000,204.900,360.000,46.516,73.077
29580,-18.046033566,11.000000000,19000,204.900,360.000,46.256,73.037
29640,-17.935594044,11.000000000,19000,204.900,360.000,45.995,72.997
29700,-17.825154522,11.000000000,19000,204.900,360.000,45.735,72.957
29760,-17.714715001,11.000000000,19000,204.900,360.000,45.475,72.917
29820,-17.604275479,11.000000000,19000,204.900,360.000,45.214,72.876
29880,-17.493835957,11.000000000,19000,204.900,360.000,44.954,72.836
29940,-17.383396436,11.000000000,19000,204.900,360.000,44.693,72.796
30000,-17.272956914,11.000000000,19000,204.900,360.000,44.433,72.756
30060,-17.162517392,11.000000000,19000,204.900,360.000,44.173,72.716
30120,-17.052077870,11.000000000,19000,204.900,360.000,43.912,72.675
30180,-16.941638349,11.000000000,19000,204.900,360.000,43.652,72.635
30240,-16.831198827,11.000000000,19000,204.900,360.000,43.392,72.595
30300,-16.720759305,11.000000000,19000,204.900,360.000,43.131,72.555
30360,-16.610319784,11.000000000,19000,204.900,360.000,42.871,72.515
30420,-16.499880262,11.000000000,19000,204.900,360.000,42.611,72.475
30480,-16.389440740,11.000000000,19000,204.900,360.000,42.350,72.434
30540,-16.279001219,11.000000000,19000,204.900,360.000,42.090,72.394
30600,-16.168561697,11.000000000,19000,204.900,360.000,41.829,72.354
30660,-16.058122175,11.000000000,19000,204.900,360.000,41.569,72.314
30720,-15.947682653,11.000000000,19000,204.900,360.000,41.309,72.274
30780,-15.837243132,11.000000000,19000,204.900,360.000,41.048,72.233
30840,-15.726803610,11.000000000,19000,204.900,360.000,40.788,72.193
30900,-15.616364088,11.000000000,19000,204.900,360.000,40.528,72.153
30960,-15.505924567,11.000000000,19000,204.900,360.000,40.267,72.113
31020,-15.395485045,11.000000000,19000,204.900,360.000,40.007,72.073
31080,-15.285045523,11.000000000,19000,204.900,360.000,39.747,72.032
31140,-15.174606002,11.000000000,19000,204.900,360.000,39.486,71.992
31200,-15.064166480,11.000000000,19000,204.900,360.000,39.226,71.952
31260,-14.953726958,11.000000000,19000,204.900,360.000,38.963,71.921
31320,-14.843287436,11.000000000,19000,204.900,360.000,38.698,71.903
31380,-14.732847915,11.000000000,19000,204.900,360.000,38.432,71.884
31440,-14.622408393,11.000000000,19000,204.900,360.000,38.167,71.866
31500,-14.511968871,11.000000000,19000,204.900,360.000,37.901,71.848
31560,-14.401529350,11.000000000,19000,204.900,360.000,37.635,71.830
31620,-14.291089828,11.000000000,19000,204.900,360.000,37.370,71.811
31680,-14.180650306,11.000000000,19000,204.900,360.000,37.104,71.793
31740,-14.070210785,11.000000000,19000,204.900,360.000,36.839,71.775
31800,-13.959771263,11.000000000,19000,204.900,360.000,36.573,71.756
31860,-13.849331741,11.000000000,19000,204.900,360.000,36.308,71.738
31920,-13.738892220,11.000000000,19000,204.900,360.000,36.042,71.720
31980,-13.628452698,11.000000000,19000,204.900,360.000,35.777,71.701
32040,-13.518013176,11.000000000,19000,204.900,360.000,35.511,71.683
32100,-13.407573654,11.000000000,19000,204.900,360.000,35.245,71.665
32160,-13.297134133,11.000000000,19000,204.900,360.000,34.980,71.646
32220,-13.186694611,11.000000000,19000,204.900,360.000,34.714,71.628
32280,-13.076255089,11.000000000,19000,204.900,360.000,34.449,71.610
32340,-12.965815568,11.000000000,19000,204.900,360.000,34.183,71.592
32400,-12.855376046,11.000000000,19000,204.900,360.000,33.918,71.573
32460,-12.744936524,11.000000000,19000,204.900,360.000,33.652,71.555
32520,-12.634497003,11.000000000,19000,204.900,360.000,33.387,71.537
32580,-12.524057481,11.000000000,19000,204.900,360.000,33.121,71.518
32640,-12.413617959,11.000000000,19000,204.900,360.000,32.855,71.500
32700,-12.303178437,11.000000000,19000,204.900,360.000,32.590,71.482
32760,-12.192738916,11.000000000,19000,204.900,360.000,32.324,71.463
32820,-12.082299394,11.000000000,19000,204.900,360.000,32.059,71.445
32880,-11.971859872,11.000000000,19000,204.900,360.000,31.793,71.431
32940,-11.861420351,11.000000000,19000,204.900,360.000,31.525,71.431
33000,-11.750980829,11.000000000,19000,204.900,360.000,31.257,71.430
33060,-11.640541307,11.000000000,19000,204.900,360.000,30.989,71.430
33120,-11.530101786,11.000000000,19000,204.900,360.000,30.721,71.430
33180,-11.419662264,11.000000000,19000,204.900,360.000,30.453,71.429
33240,-11.309222742,11.000000000,19000,204.900,360.000,30.185,71.429
33300,-11.198783220,11.000000000,19000,204.900,360.000,29.917,71.428
33360,-11.088343699,11.000000000,19000,204.900,360.000,29.649,71.428
33420,-10.977904177,11.000000000,19000,204.900,360.000,29.381,71.427
33480,-10.867464655,11.000000000,19000,204.900,360.000,29.113,71.427
33540,-10.757025134,11.000000000,19000,204.900,360.000,28.845,71.427
33600,-10.646585612,11.000000000,19000,204.900,360.000,28.577,71.426
33660,-10.536146090,11.000000000,19000,204.900,360.000,28.309,71.426
33720,-10.425706569,11.000000000,19000,204.900,360.000,28.041,71.425
33780,-10.315267047,11.000000000,19000,204.900,360.000,27.773,71.425
33840,-10.204827525,11.000000000,19000,204.900,360.000,27.505,71.425
33900,-10.094388004,11.000000000,19000,204.900,360.000,27.237,71.424
33960,-9.986229666,11.000000000,19000,204.900,359.067,26.970,71.421
34020,-9.891485409,11.000000000,19000,204.900,352.648,26.706,71.406
34080,-9.796741153,11.000000000,19000,204.900,346.229,26.441,71.390
34140,-9.701996897,11.000000000,19000,204.900,339.809,26.177,71.375
34200,-9.607252641,11.000000000,19000,204.900,333.390,25.913,71.359
34260,-9.512508385,11.000000000,19000,204.900,326.971,25.649,71.344
34320,-9.417764128,11.000000000,19000,204.900,320.551,25.384,71.328
34380,-9.323019872,11.000000000,19000,204.900,314.132,25.120,71.313
34440,-9.228275616,11.000000000,19000,204.900,307.713,24.856,71.297
34500,-9.133531360,11.000000000,19000,204.900,301.294,24.592,71.282
34560,-9.038787104,11.000000000,19000,204.900,294.874,24.328,71.266
34620,-8.944042847,11.000000000,19000,204.900,288.455,24.063,71.251
34680,-8.849298591,11.000000000,19000,204.900,282.036,23.799,71.235
34740,-8.754554335,11.000000000,19000,204.900,275.617,23.535,71.220
34800,-8.659810079,11.000000000,19000,204.900,269.197,23.271,71.204
34860,-8.565065823,11.000000000,19000,204.900,262.778,23.006,71.189
34920,-8.470321566,11.000000000,19000,204.900,256.359,22.742,71.173
34980,-8.375577310,11.000000000,19000,204.900,249.940,22.478,71.158
35040,-8.280833054,11.000000000,19000,204.900,243.520,22.214,71.142
35100,-8.186088798,11.000000000,19000,204.900,237.101,21.949,71.127
35160,-8.091344542,11.000000000,19000,204.900,230.682,21.685,71.111
35220,-8.002813168,10.997186832,19000,204.900,224.493,21.426,71.081
35280,-8.081211361,10.918788639,19000,204.900,224.484,21.303,70.664
35340,-8.159609554,10.840390446,19000,204.900,224.476,21.180,70.247
35400,-8.238007747,10.761992253,19000,204.900,224.468,21.057,69.829
35460,-8.316405940,10.683594060,19000,204.900,224.460,20.934,69.412
35520,-8.394804133,10.605195867,19000,204.900,224.451,20.810,68.995
35580,-8.473202326,10.526797674,19000,204.900,224.443,20.687,68.577
35640,-8.551600519,10.448399481,19000,204.900,224.435,20.564,68.160
35700,-8.629998712,10.370001288,19000,204.900,224.427,20.441,67.743
35760,-8.708396906,10.291603094,19000,204.900,224.418,20.318,67.326
35820,-8.786795099,10.213204901,19000,204.900,224.410,20.195,66.908
35880,-8.865193292,10.134806708,19000,204.900,224.402,20.072,66.491
35940,-8.943591485,10.056408515,19000,204.900,224.394,19.949,66.074
36000,-9.021989678,9.978010322,19000,204.900,224.385,19.826,65.656
36060,-9.100387871,9.899612129,19000,204.900,224.377,19.703,65.239
36120,-9.178786064,9.821213936,19000,204.900,224.369,19.579,64.822
36180,-9.257184257,9.742815743,19000,204.900,224.361,19.456,64.405
36240,-9.335582451,9.664417549,19000,204.900,224.352,19.333,63.987
36300,-9.413980644,9.586019356,19000,204.900,224.344,19.210,63.570
36360,-9.492378837,9.507621163,19000,204.900,224.336,19.087,63.153
36420,-9.570777030,9.429222970,19000,204.900,224.328,18.964,62.735
36480,-9.649175223,9.350824777,19000,204.900,224.319,18.841,62.318
36540,-9.727573416,9.272426584,19000,204.900,224.311,18.718,61.901
36600,-9.805971609,9.194028391,19000,204.900,224.303,18.595,61.484
36660,-9.884369802,9.115630198,19000,204.900,224.294,18.471,61.066
36720,-9.962767995,9.037232005,19000,204.900,224.286,18.348,60.649
36780,-10.037009861,8.962990139,19000,204.900,225.967,18.239,60.150
36840,-10.107492613,8.892507387,19000,204.900,229.176,18.141,59.576
36900,-10.177975365,8.822024635,19000,204.900,232.385,18.043,59.002
36960,-10.248458117,8.751541883,19000,204.900,235.594,17.946,58.429
37020,-10.318940870,8.681059130,19000,204.900,238.803,17.848,57.855
37080,-10.389423622,8.610576378,19000,204.900,242.012,17.751,57.282
37140,-10.459906374,8.540093626,19000,204.900,245.220,17.653,56.708
37200,-10.530389126,8.469610874,19000,204.900,248.429,17.556,56.135
37260,-10.600871878,8.399128122,19000,204.900,251.638,17.458,55.561
37320,-10.671354630,8.328645370,19000,204.900,254.847,17.361,54.988
37380,-10.741837382,8.258162618,19000,204.900,258.056,17.263,54.414
37440,-10.812320134,8.187679866,19000,204.900,261.265,17.165,53.840
37500,-10.882802886,8.117197114,19000,204.900,264.474,17.068,53.267
37560,-10.953285638,8.046714362,19000,204.900,267.682,16.970,52.693
37620,-11.023768390,7.976231610,19000,204.900,270.891,16.873,52.120
37680,-11.094251142,7.905748858,19000,204.900,274.100,16.775,51.546
37740,-11.164733894,7.835266106,19000,204.900,277.309,16.678,50.973
37800,-11.235216646,7.764783354,19000,204.900,280.518,16.580,50.399
37860,-11.305699398,7.694300602,19000,204.900,283.727,16.482,49.825
37920,-11.376182150,7.623817850,19000,204.900,286.936,16.385,49.252
37980,-11.446664902,7.553335098,19000,204.900,290.144,16.287,48.678
38040,-11.517147654,7.482852346,19000,204.900,293.353,16.190,48.105
38100,-11.587630406,7.412369594,19000,204.900,296.562,16.092,47.531
38160,-11.658113158,7.341886842,19000,204.900,299.771,15.995,46.958
38220,-11.728595910,7.271404090,19000,204.900,302.980,15.897,46.384
38280,-11.799078662,7.200921338,19000,204.900,306.189,15.800,45.811
38340,-11.869561414,7.130438586,19000,204.900,309.398,15.702,45.237
38400,-11.940044166,7.059955834,19000,204.900,312.606,15.604,44.663
38460,-11.988228556,6.988228556,19000,204.900,315.335,15.496,44.121
38520,-11.909413110,6.909413110,19000,204.900,315.330,15.328,43.755
38580,-11.830597663,6.830597663,19000,204.900,315.324,15.160,43.388
38640,-11.751782217,6.751782217,19000,204.900,315.318,14.991,43.022
38700,-11.672966770,6.672966770,19000,204.900,315.313,14.823,42.656
38760,-11.594151324,6.594151324,19000,204.900,315.307,14.655,42.290
38820,-11.515335878,6.515335878,19000,204.900,315.302,14.486,41.923
38880,-11.436520431,6.436520431,19000,204.900,315.296,14.318,41.557
38940,-11.357704985,6.357704985,19000,204.900,315.290,14.150,41.191
39000,-11.278889538,6.278889538,19000,204.900,315.285,13.981,40.825
39060,-11.200074092,6.200074092,19000,204.900,315.279,13.813,40.458
39120,-11.121258646,6.121258646,19000,204.900,315.274,13.644,40.092
