src/Components/missions/ORACLES/Plans/ORACLES-Flt-plan_p3_20160923_RF.ict
42, 1001
Samuel LeBlanc
NASA Ames Research Center
Simulated flight plan
ORACLES
1,1
2016,09,23,2016,09,23
60
Start_UTC, seconds from midnight UTC, time keeping
7
1,1,1,1,1,1,1
-9999,-9999,-9999,-9999,-9999,-9999,-9999
Latitude, Degrees (North positive), Planned latitude position of the aircraft
Longitude, Degrees (East positive), Planned longitude position of the aircraft
Altitude, meters (above sea level), Planned altitude of the aircraft
speed, meters per second (m/s), Estimated speed of aircraft
Bearing, degrees from north, Direction of travel of the plane per respect to north
SZA, degrees from zenith, Elevation position of the sun in the sky per respect to zenith
AZI, degrees from north, Azimuthal position of the sun in the sky per respect to north
1
Simulated aircraft data interpolated from flight plan waypoints
20
-----------------------------------------------------------------------------
PI_CONTACT_INFO: Samuel LeBlanc, samuel.leblanc@nasa.gov
PLATFORM: p3
LOCATION: N/A
ASSOCIATED_DATA: N/A
INSTRUMENT_INFO: None
DATA_INFO: Compiled with flight planner: moving lines v1.07
UNCERTAINTY: Undefined
ULOD_FLAG: -7777
ULOD_VALUE: N/A
LLOD_FLAG: -8888
LLOD_VALUE: N/A
DM_CONTACT_INFO: See PI
PROJECT_INFO: ORACLES
STIPULATIONS_ON_USE: None
OTHER_COMMENTS: N/A
REVISION: RA
RA: First iteration of the flight plan
-----------------------------------------------------------------------------
Start_UTC,Latitude,Longitude,Altitude,speed,Bearing,SZA,AZI
25200,-22.979716667,14.645283333,   95,150.000,268.911,62.296,75.036
25260,-22.980702641,14.565306003,  382,149.514,271.775,62.146,74.946
25320,-22.981688615,14.485328673,  669,149.028,274.638,61.995,74.855
25380,-22.982674589,14.405351342,  956,148.542,277.502,61.845,74.764
25440,-22.983660563,14.325374012, 1243,148.056,280.365,61.695,74.674
25500,-22.984646537,14.245396682, 1530,147.569,283.229,61.545,74.583
25560,-22.985632512,14.165419351, 1817,147.083,286.092,61.394,74.492
25620,-22.986618486,14.085442021, 2104,146.597,288.955,61.244,74.402
25680,-22.987604460,14.005464691, 2391,146.111,291.819,61.094,74.311
25740,-22.988590434,13.925487360, 2678,145.625,294.682,60.944,74.220
25800,-22.989576408,13.845510030, 2965,145.139,297.546,60.794,74.130
25860,-22.990562382,13.765532699, 3252,144.653,300.409,60.643,74.039
25920,-22.991548357,13.685555369, 3540,144.167,303.273,60.493,73.948
25980,-22.992534331,13.605578039, 3827,143.681,306.136,60.343,73.858
26040,-22.993520305,13.525600708, 4114,143.195,308.999,60.193,73.767
26100,-22.994506279,13.445623378, 4401,142.708,311.863,60.043,73.676
26160,-22.995492253,13.365646048, 4688,142.222,314.726,59.892,73.586
26220,-22.996478227,13.285668717, 4975,141.736,317.590,59.742,73.495
26280,-22.997464202,13.205691387, 5262,141.250,320.453,59.592,73.404
26340,-22.998450176,13.125714057, 5549,140.764,323.316,59.442,73.314
26400,-22.999436150,13.045736726, 5836,140.278,326.180,59.291,73.223
26460,-22.969795663,12.979863776, 6000,140.151,328.141,59.119,73.142
26520,-22.899246026,12.932830684, 6000,140.504,328.898,58.918,73.073
26580,-22.828696389,12.885797593, 6000,140.857,329.655,58.717,73.004
26640,-22.758146751,12.838764501, 6000,141.209,330.412,58.515,72.935
26700,-22.687597114,12.791731409, 6000,141.562,331.169,58.314,72.866
26760,-22.617047477,12.744698318, 6000,141.915,331.926,58.112,72.797
26820,-22.546497839,12.697665226, 6000,142.268,332.682,57.911,72.728
26880,-22.475948202,12.650632135, 6000,142.620,333.439,57.710,72.659
26940,-22.405398565,12.603599043, 6000,142.973,334.196,57.508,72.590
27000,-22.334848927,12.556565952, 6000,143.326,334.953,57.307,72.521
27060,-22.264299290,12.509532860, 6000,143.679,335.710,57.106,72.452
27120,-22.193749653,12.462499768, 6000,144.031,336.466,56.904,72.384
27180,-22.123200015,12.415466677, 6000,144.384,337.223,56.703,72.315
27240,-22.052650378,12.368433585, 6000,144.737,337.980,56.501,72.246
27300,-21.982100741,12.321400494, 6000,145.089,338.737,56.300,72.177
27360,-21.911551103,12.274367402, 6000,145.442,339.494,56.099,72.108
27420,-21.841001466,12.227334311, 6000,145.795,340.251,55.897,72.039
27480,-21.770451829,12.180301219, 6000,146.148,341.007,55.696,71.970
27540,-21.699902191,12.133268128, 6000,146.500,341.764,55.494,71.901
27600,-21.629352554,12.086235036, 6000,146.853,342.521,55.293,71.832
27660,-21.558802917,12.039201944, 6000,147.206,343.278,55.092,71.763
27720,-21.488253279,11.992168853, 6000,147.559,344.035,54.890,71.694
27780,-21.417703642,11.945135761, 6000,147.911,344.792,54.689,71.625
27840,-21.347154005,11.898102670, 6000,148.264,345.548,54.488,71.556
27900,-21.276604367,11.851069578, 6000,148.617,346.305,54.286,71.487
27960,-21.206054730,11.804036487, 6000,148.970,347.062,54.085,71.418
28020,-21.135505093,11.757003395, 6000,149.322,347.819,53.883,71.349
28080,-21.064955455,11.709970303, 6000,149.675,348.576,53.682,71.281
28140,-20.994405818,11.662937212, 6000,150.028,349.332,53.481,71.212
28200,-20.923856181,11.615904120, 6000,150.381,350.089,53.279,71.143
28260,-20.853306543,11.568871029, 6000,150.733,350.846,53.078,71.074
28320,-20.782756906,11.521837937, 6000,151.086,351.603,52.877,71.005
28380,-20.712207269,11.474804846, 6000,151.439,352.360,52.675,70.936
28440,-20.641657631,11.427771754, 6000,151.792,353.117,52.474,70.867
28500,-20.571107994,11.380738663, 6000,152.144,353.873,52.272,70.798
28560,-20.500558357,11.333705571, 6000,152.497,354.630,52.071,70.729
28620,-20.430008719,11.286672479, 6000,152.850,355.387,51.870,70.660
28680,-20.359459082,11.239639388, 6000,153.203,356.144,51.668,70.591
28740,-20.288909444,11.192606296, 6000,153.555,356.901,51.467,70.522
28800,-20.218359807,11.145573205, 6000,153.908,357.658,51.266,70.453
28860,-20.147810170,11.098540113, 6000,154.261,358.414,51.064,70.384
28920,-20.077260532,11.051507022, 6000,154.614,359.171,50.863,70.315
28980,-20.006710895,11.004473930, 6000,154.966,359.928,50.661,70.247
29040,-19.924503082,11.000000000, 6000,155.000,354.704,50.414,70.158
29100,-19.841069732,11.000000000, 6000,155.000,348.852,50.162,70.067
29160,-19.757636381,11.000000000, 6000,155.000,342.999,49.910,69.976
29220,-19.674203030,11.000000000, 6000,155.000,337.146,49.658,69.885
29280,-19.590769680,11.000000000, 6000,155.000,331.294,49.406,69.794
29340,-19.507336329,11.000000000, 6000,155.000,325.441,49.153,69.703
29400,-19.423902978,11.000000000, 6000,155.000,319.589,48.901,69.612
29460,-19.340469628,11.000000000, 6000,155.000,313.736,48.649,69.521
29520,-19.257036277,11.000000000, 6000,155.000,307.883,48.397,69.430
29580,-19.173602926,11.000000000, 6000,155.000,302.031,48.145,69.339
29640,-19.090169576,11.000000000, 6000,155.000,296.178,47.893,69.248
29700,-19.006736225,11.000000000, 6000,155.000,290.326,47.641,69.156
29760,-18.923302874,11.000000000, 6000,155.000,284.473,47.389,69.065
29820,-18.839869523,11.000000000, 6000,155.000,278.620,47.136,68.974
29880,-18.756436173,11.000000000, 6000,155.000,272.768,46.884,68.883
29940,-18.673002822,11.000000000, 6000,155.000,266.915,46.632,68.792
30000,-18.589569471,11.000000000, 6000,155.000,261.062,46.380,68.701
30060,-18.506136121,11.000000000, 6000,155.000,255.210,46.128,68.610
30120,-18.422702770,11.000000000, 6000,155.000,249.357,45.876,68.519
30180,-18.339269419,11.000000000, 6000,155.000,243.505,45.624,68.428
30240,-18.255836069,11.000000000, 6000,155.000,237.652,45.372,68.337
30300,-18.172402718,11.000000000, 6000,155.000,231.799,45.119,68.246
30360,-18.088969367,11.000000000, 6000,155.000,225.947,44.867,68.155
30420,-18.005536017,11.000000000, 6000,155.000,220.094,44.615,68.064
30480,-17.922102666,11.000000000, 6000,155.000,214.242,44.363,67.973
30540,-17.838669315,11.000000000, 6000,155.000,208.389,44.111,67.882
30600,-17.755235965,11.000000000, 6000,155.000,202.536,43.859,67.791
30660,-17.671802614,11.000000000, 6000,155.000,196.684,43.607,67.700
30720,-17.588369263,11.000000000, 6000,155.000,190.831,43.355,67.609
30780,-17.504935913,11.000000000, 6000,155.000,184.979,43.103,67.518
30840,-17.421502562,11.000000000, 6000,155.000,179.126,42.850,67.427
30900,-17.338069211,11.000000000, 6000,155.000,173.273,42.598,67.336
30960,-17.254635861,11.000000000, 6000,155.000,167.421,42.346,67.245
31020,-17.171202510,11.000000000, 6000,155.000,161.568,42.094,67.154
31080,-17.087769159,11.000000000, 6000,155.000,155.716,41.842,67.063
31140,-17.004335809,11.000000000, 6000,155.000,149.863,41.590,66.972
31200,-16.920902458,11.000000000, 6000,155.000,144.010,41.338,66.881
31260,-16.837469107,11.000000000, 6000,155.000,138.158,41.086,66.790
31320,-16.754035757,11.000000000, 6000,155.000,132.305,40.833,66.699
31380,-16.670602406,11.000000000, 6000,155.000,126.453,40.581,66.608
31440,-16.587169055,11.000000000, 6000,155.000,120.600,40.329,66.517
31500,-16.503735705,11.000000000, 6000,155.000,114.747,40.077,66.426
31560,-16.420302354,11.000000000, 6000,155.000,108.895,39.825,66.335
31620,-16.336869003,11.000000000, 6000,155.000,103.042,39.573,66.244
31680,-16.253435653,11.000000000, 6000,155.000,97.190,39.321,66.153
31740,-16.170002302,11.000000000, 6000,155.000,91.337,39.069,66.062
31800,-16.086568951,11.000000000, 6000,155.000,85.484,38.816,65.971
31860,-16.003135601,11.000000000, 6000,155.000,79.632,38.564,65.880
31920,-15.919702250,11.000000000, 6000,155.000,73.779,38.312,65.789
31980,-15.836268899,11.000000000, 6000,155.000,67.927,38.060,65.698
32040,-15.752835549,11.000000000, 6000,155.000,62.074,37.808,65.607
32100,-15.669402198,11.000000000, 6000,155.000,56.221,37.556,65.516
32160,-15.585968847,11.000000000, 6000,155.000,50.369,37.304,65.425
32220,-15.502535496,11.000000000, 6000,155.000,44.516,37.052,65.334
32280,-15.419102146,11.000000000, 6000,155.000,38.664,36.799,65.243
32340,-15.335668795,11.000000000, 6000,155.000,32.811,36.547,65.152
32400,-15.252235444,11.000000000, 6000,155.000,26.958,36.295,65.061
32460,-15.168802094,11.000000000, 6000,155.000,21.106,36.043,64.970
32520,-15.085368743,11.000000000, 6000,155.000,15.253,35.791,64.879
32580,-15.001935392,11.000000000, 6000,155.000,9.401,35.539,64.788
32640,-14.925582831,11.012402862, 6000,155.000,17.965,35.278,64.636
32700,-14.849398422,11.025100263, 6000,155.000,26.872,35.016,64.483
32760,-14.773214013,11.037797665, 6000,155.000,35.779,34.755,64.330
32820,-14.697029604,11.050495066, 6000,155.000,44.686,34.494,64.176
32880,-14.620845195,11.063192468, 6000,155.000,53.593,34.233,64.023
32940,-14.544660786,11.075889869, 6000,155.000,62.499,33.971,63.870
33000,-14.468476377,11.088587270, 6000,155.000,71.406,33.710,63.716
33060,-14.392291968,11.101284672, 6000,155.000,80.313,33.449,63.563
33120,-14.316107559,11.113982073, 6000,155.000,89.220,33.187,63.410
33180,-14.239923150,11.126679475, 6000,155.000,98.127,32.926,63.256
33240,-14.163738741,11.139376876, 6000,155.000,107.034,32.665,63.103
33300,-14.087554332,11.152074278, 6000,155.000,115.940,32.404,62.950
33360,-14.011369923,11.164771679, 6000,155.000,124.847,32.142,62.796
33420,-13.935185514,11.177469081, 6000,155.000,133.754,31.881,62.643
33480,-13.859001105,11.190166482, 6000,155.000,142.661,31.620,62.490
33540,-13.782816696,11.202863884, 6000,155.000,151.568,31.358,62.337
33600,-13.706632288,11.215561285, 6000,155.000,160.475,31.097,62.183
33660,-13.630447879,11.228258687, 6000,155.000,169.382,30.836,62.030
33720,-13.554263470,11.240956088, 6000,155.000,178.288,30.575,61.877
33780,-13.478079061,11.253653490, 6000,155.000,187.195,30.313,61.723
33840,-13.401894652,11.266350891, 6000,155.000,196.102,30.052,61.570
33900,-13.325710243,11.279048293, 6000,155.000,205.009,29.791,61.417
33960,-13.249525834,11.291745694, 6000,155.000,213.916,29.529,61.263
34020,-13.173341425,11.304443096, 6000,155.000,222.823,29.268,61.110
34080,-13.097157016,11.317140497, 6000,155.000,231.730,29.007,60.957
34140,-13.020972607,11.329837899, 6000,155.000,240.636,28.746,60.803
34200,-12.944788198,11.342535300, 6000,155.000,249.543,28.484,60.650
34260,-12.868603789,11.355232702, 6000,155.000,258.450,28.223,60.497
34320,-12.792419380,11.367930103, 6000,155.000,267.357,27.962,60.343
34380,-12.716234971,11.380627505, 6000,155.000,276.264,27.700,60.190
34440,-12.640050562,11.393324906, 6000,155.000,285.171,27.439,60.037
34500,-12.563866153,11.406022308, 6000,155.000,294.077,27.178,59.883
34560,-12.487681744,11.418719709, 6000,155.000,302.984,26.916,59.730
34620,-12.411497335,11.431417111, 6000,155.000,311.891,26.655,59.577
34680,-12.335312926,11.444114512, 6000,155.000,320.798,26.394,59.424
34740,-12.259128517,11.456811914, 6000,155.000,329.705,26.133,59.270
34800,-12.182944109,11.469509315, 6000,155.000,338.612,25.871,59.117
34860,-12.106759700,11.482206717, 6000,155.000,347.519,25.610,58.964
34920,-12.030575291,11.494904118, 6000,155.000,356.425,25.349,58.810
34980,-11.949985051,11.500000000, 6000,155.000,355.499,25.094,58.622
35040,-11.866441245,11.500000000, 6000,155.000,347.980,24.843,58.411
35100,-11.782897439,11.500000000, 6000,155.000,340.461,24.593,58.200
35160,-11.699353633,11.500000000, 6000,155.000,332.942,24.342,57.988
35220,-11.615809827,11.500000000, 6000,155.000,325.423,24.091,57.777
35280,-11.532266021,11.500000000, 6000,155.000,317.904,23.841,57.566
35340,-11.448722214,11.500000000, 6000,155.000,310.385,23.590,57.354
35400,-11.365178408,11.500000000, 6000,155.000,302.866,23.339,57.143
35460,-11.281634602,11.500000000, 6000,155.000,295.347,23.089,56.932
35520,-11.198090796,11.500000000, 6000,155.000,287.828,22.838,56.720
35580,-11.114546990,11.500000000, 6000,155.000,280.309,22.587,56.509
35640,-11.031003184,11.500000000, 6000,155.000,272.790,22.337,56.298
35700,-10.947459378,11.500000000, 6000,155.000,265.271,22.086,56.086
35760,-10.863915572,11.500000000, 6000,155.000,257.752,21.836,55.875
35820,-10.780371766,11.500000000, 6000,155.000,250.233,21.585,55.664
35880,-10.696827960,11.500000000, 6000,155.000,242.715,21.334,55.452
35940,-10.613284154,11.500000000, 6000,155.000,235.196,21.084,55.241
36000,-10.529740348,11.500000000, 6000,155.000,227.677,20.833,55.030
36060,-10.446196542,11.500000000, 6000,155.000,220.158,20.582,54.818
36120,-10.362652736,11.500000000, 6000,155.000,212.639,20.332,54.607
36180,-10.279108930,11.500000000, 6000,155.000,205.120,20.081,54.396
36240,-10.195565124,11.500000000, 6000,155.000,197.601,19.831,54.184
36300,-10.112021317,11.500000000, 6000,155.000,190.082,19.580,53.973
36360,-10.028477511,11.500000000, 6000,155.000,182.563,19.329,53.762
36420,-10.054886925,11.500000000, 6000,155.000,180.251,19.169,53.179
36480,-10.138158601,11.500000000, 6000,155.000,180.632,19.055,52.404
36540,-10.221430278,11.500000000, 6000,155.000,181.013,18.941,51.629
36600,-10.304701954,11.500000000, 6000,155.000,181.394,18.827,50.855
36660,-10.387973630,11.500000000, 6000,155.000,181.775,18.714,50.080
36720,-10.471245306,11.500000000, 6000,155.000,182.156,18.600,49.305
36780,-10.554516982,11.500000000, 6000,155.000,182.536,18.486,48.530
36840,-10.637788658,11.500000000, 6000,155.000,182.917,18.372,47.756
36900,-10.721060334,11.500000000, 6000,155.000,183.298,18.258,46.981
36960,-10.804332010,11.500000000, 6000,155.000,183.679,18.144,46.206
37020,-10.887603686,11.500000000, 6000,155.000,184.060,18.031,45.431
37080,-10.970875362,11.500000000, 6000,155.000,184.441,17.917,44.656
37140,-11.054147038,11.500000000, 6000,155.000,184.822,17.803,43.882
37200,-11.137418714,11.500000000, 6000,155.000,185.203,17.689,43.107
37260,-11.220690390,11.500000000, 6000,155.000,185.584,17.575,42.332
37320,-11.303962066,11.500000000, 6000,155.000,185.964,17.462,41.557
37380,-11.387233742,11.500000000, 6000,155.000,186.345,17.348,40.783
37440,-11.470505418,11.500000000, 6000,155.000,186.726,17.234,40.008
37500,-11.553777094,11.500000000, 6000,155.000,187.107,17.120,39.233
37560,-11.637048770,11.500000000, 6000,155.000,187.488,17.006,38.458
37620,-11.720320446,11.500000000, 6000,155.000,187.869,16.892,37.684
37680,-11.803592123,11.500000000, 6000,155.000,188.250,16.779,36.909
37740,-11.886863799,11.500000000, 6000,155.000,188.631,16.665,36.134
37800,-11.970135475,11.500000000, 6000,155.000,189.012,16.551,35.359
37860,-12.052776845,11.491203859, 6000,155.000,188.987,16.512,34.513
37920,-12.135065756,11.477489041, 6000,155.000,188.736,16.515,33.626
37980,-12.217354668,11.463774222, 6000,155.000,188.485,16.518,32.740
38040,-12.299643579,11.450059403, 6000,155.000,188.234,16.521,31.854
38100,-12.381932491,11.436344585, 6000,155.000,187.983,16.524,30.967
38160,-12.464221403,11.422629766, 6000,155.000,187.733,16.527,30.081
38220,-12.546510314,11.408914948, 6000,155.000,187.482,16.530,29.195
38280,-12.628799226,11.395200129, 6000,155.000,187.231,16.533,28.308
38340,-12.711088138,11.381485310, 6000,155.000,186.980,16.536,27.422
38400,-12.793377049,11.367770492, 6000,155.000,186.729,16.539,26.535
38460,-12.875665961,11.354055673, 6000,155.000,186.478,16.542,25.649
38520,-12.957954873,11.340340855, 6000,155.000,186.227,16.545,24.763
38580,-13.040243784,11.326626036, 6000,155.000,185.976,16.548,23.876
38640,-13.122532696,11.312911217, 6000,155.000,185.725,16.551,22.990
38700,-13.204821608,11.299196399, 6000,155.000,185.474,16.554,22.104
38760,-13.287110519,11.285481580, 6000,155.000,185.223,16.557,21.217
38820,-13.369399431,11.271766762, 6000,155.000,184.972,16.560,20.331
38880,-13.451688343,11.258051943, 6000,155.000,184.721,16.563,19.444
38940,-13.533977254,11.244337124, 6000,155.000,184.470,16.566,18.558
39000,-13.616266166,11.230622306, 6000,155.000,184.220,16.570,17.672
39060,-13.698555077,11.216907487, 6000,155.000,183.969,16.573,16.785
