src/Components/missions/ORACLES/Plans/ORACLES-Flt-plan_p3_20170831_R0.ict
42, 1001
jredeman
NASA Ames Research Center
Simulated flight plan
ORACLES-2017
1,1
2017,08,31,2017,08,31
60
Start_UTC, seconds from midnight UTC, time keeping
7
1,1,1,1,1,1,1
-9999,-9999,-9999,-9999,-9999,-9999,-9999
Latitude, Degrees (North positive), Planned latitude position of the aircraft
Longitude, Degrees (East positive), Planned longitude position of the aircraft
Altitude, meters (above sea level), Planned altitude of the aircraft
speed, meters per second (m/s), Estimated speed of aircraft
Bearing, degrees from north, Direction of travel of the plane per respect to north
SZA, degrees from zenith, Elevation position of the sun in the sky per respect to zenith
AZI, degrees from north, Azimuthal position of the sun in the sky per respect to north
1
Simulated aircraft data interpolated from flight plan waypoints
20
-----------------------------------------------------------------------------
PI_CONTACT_INFO: jredeman
PLATFORM: p3
LOCATION: N/A
ASSOCIATED_DATA: N/A
INSTRUMENT_INFO: None
DATA_INFO: Compiled with flight planner: moving lines v1.1
UNCERTAINTY: Undefined
ULOD_FLAG: -7777
ULOD_VALUE: N/A
LLOD_FLAG: -8888
LLOD_VALUE: N/A
DM_CONTACT_INFO: Samuel LeBlanc, samuel.leblanc@nasa.gov
PROJECT_INFO: ORACLES-2017
STIPULATIONS_ON_USE: None
OTHER_COMMENTS: N/A
REVISION: RA
RA: First iteration of the flight plan
-----------------------------------------------------------------------------
Start_UTC,Latitude,Longitude,Altitude,speed,Bearing,SZA,AZI
25200,0.378006000,6.708200000,   95,150.000,253.488,70.119,74.293
25260,0.362415720,6.655618697,  343,149.588,254.169,69.934,74.266
25320,0.346825440,6.603037394,  590,149.175,254.850,69.749,74.239
25380,0.331235160,6.550456091,  838,148.763,255.531,69.564,74.211
25440,0.315644880,6.497874787, 1085,148.350,256.212,69.379,74.184
25500,0.300054600,6.445293484, 1333,147.938,256.893,69.194,74.157
25560,0.284464319,6.392712181, 1580,147.525,257.574,69.009,74.129
25620,0.268874039,6.340130878, 1828,147.113,258.255,68.824,74.102
25680,0.253283759,6.287549575, 2075,146.701,258.936,68.639,74.075
25740,0.237693479,6.234968272, 2323,146.288,259.617,68.454,74.047
25800,0.222103199,6.182386969, 2570,145.876,260.298,68.269,74.020
25860,0.206512919,6.129805665, 2818,145.463,260.979,68.084,73.993
25920,0.190922639,6.077224362, 3065,145.051,261.660,67.899,73.965
25980,0.175332359,6.024643059, 3313,144.638,262.341,67.714,73.938
26040,0.159742079,5.972061756, 3560,144.226,263.022,67.529,73.911
26100,0.144151799,5.919480453, 3808,143.813,263.703,67.344,73.883
26160,0.128561519,5.866899150, 4055,143.401,264.384,67.159,73.856
26220,0.112971239,5.814317846, 4303,142.989,265.065,66.974,73.829
26280,0.097380958,5.761736543, 4550,142.576,265.746,66.789,73.801
26340,0.081790678,5.709155240, 4798,142.164,266.427,66.604,73.774
26400,0.066200398,5.656573937, 5045,141.751,267.108,66.419,73.747
26460,0.050610118,5.603992634, 5293,141.339,267.789,66.234,73.719
26520,0.035019838,5.551411331, 5540,140.926,268.470,66.049,73.692
26580,0.019429558,5.498830028, 5788,140.514,269.151,65.864,73.665
26640,0.003839278,5.446248724, 6035,140.102,269.832,65.679,73.637
26700,0.000000000,5.378794649, 6096,141.887,258.679,65.505,73.613
26760,0.000000000,5.306481353, 6096,144.390,243.659,65.334,73.590
26820,0.000000000,5.234168058, 6096,146.894,228.639,65.164,73.567
26880,0.000000000,5.161854762, 6096,149.397,213.619,64.993,73.544
26940,0.000000000,5.089541466, 6096,151.900,198.599,64.823,73.521
27000,0.000000000,5.017228171, 6096,154.404,183.578,64.652,73.498
27060,-0.063640040,5.000000000, 6096,155.000,180.881,64.477,73.339
27120,-0.147183846,5.000000000, 6096,155.000,182.038,64.300,73.138
27180,-0.230727652,5.000000000, 6096,155.000,183.195,64.123,72.937
27240,-0.314271458,5.000000000, 6096,155.000,184.351,63.947,72.736
27300,-0.397815264,5.000000000, 6096,155.000,185.508,63.770,72.535
27360,-0.481359070,5.000000000, 6096,155.000,186.665,63.593,72.333
27420,-0.564902876,5.000000000, 6096,155.000,187.822,63.416,72.132
27480,-0.648446682,5.000000000, 6096,155.000,188.978,63.240,71.931
27540,-0.731990488,5.000000000, 6096,155.000,190.135,63.063,71.730
27600,-0.815534294,5.000000000, 6096,155.000,191.292,62.886,71.529
27660,-0.899078100,5.000000000, 6096,155.000,192.449,62.709,71.328
27720,-0.982621906,5.000000000, 6096,155.000,193.606,62.533,71.127
27780,-1.066165713,5.000000000, 6096,155.000,194.762,62.356,70.926
27840,-1.149709519,5.000000000, 6096,155.000,195.919,62.179,70.725
27900,-1.233253325,5.000000000, 6096,155.000,197.076,62.002,70.523
27960,-1.316797131,5.000000000, 6096,155.000,198.233,61.826,70.322
28020,-1.400340937,5.000000000, 6096,155.000,199.389,61.649,70.121
28080,-1.483884743,5.000000000, 6096,155.000,200.546,61.472,69.920
28140,-1.567428549,5.000000000, 6096,155.000,201.703,61.295,69.719
28200,-1.650972355,5.000000000, 6096,155.000,202.860,61.119,69.518
28260,-1.734516161,5.000000000, 6096,155.000,204.016,60.942,69.317
28320,-1.818059967,5.000000000, 6096,155.000,205.173,60.765,69.116
28380,-1.901603773,5.000000000, 6096,155.000,206.330,60.588,68.915
28440,-1.985147579,5.000000000, 6096,155.000,207.487,60.412,68.713
28500,-2.068691385,5.000000000, 6096,155.000,208.643,60.235,68.512
28560,-2.152235191,5.000000000, 6096,155.000,209.800,60.058,68.311
28620,-2.235778997,5.000000000, 6096,155.000,210.957,59.881,68.110
28680,-2.319322804,5.000000000, 6096,155.000,212.114,59.705,67.909
28740,-2.402866610,5.000000000, 6096,155.000,213.270,59.528,67.708
28800,-2.486410416,5.000000000, 6096,155.000,214.427,59.351,67.507
28860,-2.569954222,5.000000000, 6096,155.000,215.584,59.174,67.306
28920,-2.653498028,5.000000000, 6096,155.000,216.741,58.997,67.105
28980,-2.737041834,5.000000000, 6096,155.000,217.898,58.821,66.903
29040,-2.820585640,5.000000000, 6096,155.000,219.054,58.644,66.702
29100,-2.904129446,5.000000000, 6096,155.000,220.211,58.467,66.501
29160,-2.987673252,5.000000000, 6096,155.000,221.368,58.290,66.300
29220,-3.071217058,5.000000000, 6096,155.000,222.525,58.114,66.099
29280,-3.154760864,5.000000000, 6096,155.000,223.681,57.937,65.898
29340,-3.238304670,5.000000000, 6096,155.000,224.838,57.760,65.697
29400,-3.321848476,5.000000000, 6096,155.000,225.995,57.583,65.496
29460,-3.405392282,5.000000000, 6096,155.000,227.152,57.407,65.295
29520,-3.488936088,5.000000000, 6096,155.000,228.308,57.230,65.093
29580,-3.572479895,5.000000000, 6096,155.000,229.465,57.053,64.892
29640,-3.656023701,5.000000000, 6096,155.000,230.622,56.876,64.691
29700,-3.739567507,5.000000000, 6096,155.000,231.779,56.700,64.490
29760,-3.823111313,5.000000000, 6096,155.000,232.935,56.523,64.289
29820,-3.906655119,5.000000000, 6096,155.000,234.092,56.346,64.088
29880,-3.990198925,5.000000000, 6096,155.000,235.249,56.169,63.887
29940,-4.073742731,5.000000000, 6096,155.000,236.406,55.993,63.686
30000,-4.157286537,5.000000000, 6096,155.000,237.562,55.816,63.485
30060,-4.240830343,5.000000000, 6096,155.000,238.719,55.639,63.283
30120,-4.324374149,5.000000000, 6096,155.000,239.876,55.462,63.082
30180,-4.407917955,5.000000000, 6096,155.000,241.033,55.286,62.881
30240,-4.491461761,5.000000000, 6096,155.000,242.189,55.109,62.680
30300,-4.575005567,5.000000000, 6096,155.000,243.346,54.932,62.479
30360,-4.658549373,5.000000000, 6096,155.000,244.503,54.755,62.278
30420,-4.742093179,5.000000000, 6096,155.000,245.660,54.579,62.077
30480,-4.825636986,5.000000000, 6096,155.000,246.817,54.402,61.876
30540,-4.909180792,5.000000000, 6096,155.000,247.973,54.225,61.675
30600,-4.992724598,5.000000000, 6096,155.000,249.130,54.048,61.473
30660,-5.076268404,5.000000000, 6096,155.000,250.287,53.872,61.272
30720,-5.159812210,5.000000000, 6096,155.000,251.444,53.695,61.071
30780,-5.243356016,5.000000000, 6096,155.000,252.600,53.518,60.870
30840,-5.326899822,5.000000000, 6096,155.000,253.757,53.341,60.669
30900,-5.410443628,5.000000000, 6096,155.000,254.914,53.165,60.468
30960,-5.493987434,5.000000000, 6096,155.000,256.071,52.988,60.267
31020,-5.577531240,5.000000000, 6096,155.000,257.227,52.811,60.066
31080,-5.661075046,5.000000000, 6096,155.000,258.384,52.634,59.865
31140,-5.744618852,5.000000000, 6096,155.000,259.541,52.457,59.663
31200,-5.828162658,5.000000000, 6096,155.000,260.698,52.281,59.462
31260,-5.911706464,5.000000000, 6096,155.000,261.854,52.104,59.261
31320,-5.995250270,5.000000000, 6096,155.000,263.011,51.927,59.060
31380,-6.078794077,5.000000000, 6096,155.000,264.168,51.750,58.859
31440,-6.162337883,5.000000000, 6096,155.000,265.325,51.574,58.658
31500,-6.245881689,5.000000000, 6096,155.000,266.481,51.397,58.457
31560,-6.329425495,5.000000000, 6096,155.000,267.638,51.220,58.256
31620,-6.412969301,5.000000000, 6096,155.000,268.795,51.043,58.055
31680,-6.496513107,5.000000000, 6096,155.000,269.952,50.867,57.853
31740,-6.580056913,5.000000000, 6096,155.000,271.108,50.690,57.652
31800,-6.663600719,5.000000000, 6096,155.000,272.265,50.513,57.451
31860,-6.747144525,5.000000000, 6096,155.000,273.422,50.336,57.250
31920,-6.830688331,5.000000000, 6096,155.000,274.579,50.160,57.049
31980,-6.914232137,5.000000000, 6096,155.000,275.736,49.983,56.848
32040,-6.997775943,5.000000000, 6096,155.000,276.892,49.806,56.647
32100,-7.081319749,5.000000000, 6096,155.000,278.049,49.629,56.446
32160,-7.164863555,5.000000000, 6096,155.000,279.206,49.453,56.245
32220,-7.248407361,5.000000000, 6096,155.000,280.363,49.276,56.043
32280,-7.331951168,5.000000000, 6096,155.000,281.519,49.099,55.842
32340,-7.415494974,5.000000000, 6096,155.000,282.676,48.922,55.641
32400,-7.499038780,5.000000000, 6096,155.000,283.833,48.746,55.440
32460,-7.582582586,5.000000000, 6096,155.000,284.990,48.569,55.239
32520,-7.666126392,5.000000000, 6096,155.000,286.146,48.392,55.038
32580,-7.749670198,5.000000000, 6096,155.000,287.303,48.215,54.837
32640,-7.833214004,5.000000000, 6096,155.000,288.460,48.039,54.636
32700,-7.916757810,5.000000000, 6096,155.000,289.617,47.862,54.435
32760,-8.000301616,5.000000000, 6096,155.000,290.773,47.685,54.233
32820,-8.083845422,5.000000000, 6096,155.000,291.930,47.508,54.032
32880,-8.167389228,5.000000000, 6096,155.000,293.087,47.332,53.831
32940,-8.250933034,5.000000000, 6096,155.000,294.244,47.155,53.630
33000,-8.334476840,5.000000000, 6096,155.000,295.400,46.978,53.429
33060,-8.418020646,5.000000000, 6096,155.000,296.557,46.801,53.228
33120,-8.501564452,5.000000000, 6096,155.000,297.714,46.624,53.027
33180,-8.585108259,5.000000000, 6096,155.000,298.871,46.448,52.826
33240,-8.668652065,5.000000000, 6096,155.000,300.027,46.271,52.625
33300,-8.752195871,5.000000000, 6096,155.000,301.184,46.094,52.423
33360,-8.835739677,5.000000000, 6096,155.000,302.341,45.917,52.222
33420,-8.919283483,5.000000000, 6096,155.000,303.498,45.741,52.021
33480,-9.002827289,5.000000000, 6096,155.000,304.655,45.564,51.820
33540,-9.086371095,5.000000000, 6096,155.000,305.811,45.387,51.619
33600,-9.169914901,5.000000000, 6096,155.000,306.968,45.210,51.418
33660,-9.253458707,5.000000000, 6096,155.000,308.125,45.034,51.217
33720,-9.337002513,5.000000000, 6096,155.000,309.282,44.857,51.016
33780,-9.420546319,5.000000000, 6096,155.000,310.438,44.680,50.815
33840,-9.504090125,5.000000000, 6096,155.000,311.595,44.503,50.613
33900,-9.587633931,5.000000000, 6096,155.000,312.752,44.327,50.412
33960,-9.671177737,5.000000000, 6096,155.000,313.909,44.150,50.211
34020,-9.754721543,5.000000000, 6096,155.000,315.065,43.973,50.010
34080,-9.838265349,5.000000000, 6096,155.000,316.222,43.796,49.809
34140,-9.921809156,5.000000000, 6096,155.000,317.379,43.620,49.608
34200,-10.005352962,5.000000000, 6096,155.000,318.536,43.443,49.407
34260,-10.088896768,5.000000000, 6096,155.000,319.692,43.266,49.206
34320,-10.172440574,5.000000000, 6096,155.000,320.849,43.089,49.005
34380,-10.255984380,5.000000000, 6096,155.000,322.006,42.913,48.803
34440,-10.339528186,5.000000000, 6096,155.000,323.163,42.736,48.602
34500,-10.423071992,5.000000000, 6096,155.000,324.319,42.559,48.401
34560,-10.506615798,5.000000000, 6096,155.000,325.476,42.382,48.200
34620,-10.590159604,5.000000000, 6096,155.000,326.633,42.206,47.999
34680,-10.673703410,5.000000000, 6096,155.000,327.790,42.029,47.798
34740,-10.757247216,5.000000000, 6096,155.000,328.946,41.852,47.597
34800,-10.840791022,5.000000000, 6096,155.000,330.103,41.675,47.396
34860,-10.924334828,5.000000000, 6096,155.000,331.260,41.499,47.195
34920,-11.007878634,5.000000000, 6096,155.000,332.417,41.322,46.993
34980,-11.091422440,5.000000000, 6096,155.000,333.574,41.145,46.792
35040,-11.174966247,5.000000000, 6096,155.000,334.730,40.968,46.591
35100,-11.258510053,5.000000000, 6096,155.000,335.887,40.791,46.390
35160,-11.342053859,5.000000000, 6096,155.000,337.044,40.615,46.189
35220,-11.425597665,5.000000000, 6096,155.000,338.201,40.438,45.988
35280,-11.509141471,5.000000000, 6096,155.000,339.357,40.261,45.787
35340,-11.592685277,5.000000000, 6096,155.000,340.514,40.084,45.586
35400,-11.676229083,5.000000000, 6096,155.000,341.671,39.908,45.385
35460,-11.759772889,5.000000000, 6096,155.000,342.828,39.731,45.183
35520,-11.843316695,5.000000000, 6096,155.000,343.984,39.554,44.982
35580,-11.926860501,5.000000000, 6096,155.000,345.141,39.377,44.781
35640,-12.010404307,5.000000000, 6096,155.000,346.298,39.201,44.580
35700,-12.093948113,5.000000000, 6096,155.000,347.455,39.024,44.379
35760,-12.177491919,5.000000000, 6096,155.000,348.611,38.847,44.178
35820,-12.261035725,5.000000000, 6096,155.000,349.768,38.670,43.977
35880,-12.344579531,5.000000000, 6096,155.000,350.925,38.494,43.776
35940,-12.428123338,5.000000000, 6096,155.000,352.082,38.317,43.575
36000,-12.511667144,5.000000000, 6096,155.000,353.238,38.140,43.373
36060,-12.595210950,5.000000000, 6096,155.000,354.395,37.963,43.172
36120,-12.678754756,5.000000000, 6096,155.000,355.552,37.787,42.971
36180,-12.762298562,5.000000000, 6096,155.000,356.709,37.610,42.770
36240,-12.845842368,5.000000000, 6096,155.000,357.866,37.433,42.569
36300,-12.929386174,5.000000000, 6096,155.000,359.022,37.256,42.368
36360,-13.000000000,5.000000000, 6050,154.657,360.000,37.083,42.148
36420,-13.000000000,5.000000000, 5750,152.441,360.000,36.930,41.827
36480,-13.000000000,5.000000000, 5450,150.226,360.000,36.776,41.506
36540,-13.000000000,5.000000000, 5150,148.010,360.000,36.623,41.185
36600,-13.000000000,5.000000000, 4850,145.794,360.000,36.469,40.864
36660,-13.000000000,5.000000000, 4550,143.578,360.000,36.316,40.543
36720,-13.000000000,5.000000000, 4250,141.363,360.000,36.162,40.221
36780,-13.000000000,5.000000000, 3950,139.147,360.000,36.008,39.900
36840,-13.000000000,5.000000000, 3650,136.931,360.000,35.855,39.579
36900,-13.000000000,5.000000000, 3350,134.716,360.000,35.701,39.258
36960,-13.000000000,5.000000000, 3050,132.500,360.000,35.548,38.937
37020,-13.000000000,5.000000000, 2750,130.284,360.000,35.394,38.616
37080,-13.000000000,5.000000000, 2450,128.068,360.000,35.241,38.295
37140,-13.000000000,5.000000000, 2150,125.853,360.000,35.087,37.973
37200,-13.000000000,5.000000000, 1850,123.637,360.000,34.934,37.652
37260,-13.000000000,5.000000000, 1550,121.421,360.000,34.780,37.331
37320,-13.000000000,5.000000000, 1250,119.205,360.000,34.627,37.010
37380,-13.000000000,5.000000000,  950,116.990,360.000,34.473,36.689
37440,-13.000000000,5.000000000,  650,114.774,360.000,34.320,36.368
37500,-13.000000000,5.000000000,  350,112.558,360.000,34.166,36.047
37560,-12.997740087,5.000000000,   61,110.427,360.000,34.011,35.726
37620,-12.938220936,5.000000000,   61,110.427,360.000,33.825,35.412
37680,-12.878701784,5.000000000,   61,110.427,360.000,33.639,35.099
37740,-12.819182633,5.000000000,   61,110.427,360.000,33.452,34.786
37800,-12.759663481,5.000000000,   61,110.427,360.000,33.266,34.472
37860,-12.700144330,5.000000000,   61,110.427,360.000,33.079,34.159
37920,-12.640625178,5.000000000,   61,110.427,360.000,32.893,33.845
37980,-12.581106027,5.000000000,   61,110.427,360.000,32.707,33.532
38040,-12.521586875,5.000000000,   61,110.427,360.000,32.520,33.219
38100,-12.462067724,5.000000000,   61,110.427,360.000,32.334,32.905
38160,-12.402548572,5.000000000,   61,110.427,360.000,32.147,32.592
38220,-12.365594092,5.000000000,  229,109.881,360.000,31.989,32.229
38280,-12.329649040,5.000000000,  404,109.311,360.000,31.832,31.865
38340,-12.293703987,5.000000000,  579,108.741,360.000,31.675,31.500
38400,-12.257758935,5.000000000,  755,108.170,360.000,31.518,31.136
38460,-12.221813883,5.000000000,  930,107.600,360.000,31.361,30.771
38520,-12.185868830,5.000000000, 1105,107.030,360.000,31.204,30.407
38580,-12.149923778,5.000000000, 1281,106.460,360.000,31.047,30.042
38640,-12.113978726,5.000000000, 1456,105.890,360.000,30.889,29.678
38700,-12.060254040,5.000000000, 1524,106.662,360.000,30.723,29.309
38760,-11.995214918,5.000000000, 1524,108.288,360.000,30.552,28.936
38820,-11.930175796,5.000000000, 1524,109.914,360.000,30.380,28.564
38880,-11.865136673,5.000000000, 1524,111.540,360.000,30.208,28.191
38940,-11.800097551,5.000000000, 1524,113.166,360.000,30.036,27.819
39000,-11.735058429,5.000000000, 1524,114.792,360.000,29.864,27.447
39060,-11.670019306,5.000000000, 1524,116.418,360.000,29.692,27.074
39120,-11.604980184,5.000000000, 1524,118.043,360.000,29.521,26.702
39180,-11.539941062,5.000000000, 1524,119.669,360.000,29.349,26.329
39240,-11.481009264,5.000000000, 1640,115.781,360.000,29.185,25.944
39300,-11.429343766,5.000000000, 1829,108.365,360.000,29.034,25.531
39360,-11.373499773,5.000000000, 1829,109.888,360.000,28.884,25.108
