src/Components/missions/ORACLES/Plans/ORACLES-Flt-plan_er2_20160925_R0.ict
42, 1001
rferrare
NASA Ames Research Center
Simulated flight plan
ORACLES
1,1
2016,09,10,2016,09,10
60
Start_UTC, seconds from midnight UTC, time keeping
7
1,1,1,1,1,1,1
-9999,-9999,-9999,-9999,-9999,-9999,-9999
Latitude, Degrees (North positive), Planned latitude position of the aircraft
Longitude, Degrees (East positive), Planned longitude position of the aircraft
Altitude, meters (above sea level), Planned altitude of the aircraft
speed, meters per second (m/s), Estimated speed of aircraft
Bearing, degrees from north, Direction of travel of the plane per respect to north
SZA, degrees from zenith, Elevation position of the sun in the sky per respect to zenith
AZI, degrees from north, Azimuthal position of the sun in the sky per respect to north
1
Simulated aircraft data interpolated from flight plan waypoints
20
-----------------------------------------------------------------------------
PI_CONTACT_INFO: rferrare
PLATFORM: er2
LOCATION: N/A
ASSOCIATED_DATA: N/A
INSTRUMENT_INFO: None
DATA_INFO: Compiled with flight planner: moving lines v1.09
UNCERTAINTY: Undefined
ULOD_FLAG: -7777
ULOD_VALUE: N/A
LLOD_FLAG: -8888
LLOD_VALUE: N/A
DM_CONTACT_INFO: Samuel LeBlanc, samuel.leblanc@nasa.gov
PROJECT_INFO: ORACLES
STIPULATIONS_ON_USE: None
OTHER_COMMENTS: N/A
REVISION: RA
RA: First iteration of the flight plan
-----------------------------------------------------------------------------
Start_UTC,Latitude,Longitude,Altitude,speed,Bearing,SZA,AZI
[from data line 236]
39360,-5.999901073,5.333696067,19000,204.900,214.515,15.986,38.076
39420,-6.029093186,5.226658320,19000,204.900,213.361,15.938,37.525
39480,-6.058285298,5.119620573,19000,204.900,212.206,15.889,36.974
39540,-6.087477411,5.012582825,19000,204.900,211.051,15.840,36.424
39600,-6.116669524,4.905545078,19000,204.900,209.896,15.792,35.873
39660,-6.145861637,4.798507331,19000,204.900,208.741,15.743,35.322
39720,-6.175053750,4.691469584,19000,204.900,207.586,15.695,34.772
39780,-6.204245863,4.584431837,19000,204.900,206.431,15.646,34.221
39840,-6.233437975,4.477394090,19000,204.900,205.276,15.598,33.670
39900,-6.262630088,4.370356343,19000,204.900,204.122,15.549,33.120
39960,-6.291822201,4.263318596,19000,204.900,202.967,15.501,32.569
40020,-6.321014314,4.156280849,19000,204.900,201.812,15.452,32.018
40080,-6.350206427,4.049243102,19000,204.900,200.657,15.403,31.468
40140,-6.379398540,3.942205355,19000,204.900,199.502,15.355,30.917
40200,-6.408590652,3.835167608,19000,204.900,198.347,15.306,30.366
40260,-6.437782765,3.728129861,19000,204.900,197.192,15.258,29.816
40320,-6.466974878,3.621092114,19000,204.900,196.037,15.209,29.265
40380,-6.496166991,3.514054367,19000,204.900,194.883,15.161,28.714
40440,-6.525359104,3.407016620,19000,204.900,193.728,15.112,28.163
40500,-6.554551216,3.299978873,19000,204.900,192.573,15.064,27.613
40560,-6.583743329,3.192941126,19000,204.900,191.418,15.015,27.062
40620,-6.612935442,3.085903379,19000,204.900,190.263,14.967,26.511
40680,-6.642127555,2.978865632,19000,204.900,189.108,14.918,25.961
40740,-6.671319668,2.871827885,19000,204.900,187.953,14.869,25.410
40800,-6.700511781,2.764790138,19000,204.900,186.798,14.821,24.859
40860,-6.729703893,2.657752391,19000,204.900,185.644,14.772,24.309
40920,-6.758896006,2.550714644,19000,204.900,184.489,14.724,23.758
40980,-6.788088119,2.443676897,19000,204.900,183.334,14.675,23.207
41040,-6.817280232,2.336639150,19000,204.900,182.179,14.627,22.657
41100,-6.846472345,2.229601402,19000,204.900,181.024,14.578,22.106
41160,-6.875664458,2.122563655,19000,204.900,179.869,14.530,21.555
41220,-6.904856570,2.015525908,19000,204.900,178.714,14.481,21.005
41280,-6.934048683,1.908488161,19000,204.900,177.560,14.433,20.454
41340,-6.963240796,1.801450414,19000,204.900,176.405,14.384,19.903
41400,-6.992432909,1.694412667,19000,204.900,175.250,14.335,19.353
41460,-7.021625022,1.587374920,19000,204.900,174.095,14.287,18.802
41520,-7.050817135,1.480337173,19000,204.900,172.940,14.238,18.251
41580,-7.080009247,1.373299426,19000,204.900,171.785,14.190,17.701
41640,-7.109201360,1.266261679,19000,204.900,170.630,14.141,17.150
41700,-7.138393473,1.159223932,19000,204.900,169.475,14.093,16.599
41760,-7.167585586,1.052186185,19000,204.900,168.321,14.044,16.048
41820,-7.196777699,0.945148438,19000,204.900,167.166,13.996,15.498
41880,-7.225969812,0.838110691,19000,204.900,166.011,13.947,14.947
41940,-7.255161924,0.731072944,19000,204.900,164.856,13.899,14.396
42000,-7.284354037,0.624035197,19000,204.900,163.701,13.850,13.846
42060,-7.313546150,0.516997450,19000,204.900,162.546,13.801,13.295
42120,-7.342738263,0.409959703,19000,204.900,161.391,13.753,12.744
42180,-7.371930376,0.302921956,19000,204.900,160.236,13.704,12.194
42240,-7.401122489,0.195884209,19000,204.900,159.082,13.656,11.643
42300,-7.430314601,0.088846462,19000,204.900,157.927,13.607,11.092
42360,-7.459506714,-0.018191285,19000,204.900,156.772,13.559,10.542
42420,-7.488698827,-0.125229032,19000,204.900,155.617,13.510,9.991
42480,-7.517890940,-0.232266779,19000,204.900,154.462,13.462,9.440
42540,-7.547083053,-0.339304526,19000,204.900,153.307,13.413,8.890
42600,-7.576275165,-0.446342273,19000,204.900,152.152,13.364,8.339
42660,-7.605467278,-0.553380020,19000,204.900,150.997,13.316,7.788
42720,-7.634659391,-0.660417768,19000,204.900,149.843,13.267,7.238
42780,-7.663851504,-0.767455515,19000,204.900,148.688,13.219,6.687
42840,-7.693043617,-0.874493262,19000,204.900,147.533,13.170,6.136
42900,-7.722235730,-0.981531009,19000,204.900,146.378,13.122,5.586
42960,-7.751427842,-1.088568756,19000,204.900,145.223,13.073,5.035
43020,-7.780619955,-1.195606503,19000,204.900,144.068,13.025,4.484
43080,-7.809812068,-1.302644250,19000,204.900,142.913,12.976,3.933
43140,-7.839004181,-1.409681997,19000,204.900,141.758,12.928,3.383
43200,-7.868196294,-1.516719744,19000,204.900,140.604,12.879,2.832
43260,-7.897388407,-1.623757491,19000,204.900,139.449,12.830,2.281
43320,-7.926580519,-1.730795238,19000,204.900,138.294,12.782,1.731
43380,-7.955772632,-1.837832985,19000,204.900,137.139,12.733,1.180
43440,-7.984964745,-1.944870732,19000,204.900,135.984,12.685,0.629
43500,-8.038061292,-1.961938708,19000,204.900,135.393,12.721,13.393
43560,-8.116545481,-1.883454519,19000,204.900,135.399,12.846,40.296
43620,-8.195029670,-1.804970330,19000,204.900,135.406,12.971,67.200
43680,-8.273513860,-1.726486140,19000,204.900,135.413,13.097,94.103
43740,-8.351998049,-1.648001951,19000,204.900,135.420,13.222,121.006
43800,-8.430482238,-1.569517762,19000,204.900,135.427,13.348,147.910
43860,-8.508966428,-1.491033572,19000,204.900,135.434,13.473,174.813
43920,-8.587450617,-1.412549383,19000,204.900,135.441,13.598,201.717
43980,-8.665934806,-1.334065194,19000,204.900,135.448,13.724,228.620
44040,-8.744418996,-1.255581004,19000,204.900,135.455,13.849,255.524
44100,-8.822903185,-1.177096815,19000,204.900,135.461,13.975,282.427
44160,-8.901387374,-1.098612626,19000,204.900,135.468,14.100,309.331
44220,-8.979871564,-1.020128436,19000,204.900,135.475,14.226,336.234
44280,-9.058425972,-0.941574028,19000,204.900,135.491,14.407,342.379
44340,-9.137004600,-0.862995400,19000,204.900,135.510,14.609,341.365
44400,-9.215583228,-0.784416772,19000,204.900,135.529,14.810,340.350
44460,-9.294161857,-0.705838143,19000,204.900,135.548,15.011,339.335
44520,-9.372740485,-0.627259515,19000,204.900,135.567,15.213,338.321
44580,-9.451319113,-0.548680887,19000,204.900,135.586,15.414,337.306
44640,-9.529897742,-0.470102258,19000,204.900,135.605,15.615,336.291
44700,-9.608476370,-0.391523630,19000,204.900,135.623,15.816,335.276
44760,-9.687054998,-0.312945002,19000,204.900,135.642,16.018,334.262
44820,-9.765633626,-0.234366374,19000,204.900,135.661,16.219,333.247
44880,-9.844212255,-0.155787745,19000,204.900,135.680,16.420,332.232
44940,-9.922790883,-0.077209117,19000,204.900,135.699,16.622,331.218
45000,-10.001373348,0.001373348,19000,204.900,135.718,16.824,330.210
45060,-10.080172107,0.080172107,19000,204.900,135.728,17.086,329.580
45120,-10.158970866,0.158970866,19000,204.900,135.737,17.348,328.950
45180,-10.237769624,0.237769624,19000,204.900,135.747,17.610,328.320
45240,-10.316568383,0.316568383,19000,204.900,135.757,17.871,327.690
45300,-10.395367142,0.395367142,19000,204.900,135.766,18.133,327.060
45360,-10.474165901,0.474165901,19000,204.900,135.776,18.395,326.429
45420,-10.552964660,0.552964660,19000,204.900,135.786,18.657,325.799
45480,-10.631763418,0.631763418,19000,204.900,135.796,18.919,325.169
45540,-10.710562177,0.710562177,19000,204.900,135.805,19.181,324.539
45600,-10.789360936,0.789360936,19000,204.900,135.815,19.443,323.909
45660,-10.868159695,0.868159695,19000,204.900,135.825,19.705,323.279
45720,-10.946958454,0.946958454,19000,204.900,135.834,19.967,322.649
45780,-11.025757213,1.025757213,19000,204.900,135.844,20.229,322.019
45840,-11.104555971,1.104555971,19000,204.900,135.854,20.490,321.389
45900,-11.183354730,1.183354730,19000,204.900,135.864,20.752,320.759
45960,-11.262153489,1.262153489,19000,204.900,135.873,21.014,320.129
46020,-11.340952248,1.340952248,19000,204.900,135.883,21.276,319.499
46080,-11.419751007,1.419751007,19000,204.900,135.893,21.538,318.869
46140,-11.498549765,1.498549765,19000,204.900,135.903,21.800,318.239
46200,-11.577348524,1.577348524,19000,204.900,135.912,22.062,317.609
46260,-11.656147283,1.656147283,19000,204.900,135.922,22.324,316.979
46320,-11.734946042,1.734946042,19000,204.900,135.932,22.586,316.349
46380,-11.813744801,1.813744801,19000,204.900,135.941,22.847,315.719
46440,-11.892543559,1.892543559,19000,204.900,135.951,23.109,315.089
46500,-11.971342318,1.971342318,19000,204.900,135.961,23.371,314.459
46560,-12.050321545,2.050321545,19000,204.900,135.972,23.656,314.003
46620,-12.129403918,2.129403918,19000,204.900,135.983,23.953,313.647
46680,-12.208486290,2.208486290,19000,204.900,135.994,24.251,313.292
46740,-12.287568662,2.287568662,19000,204.900,136.005,24.549,312.936
46800,-12.366651034,2.366651034,19000,204.900,136.016,24.846,312.580
46860,-12.445733407,2.445733407,19000,204.900,136.027,25.144,312.224
46920,-12.524815779,2.524815779,19000,204.900,136.039,25.441,311.869
46980,-12.603898151,2.603898151,19000,204.900,136.050,25.739,311.513
47040,-12.682980523,2.682980523,19000,204.900,136.061,26.036,311.157
47100,-12.762062896,2.762062896,19000,204.900,136.072,26.334,310.802
47160,-12.841145268,2.841145268,19000,204.900,136.083,26.632,310.446
47220,-12.920227640,2.920227640,19000,204.900,136.095,26.929,310.090
47280,-12.999310012,2.999310012,19000,204.900,136.106,27.227,309.734
47340,-13.078392385,3.078392385,19000,204.900,136.117,27.524,309.379
47400,-13.157474757,3.157474757,19000,204.900,136.128,27.822,309.023
47460,-13.236557129,3.236557129,19000,204.900,136.139,28.120,308.667
47520,-13.315639501,3.315639501,19000,204.900,136.151,28.417,308.311
47580,-13.394721874,3.394721874,19000,204.900,136.162,28.715,307.956
47640,-13.473804246,3.473804246,19000,204.900,136.173,29.012,307.600
47700,-13.552886618,3.552886618,19000,204.900,136.184,29.310,307.244
47760,-13.631968990,3.631968990,19000,204.900,136.195,29.607,306.888
47820,-13.711051363,3.711051363,19000,204.900,136.207,29.905,306.533
47880,-13.790133735,3.790133735,19000,204.900,136.218,30.203,306.177
47940,-13.869216107,3.869216107,19000,204.900,136.229,30.500,305.821
48000,-13.948298479,3.948298479,19000,204.900,136.240,30.798,305.465
48060,-14.027503507,4.027503507,19000,204.900,136.252,31.100,305.152
48120,-14.106940137,4.106940137,19000,204.900,136.265,31.411,304.919
48180,-14.186376767,4.186376767,19000,204.900,136.277,31.723,304.685
48240,-14.265813397,4.265813397,19000,204.900,136.290,32.034,304.451
48300,-14.345250028,4.345250028,19000,204.900,136.303,32.345,304.218
48360,-14.424686658,4.424686658,19000,204.900,136.315,32.656,303.984
48420,-14.504123288,4.504123288,19000,204.900,136.328,32.968,303.751
48480,-14.583559918,4.583559918,19000,204.900,136.341,33.279,303.517
48540,-14.662996548,4.662996548,19000,204.900,136.354,33.590,303.284
48600,-14.742433178,4.742433178,19000,204.900,136.366,33.901,303.050
48660,-14.821869808,4.821869808,19000,204.900,136.379,34.213,302.817
48720,-14.901306438,4.901306438,19000,204.900,136.392,34.524,302.583
48780,-14.980743068,4.980743068,19000,204.900,136.404,34.835,302.350
48840,-15.060179699,5.060179699,19000,204.900,136.417,35.146,302.116
48900,-15.139616329,5.139616329,19000,204.900,136.430,35.458,301.883
48960,-15.219052959,5.219052959,19000,204.900,136.443,35.769,301.649
49020,-15.298489589,5.298489589,19000,204.900,136.455,36.080,301.416
49080,-15.377926219,5.377926219,19000,204.900,136.468,36.392,301.182
49140,-15.457362849,5.457362849,19000,204.900,136.481,36.703,300.948
49200,-15.536799479,5.536799479,19000,204.900,136.493,37.014,300.715
49260,-15.616236109,5.616236109,19000,204.900,136.506,37.325,300.481
49320,-15.695672739,5.695672739,19000,204.900,136.519,37.637,300.248
49380,-15.775109370,5.775109370,19000,204.900,136.532,37.948,300.014
49440,-15.854546000,5.854546000,19000,204.900,136.544,38.259,299.781
49500,-15.933982630,5.933982630,19000,204.900,136.557,38.570,299.547
49560,-16.013479604,6.013479604,19000,204.900,136.570,38.883,299.324
49620,-16.093273448,6.093273448,19000,204.900,136.584,39.199,299.148
49680,-16.173067292,6.173067292,19000,204.900,136.599,39.516,298.972
49740,-16.252861136,6.252861136,19000,204.900,136.613,39.833,298.796
49800,-16.332654980,6.332654980,19000,204.900,136.627,40.150,298.620
49860,-16.412448824,6.412448824,19000,204.900,136.641,40.467,298.444
49920,-16.492242668,6.492242668,19000,204.900,136.656,40.784,298.268
49980,-16.572036512,6.572036512,19000,204.900,136.670,41.100,298.092
50040,-16.651830356,6.651830356,19000,204.900,136.684,41.417,297.916
50100,-16.731624200,6.731624200,19000,204.900,136.698,41.734,297.740
50160,-16.811418044,6.811418044,19000,204.900,136.713,42.051,297.564
50220,-16.891211888,6.891211888,19000,204.900,136.727,42.368,297.388
50280,-16.971005731,6.971005731,19000,204.900,136.741,42.685,297.212
50340,-17.050799575,7.050799575,19000,204.900,136.756,43.001,297.036
50400,-17.130593419,7.130593419,19000,204.900,136.770,43.318,296.860
50460,-17.210387263,7.210387263,19000,204.900,136.784,43.635,296.684
50520,-17.290181107,7.290181107,19000,204.900,136.798,43.952,296.508
50580,-17.369974951,7.369974951,19000,204.900,136.813,44.269,296.332
50640,-17.449768795,7.449768795,19000,204.900,136.827,44.585,296.156
50700,-17.529562639,7.529562639,19000,204.900,136.841,44.902,295.980
50760,-17.609356483,7.609356483,19000,204.900,136.855,45.219,295.804
50820,-17.689150327,7.689150327,19000,204.900,136.870,45.536,295.629
50880,-17.768944171,7.768944171,19000,204.900,136.884,45.853,295.453
50940,-17.848738015,7.848738015,19000,204.900,136.898,46.170,295.277
51000,-17.928531859,7.928531859,19000,204.900,136.913,46.486,295.101
51060,-18.008370368,8.008370368,19000,204.900,136.927,46.803,294.928
51120,-18.088592291,8.088592291,19000,204.900,136.943,47.122,294.780
51180,-18.168814213,8.168814213,19000,204.900,136.959,47.440,294.632
51240,-18.249036135,8.249036135,19000,204.900,136.975,47.759,294.484
51300,-18.329258057,8.329258057,19000,204.900,136.991,48.077,294.336
51360,-18.409479979,8.409479979,19000,204.900,137.006,48.395,294.188
51420,-18.489701901,8.489701901,19000,204.900,137.022,48.714,294.040
51480,-18.569923823,8.569923823,19000,204.900,137.038,49.032,293.892
51540,-18.650145745,8.650145745,19000,204.900,137.054,49.350,293.744
51600,-18.730367667,8.730367667,19000,204.900,137.070,49.669,293.596
51660,-18.810589589,8.810589589,19000,204.900,137.086,49.987,293.448
51720,-18.890811511,8.890811511,19000,204.900,137.102,50.305,293.300
51780,-18.971033433,8.971033433,19000,204.900,137.118,50.624,293.152
51840,-19.051255355,9.051255355,19000,204.900,137.134,50.942,293.004
51900,-19.131477277,9.131477277,19000,204.900,137.149,51.260,292.856
51960,-19.211699199,9.211699199,19000,204.900,137.165,51.579,292.708
52020,-19.291921121,9.291921121,19000,204.900,137.181,51.897,292.560
52080,-19.372143043,9.372143043,19000,204.900,137.197,52.216,292.412
52140,-19.452364965,9.452364965,19000,204.900,137.213,52.534,292.264
52200,-19.532586887,9.532586887,19000,204.900,137.229,52.852,292.116
52260,-19.612808809,9.612808809,19000,204.900,137.245,53.171,291.968
52320,-19.693030731,9.693030731,19000,204.900,137.261,53.489,291.820
52380,-19.773252653,9.773252653,19000,204.900,137.277,53.807,291.672
52440,-19.853474575,9.853474575,19000,204.900,137.292,54.126,291.524
52500,-19.933696497,9.933696497,19000,204.900,137.308,54.444,291.376
52560,-20.014002531,10.014002531,19000,204.900,137.322,54.762,291.230
52620,-20.094709249,10.094709249,19000,204.900,137.328,55.080,291.094
52680,-20.175415968,10.175415968,19000,204.900,137.333,55.397,290.958
52740,-20.256122687,10.256122687,19000,204.900,137.339,55.715,290.822
52800,-20.336829406,10.336829406,19000,204.900,137.344,56.032,290.687
52860,-20.417536125,10.417536125,19000,204.900,137.350,56.350,290.551
52920,-20.498242843,10.498242843,19000,204.900,137.355,56.667,290.415
52980,-20.578949562,10.578949562,19000,204.900,137.360,56.985,290.279
53040,-20.659656281,10.659656281,19000,204.900,137.366,57.302,290.143
53100,-20.740363000,10.740363000,19000,204.900,137.371,57.620,290.008
53160,-20.821069719,10.821069719,19000,204.900,137.377,57.937,289.872
53220,-20.901776438,10.901776438,19000,204.900,137.382,58.255,289.736
53280,-20.982483156,10.982483156,19000,204.900,137.388,58.572,289.600
