src/Components/missions/ORACLES/Plans/ORACLES-Flt-plan_er2_20160924_R0.ict
43, 1001
rferrare
NASA Ames Research Center
Simulated flight plan
ORACLES
1,1
2016,09,24,2016,09,24
60
Start_UTC, seconds from midnight UTC, time keeping
7
1,1,1,1,1,1,1
-9999,-9999,-9999,-9999,-9999,-9999,-9999
Latitude, Degrees (North positive), Planned latitude position of the aircraft
Longitude, Degrees (East positive), Planned longitude position of the aircraft
Altitude, meters (above sea level), Planned altitude of the aircraft
speed, meters per second (m/s), Estimated speed of aircraft
Bearing, degrees from north, Direction of travel of the plane per respect to north
SZA, degrees from zenith, Elevation position of the sun in the sky per respect to zenith
AZI, degrees from north, Azimuthal position of the sun in the sky per respect to north
1
Simulated aircraft data interpolated from flight plan waypoints
21
-----------------------------------------------------------------------------
PI_CONTACT_INFO: rferrare
PLATFORM: er2
LOCATION: N/A
ASSOCIATED_DATA: N/A
INSTRUMENT_INFO: None
DATA_INFO: Compiled with flight planner: moving lines v1.09
UNCERTAINTY: Undefined
ULOD_FLAG: -7777
ULOD_VALUE: N/A
LLOD_FLAG: -8888
LLOD_VALUE: N/A
DM_CONTACT_INFO: Samuel LeBlanc, samuel.leblanc@nasa.gov
PROJECT_INFO: ORACLES
STIPULATIONS_ON_USE: None
OTHER_COMMENTS: N/A
REVISION: RB
RB: Version 2 of the flight plan ict 
  RA: First iteration of the flight plan
-----------------------------------------------------------------------------
Start_UTC,Latitude,Longitude,Altitude,speed,Bearing,SZA,AZI
[from data line 234]
39240,-10.963627753,5.963627753,19000,204.900,315.262,13.308,39.360
39300,-10.884812307,5.884812307,19000,204.900,315.257,13.139,38.993
39360,-10.805996860,5.805996860,19000,204.900,315.251,12.971,38.627
39420,-10.727181414,5.727181414,19000,204.900,315.246,12.803,38.261
39480,-10.648365967,5.648365967,19000,204.900,315.240,12.634,37.895
39540,-10.569550521,5.569550521,19000,204.900,315.234,12.466,37.528
39600,-10.490735075,5.490735075,19000,204.900,315.229,12.298,37.162
39660,-10.411919628,5.411919628,19000,204.900,315.223,12.129,36.796
39720,-10.333104182,5.333104182,19000,204.900,315.218,11.961,36.430
39780,-10.254288735,5.254288735,19000,204.900,315.212,11.793,36.063
39840,-10.175473289,5.175473289,19000,204.900,315.206,11.624,35.697
39900,-10.096657843,5.096657843,19000,204.900,315.201,11.456,35.331
39960,-10.017842396,5.017842396,19000,204.900,315.195,11.288,34.965
40020,-9.945620907,4.945620907,19000,204.900,311.518,11.144,34.208
40080,-9.875328992,4.875328992,19000,204.900,306.767,11.008,33.338
40140,-9.805037077,4.805037077,19000,204.900,302.015,10.872,32.468
40200,-9.734745162,4.734745162,19000,204.900,297.264,10.736,31.598
40260,-9.664453247,4.664453247,19000,204.900,292.512,10.600,30.727
40320,-9.594161331,4.594161331,19000,204.900,287.761,10.464,29.857
40380,-9.523869416,4.523869416,19000,204.900,283.009,10.328,28.987
40440,-9.453577501,4.453577501,19000,204.900,278.258,10.192,28.117
40500,-9.383285586,4.383285586,19000,204.900,273.506,10.056,27.246
40560,-9.312993671,4.312993671,19000,204.900,268.754,9.920,26.376
40620,-9.242701756,4.242701756,19000,204.900,264.003,9.784,25.506
40680,-9.172409840,4.172409840,19000,204.900,259.251,9.648,24.636
40740,-9.102117925,4.102117925,19000,204.900,254.500,9.511,23.765
40800,-9.031826010,4.031826010,19000,204.900,249.748,9.375,22.895
40860,-8.961534095,3.961534095,19000,204.900,244.997,9.239,22.025
40920,-8.891242180,3.891242180,19000,204.900,240.245,9.103,21.154
40980,-8.820950264,3.820950264,19000,204.900,235.494,8.967,20.284
41040,-8.750658349,3.750658349,19000,204.900,230.742,8.831,19.414
41100,-8.680366434,3.680366434,19000,204.900,225.991,8.695,18.544
41160,-8.610074519,3.610074519,19000,204.900,221.239,8.559,17.673
41220,-8.539782604,3.539782604,19000,204.900,216.488,8.423,16.803
41280,-8.469490689,3.469490689,19000,204.900,211.736,8.287,15.933
41340,-8.399198773,3.399198773,19000,204.900,206.985,8.151,15.063
41400,-8.328906858,3.328906858,19000,204.900,202.233,8.015,14.192
41460,-8.258614943,3.258614943,19000,204.900,197.482,7.879,13.322
41520,-8.188323028,3.188323028,19000,204.900,192.730,7.742,12.452
41580,-8.118031113,3.118031113,19000,204.900,187.979,7.606,11.582
41640,-8.047739198,3.047739198,19000,204.900,183.227,7.470,10.711
41700,-8.035433824,3.000000000,19000,204.900,180.000,7.421,15.976
41760,-8.145873346,3.000000000,19000,204.900,180.000,7.555,34.227
41820,-8.256312867,3.000000000,19000,204.900,180.000,7.689,52.478
41880,-8.366752389,3.000000000,19000,204.900,180.000,7.823,70.729
41940,-8.477191911,3.000000000,19000,204.900,180.000,7.956,88.980
42000,-8.587631432,3.000000000,19000,204.900,180.000,8.090,107.231
42060,-8.698070954,3.000000000,19000,204.900,180.000,8.224,125.482
42120,-8.808510476,3.000000000,19000,204.900,180.000,8.358,143.734
42180,-8.918949998,3.000000000,19000,204.900,180.000,8.492,161.985
42240,-9.029389519,3.000000000,19000,204.900,180.000,8.626,180.236
42300,-9.139829041,3.000000000,19000,204.900,180.000,8.760,198.487
42360,-9.250268563,3.000000000,19000,204.900,180.000,8.894,216.738
42420,-9.360708084,3.000000000,19000,204.900,180.000,9.028,234.989
42480,-9.471147606,3.000000000,19000,204.900,180.000,9.161,253.240
42540,-9.581587128,3.000000000,19000,204.900,180.000,9.295,271.491
42600,-9.692026649,3.000000000,19000,204.900,180.000,9.429,289.742
42660,-9.802466171,3.000000000,19000,204.900,180.000,9.563,307.993
42720,-9.912905693,3.000000000,19000,204.900,180.000,9.697,326.244
42780,-10.022898715,3.000000000,19000,204.900,179.547,9.847,340.455
42840,-10.131225975,3.000000000,19000,204.900,177.406,10.057,339.594
42900,-10.239553235,3.000000000,19000,204.900,175.266,10.268,338.733
42960,-10.347880495,3.000000000,19000,204.900,173.125,10.478,337.871
43020,-10.456207755,3.000000000,19000,204.900,170.984,10.689,337.010
43080,-10.564535015,3.000000000,19000,204.900,168.843,10.899,336.149
43140,-10.672862275,3.000000000,19000,204.900,166.702,11.110,335.287
43200,-10.781189535,3.000000000,19000,204.900,164.561,11.320,334.426
43260,-10.889516795,3.000000000,19000,204.900,162.420,11.530,333.565
43320,-10.997844055,3.000000000,19000,204.900,160.279,11.741,332.703
43380,-11.106171315,3.000000000,19000,204.900,158.138,11.951,331.842
43440,-11.214498575,3.000000000,19000,204.900,155.997,12.162,330.981
43500,-11.322825835,3.000000000,19000,204.900,153.856,12.372,330.119
43560,-11.431153095,3.000000000,19000,204.900,151.715,12.583,329.258
43620,-11.539480355,3.000000000,19000,204.900,149.574,12.793,328.397
43680,-11.647807615,3.000000000,19000,204.900,147.433,13.003,327.536
43740,-11.756134875,3.000000000,19000,204.900,145.292,13.214,326.674
43800,-11.864462135,3.000000000,19000,204.900,143.151,13.424,325.813
43860,-11.972789395,3.000000000,19000,204.900,141.010,13.635,324.952
43920,-12.062540169,3.056854699,19000,204.900,140.183,13.917,324.520
43980,-12.146059455,3.132781323,19000,204.900,139.796,14.223,324.232
44040,-12.229578742,3.208707947,19000,204.900,139.410,14.529,323.944
44100,-12.313098029,3.284634571,19000,204.900,139.023,14.836,323.657
44160,-12.396617315,3.360561196,19000,204.900,138.637,15.142,323.369
44220,-12.480136602,3.436487820,19000,204.900,138.250,15.448,323.081
44280,-12.563655888,3.512414444,19000,204.900,137.863,15.754,322.793
44340,-12.647175175,3.588341068,19000,204.900,137.477,16.061,322.506
44400,-12.730694461,3.664267692,19000,204.900,137.090,16.367,322.218
44460,-12.814213748,3.740194316,19000,204.900,136.704,16.673,321.930
44520,-12.897733035,3.816120940,19000,204.900,136.317,16.979,321.642
44580,-12.981252321,3.892047565,19000,204.900,135.930,17.285,321.355
44640,-13.064771608,3.967974189,19000,204.900,135.544,17.592,321.067
44700,-13.148290894,4.043900813,19000,204.900,135.157,17.898,320.779
44760,-13.231810181,4.119827437,19000,204.900,134.770,18.204,320.491
44820,-13.315329467,4.195754061,19000,204.900,134.384,18.510,320.204
44880,-13.398848754,4.271680685,19000,204.900,133.997,18.817,319.916
44940,-13.482368041,4.347607310,19000,204.900,133.611,19.123,319.628
45000,-13.565887327,4.423533934,19000,204.900,133.224,19.429,319.341
45060,-13.649406614,4.499460558,19000,204.900,132.837,19.735,319.053
45120,-13.732925900,4.575387182,19000,204.900,132.451,20.042,318.765
45180,-13.816445187,4.651313806,19000,204.900,132.064,20.348,318.477
45240,-13.899964473,4.727240430,19000,204.900,131.678,20.654,318.190
45300,-13.983483760,4.803167054,19000,204.900,131.291,20.960,317.902
45360,-14.067003046,4.879093679,19000,204.900,130.904,21.267,317.614
45420,-14.150522333,4.955020303,19000,204.900,130.518,21.573,317.326
45480,-14.234041620,5.030946927,19000,204.900,130.131,21.879,317.039
45540,-14.317560906,5.106873551,19000,204.900,129.745,22.185,316.751
45600,-14.401080193,5.182800175,19000,204.900,129.358,22.492,316.463
45660,-14.484599479,5.258726799,19000,204.900,128.971,22.798,316.175
45720,-14.568118766,5.334653424,19000,204.900,128.585,23.104,315.888
45780,-14.651638052,5.410580048,19000,204.900,128.198,23.410,315.600
45840,-14.735157339,5.486506672,19000,204.900,127.812,23.717,315.312
45900,-14.818676626,5.562433296,19000,204.900,127.425,24.023,315.024
45960,-14.902195912,5.638359920,19000,204.900,127.038,24.329,314.737
46020,-14.985715199,5.714286544,19000,204.900,126.652,24.635,314.449
46080,-15.069234485,5.790213168,19000,204.900,126.265,24.942,314.161
46140,-15.152753772,5.866139793,19000,204.900,125.879,25.248,313.874
46200,-15.236273058,5.942066417,19000,204.900,125.492,25.554,313.586
46260,-15.319792345,6.017993041,19000,204.900,125.105,25.860,313.298
46320,-15.403311632,6.093919665,19000,204.900,124.719,26.167,313.010
46380,-15.486830918,6.169846289,19000,204.900,124.332,26.473,312.723
46440,-15.570350205,6.245772913,19000,204.900,123.946,26.779,312.435
46500,-15.653869491,6.321699537,19000,204.900,123.559,27.085,312.147
46560,-15.737388778,6.397626162,19000,204.900,123.172,27.391,311.859
46620,-15.820908064,6.473552786,19000,204.900,122.786,27.698,311.572
46680,-15.904427351,6.549479410,19000,204.900,122.399,28.004,311.284
46740,-15.987946637,6.625406034,19000,204.900,122.013,28.310,310.996
46800,-16.071465924,6.701332658,19000,204.900,121.626,28.616,310.708
46860,-16.154985211,6.777259282,19000,204.900,121.239,28.923,310.421
46920,-16.238504497,6.853185907,19000,204.900,120.853,29.229,310.133
46980,-16.322023784,6.929112531,19000,204.900,120.466,29.535,309.845
47040,-16.405543070,7.005039155,19000,204.900,120.079,29.841,309.558
47100,-16.489062357,7.080965779,19000,204.900,119.693,30.148,309.270
47160,-16.572581643,7.156892403,19000,204.900,119.306,30.454,308.982
47220,-16.656100930,7.232819027,19000,204.900,118.920,30.760,308.694
47280,-16.739620217,7.308745651,19000,204.900,118.533,31.066,308.407
47340,-16.823139503,7.384672276,19000,204.900,118.146,31.373,308.119
47400,-16.906658790,7.460598900,19000,204.900,117.760,31.679,307.831
47460,-16.990178076,7.536525524,19000,204.900,117.373,31.985,307.543
47520,-17.073697363,7.612452148,19000,204.900,116.987,32.291,307.256
47580,-17.157216649,7.688378772,19000,204.900,116.600,32.598,306.968
47640,-17.240735936,7.764305396,19000,204.900,116.213,32.904,306.680
47700,-17.324255223,7.840232020,19000,204.900,115.827,33.210,306.392
47760,-17.407774509,7.916158645,19000,204.900,115.440,33.516,306.105
47820,-17.491293796,7.992085269,19000,204.900,115.054,33.823,305.817
47880,-17.574813082,8.068011893,19000,204.900,114.667,34.129,305.529
47940,-17.658332369,8.143938517,19000,204.900,114.280,34.435,305.241
48000,-17.741851655,8.219865141,19000,204.900,113.894,34.741,304.954
48060,-17.825370942,8.295791765,19000,204.900,113.507,35.048,304.666
48120,-17.908890228,8.371718390,19000,204.900,113.121,35.354,304.378
48180,-17.992409515,8.447645014,19000,204.900,112.734,35.660,304.091
48240,-18.075928802,8.523571638,19000,204.900,112.347,35.966,303.803
48300,-18.159448088,8.599498262,19000,204.900,111.961,36.273,303.515
48360,-18.242967375,8.675424886,19000,204.900,111.574,36.579,303.227
48420,-18.326486661,8.751351510,19000,204.900,111.188,36.885,302.940
48480,-18.410005948,8.827278134,19000,204.900,110.801,37.191,302.652
48540,-18.493525234,8.903204759,19000,204.900,110.414,37.498,302.364
48600,-18.577044521,8.979131383,19000,204.900,110.028,37.804,302.076
48660,-18.660563808,9.055058007,19000,204.900,109.641,38.110,301.789
48720,-18.744083094,9.130984631,19000,204.900,109.255,38.416,301.501
48780,-18.827602381,9.206911255,19000,204.900,108.868,38.722,301.213
48840,-18.911121667,9.282837879,19000,204.900,108.481,39.029,300.925
48900,-18.994640954,9.358764503,19000,204.900,108.095,39.335,300.638
48960,-19.078160240,9.434691128,19000,204.900,107.708,39.641,300.350
49020,-19.161679527,9.510617752,19000,204.900,107.321,39.947,300.062
49080,-19.245198814,9.586544376,19000,204.900,106.935,40.254,299.775
49140,-19.328718100,9.662471000,19000,204.900,106.548,40.560,299.487
49200,-19.412237387,9.738397624,19000,204.900,106.162,40.866,299.199
49260,-19.495756673,9.814324248,19000,204.900,105.775,41.172,298.911
49320,-19.579275960,9.890250873,19000,204.900,105.388,41.479,298.624
49380,-19.662795246,9.966177497,19000,204.900,105.002,41.785,298.336
49440,-19.746314533,10.042104121,19000,204.900,104.615,42.091,298.048
49500,-19.829833820,10.118030745,19000,204.900,104.229,42.397,297.760
49560,-19.913353106,10.193957369,19000,204.900,103.842,42.704,297.473
49620,-19.996872393,10.269883993,19000,204.900,103.455,43.010,297.185
49680,-20.080391679,10.345810617,19000,204.900,103.069,43.316,296.897
49740,-20.163910966,10.421737242,19000,204.900,102.682,43.622,296.609
49800,-20.247430252,10.497663866,19000,204.900,102.296,43.929,296.322
49860,-20.330949539,10.573590490,19000,204.900,101.909,44.235,296.034
49920,-20.414468825,10.649517114,19000,204.900,101.522,44.541,295.746
49980,-20.497988112,10.725443738,19000,204.900,101.136,44.847,295.458
50040,-20.581507399,10.801370362,19000,204.900,100.749,45.154,295.171
50100,-20.665026685,10.877296987,19000,204.900,100.363,45.460,294.883
50160,-20.748545972,10.953223611,19000,204.900,99.976,45.766,294.595
50220,-20.832065258,11.029150235,19000,204.900,99.589,46.072,294.308
50280,-20.915584545,11.105076859,19000,204.900,99.203,46.379,294.020
50340,-20.999103831,11.181003483,19000,204.900,98.816,46.685,293.732
50400,-21.082623118,11.256930107,19000,204.900,98.430,46.991,293.444
50460,-21.166142405,11.332856731,19000,204.900,98.043,47.297,293.157
50520,-21.249661691,11.408783356,19000,204.900,97.656,47.604,292.869
50580,-21.333180978,11.484709980,19000,204.900,97.270,47.910,292.581
50640,-21.416700264,11.560636604,19000,204.900,96.883,48.216,292.293
50700,-21.500219551,11.636563228,19000,204.900,96.497,48.522,292.006
50760,-21.583738837,11.712489852,19000,204.900,96.110,48.828,291.718
50820,-21.667258124,11.788416476,19000,204.900,95.723,49.135,291.430
50880,-21.750777411,11.864343100,19000,204.900,95.337,49.441,291.142
50940,-21.834296697,11.940269725,19000,204.900,94.950,49.747,290.855
51000,-21.917815984,12.016196349,19000,204.900,94.563,50.053,290.567
51060,-22.001335270,12.092122973,19000,204.900,94.177,50.360,290.279
51120,-22.084854557,12.168049597,19000,204.900,93.790,50.666,289.991
51180,-22.168373843,12.243976221,19000,204.900,93.404,50.972,289.704
51240,-22.251893130,12.319902845,19000,204.900,93.017,51.278,289.416
51300,-22.335412416,12.395829470,19000,204.900,92.630,51.585,289.128
51360,-22.418931703,12.471756094,19000,204.900,92.244,51.891,288.841
51420,-22.502450990,12.547682718,19000,204.900,91.857,52.197,288.553
51480,-22.585970276,12.623609342,19000,204.900,91.471,52.503,288.265
51540,-22.669489563,12.699535966,19000,204.900,91.084,52.810,287.977
51600,-22.753008849,12.775462590,19000,204.900,90.697,53.116,287.690
51660,-22.836528136,12.851389214,19000,204.900,90.311,53.422,287.402
51720,-22.920047422,12.927315839,19000,204.900,89.924,53.728,287.114
51780,-22.999978216,13.001766977,18980,204.756,89.553,54.033,286.832
51840,-22.999468124,13.043143113,18504,201.380,89.537,54.293,286.679
51900,-22.998958032,13.084519250,18029,198.005,89.521,54.553,286.526
51960,-22.998447940,13.125895387,17553,194.629,89.505,54.813,286.373
52020,-22.997937848,13.167271523,17078,191.254,89.489,55.073,286.220
52080,-22.997427756,13.208647660,16603,187.878,89.473,55.333,286.067
52140,-22.996917664,13.250023797,16127,184.503,89.456,55.593,285.914
52200,-22.996407572,13.291399933,15652,181.127,89.440,55.853,285.761
52260,-22.995897480,13.332776070,15176,177.751,89.424,56.113,285.608
52320,-22.995387388,13.374152207,14701,174.376,89.408,56.373,285.456
52380,-22.994877296,13.415528343,14225,171.000,89.392,56.633,285.303
52440,-22.994367204,13.456904480,13750,167.625,89.376,56.893,285.150
52500,-22.993857112,13.498280617,13275,164.249,89.359,57.153,284.997
52560,-22.993347020,13.539656753,12799,160.874,89.343,57.413,284.844
52620,-22.992836928,13.581032890,12324,157.498,89.327,57.673,284.691
52680,-22.992326835,13.622409027,11848,154.123,89.311,57.933,284.538
52740,-22.991816743,13.663785163,11373,150.747,89.295,58.193,284.385
52800,-22.991306651,13.705161300,10897,147.372,89.279,58.453,284.232
52860,-22.990796559,13.746537437,10422,143.996,89.263,58.713,284.079
52920,-22.990286467,13.787913573, 9947,140.620,89.246,58.973,283.926
52980,-22.989776375,13.829289710, 9471,137.245,89.230,59.233,283.773
53040,-22.989266283,13.870665847, 8996,133.869,89.214,59.494,283.620
53100,-22.988756191,13.912041983, 8520,130.494,89.198,59.754,283.467
