src/Components/missions/ORACLES/Plans/ORACLES-Flt-plan_p3_20170831_RA.ict
42, 1001
sarahdoherty
NASA Ames Research Center
Simulated flight plan
ORACLES-2017
1,1
2017,08,31,2017,08,31
60
Start_UTC, seconds from midnight UTC, time keeping
7
1,1,1,1,1,1,1
-9999,-9999,-9999,-9999,-9999,-9999,-9999
Latitude, Degrees (North positive), Planned latitude position of the aircraft
Longitude, Degrees (East positive), Planned longitude position of the aircraft
Altitude, meters (above sea level), Planned altitude of the aircraft
speed, meters per second (m/s), Estimated speed of aircraft
Bearing, degrees from north, Direction of travel of the plane per respect to north
SZA, degrees from zenith, Elevation position of the sun in the sky per respect to zenith
AZI, degrees from north, Azimuthal position of the sun in the sky per respect to north
1
Simulated aircraft data interpolated from flight plan waypoints
20
-----------------------------------------------------------------------------
PI_CONTACT_INFO: sarahdoherty
PLATFORM: p3
LOCATION: N/A
ASSOCIATED_DATA: N/A
INSTRUMENT_INFO: None
DATA_INFO: Compiled with flight planner: moving lines v1.2
UNCERTAINTY: Undefined
ULOD_FLAG: -7777
ULOD_VALUE: N/A
LLOD_FLAG: -8888
LLOD_VALUE: N/A
DM_CONTACT_INFO: Samuel LeBlanc, samuel.leblanc@nasa.gov
PROJECT_INFO: ORACLES-2017
STIPULATIONS_ON_USE: None
OTHER_COMMENTS: N/A
REVISION: RA
RA: First iteration of the flight plan
-----------------------------------------------------------------------------
Start_UTC,Latitude,Longitude,Altitude,speed,Bearing,SZA,AZI
25200,0.378006000,6.708200000,   95,150.000,253.491,68.525,80.969
25260,0.358001111,6.640713680,  348,149.025,254.365,68.348,80.949
25320,0.337996223,6.573227360,  601,148.050,255.239,68.172,80.929
25380,0.317991334,6.505741040,  854,147.075,256.112,67.995,80.909
25440,0.297986446,6.438254720, 1107,146.100,256.986,67.819,80.889
25500,0.277981557,6.370768400, 1360,145.125,257.860,67.642,80.869
25560,0.257976669,6.303282080, 1613,144.150,258.733,67.466,80.849
25620,0.237971780,6.235795760, 1866,143.175,259.607,67.289,80.829
25680,0.217966891,6.168309440, 2120,142.200,260.481,67.112,80.809
25740,0.197962003,6.100823120, 2373,141.225,261.354,66.936,80.789
25800,0.177957114,6.033336800, 2626,140.250,262.228,66.759,80.769
25860,0.157952226,5.965850479, 2879,139.275,263.102,66.583,80.749
25920,0.137947337,5.898364159, 3132,138.300,263.975,66.406,80.729
25980,0.117942449,5.830877839, 3385,137.325,264.849,66.230,80.709
26040,0.097937560,5.763391519, 3638,136.349,265.723,66.053,80.689
26100,0.077932672,5.695905199, 3891,135.374,266.596,65.877,80.669
26160,0.057927783,5.628418879, 4144,134.399,267.470,65.700,80.649
26220,0.037922894,5.560932559, 4397,133.424,268.344,65.524,80.629
26280,0.017918006,5.493446239, 4650,132.449,269.217,65.347,80.609
26340,0.000000000,5.426015525, 4887,131.728,269.341,65.170,80.589
26400,0.000000000,5.359062244, 4981,133.185,263.019,64.990,80.575
26460,0.000000000,5.292108963, 5075,134.642,256.697,64.809,80.561
26520,0.000000000,5.225155683, 5169,136.100,250.375,64.629,80.547
26580,0.000000000,5.158202402, 5264,137.557,244.053,64.449,80.533
26640,0.000000000,5.091249121, 5358,139.014,237.732,64.268,80.519
26700,0.000000000,5.024295840, 5452,140.471,231.410,64.088,80.505
26760,-0.034741450,4.959699918, 5486,141.104,228.925,63.914,80.455
26820,-0.089270133,4.896446646, 5486,141.268,228.627,63.743,80.383
26880,-0.143798816,4.833193374, 5486,141.431,228.328,63.573,80.312
26940,-0.198327499,4.769940101, 5486,141.595,228.029,63.402,80.241
27000,-0.252856182,4.706686829, 5486,141.759,227.730,63.232,80.169
27060,-0.307384865,4.643433557, 5486,141.922,227.431,63.061,80.098
27120,-0.361913548,4.580180285, 5486,142.086,227.132,62.891,80.027
27180,-0.416442230,4.516927013, 5486,142.249,226.833,62.720,79.955
27240,-0.470970913,4.453673741, 5486,142.413,226.534,62.550,79.884
27300,-0.525499596,4.390420468, 5486,142.576,226.235,62.379,79.813
27360,-0.580028279,4.327167196, 5486,142.740,225.937,62.209,79.741
27420,-0.634556962,4.263913924, 5486,142.904,225.638,62.038,79.670
27480,-0.689085645,4.200660652, 5486,143.067,225.339,61.867,79.598
27540,-0.743614328,4.137407380, 5486,143.231,225.040,61.697,79.527
27600,-0.798143011,4.074154107, 5486,143.394,224.741,61.526,79.456
27660,-0.852671694,4.010900835, 5486,143.558,224.442,61.356,79.384
27720,-0.907200377,3.947647563, 5486,143.722,224.143,61.185,79.313
27780,-0.961729060,3.884394291, 5486,143.885,223.844,61.015,79.242
27840,-1.016257742,3.821141019, 5486,144.049,223.545,60.844,79.170
27900,-1.070786425,3.757887747, 5486,144.212,223.247,60.674,79.099
27960,-1.125315108,3.694634474, 5486,144.376,222.948,60.503,79.028
28020,-1.179843791,3.631381202, 5486,144.540,222.649,60.333,78.956
28080,-1.234372474,3.568127930, 5486,144.703,222.350,60.162,78.885
28140,-1.288901157,3.504874658, 5486,144.867,222.051,59.992,78.814
28200,-1.343429840,3.441621386, 5486,145.030,221.752,59.821,78.742
28260,-1.397958523,3.378368113, 5486,145.194,221.453,59.651,78.671
28320,-1.452487206,3.315114841, 5486,145.357,221.154,59.480,78.600
28380,-1.507015889,3.251861569, 5486,145.521,220.855,59.309,78.528
28440,-1.561544572,3.188608297, 5486,145.685,220.557,59.139,78.457
28500,-1.616073255,3.125355025, 5486,145.848,220.258,58.968,78.385
28560,-1.670601937,3.062101753, 5486,146.012,219.959,58.798,78.314
28620,-1.725130620,2.998848480, 5486,146.175,219.660,58.627,78.243
28680,-1.779659303,2.935595208, 5486,146.339,219.361,58.457,78.171
28740,-1.834187986,2.872341936, 5486,146.503,219.062,58.286,78.100
28800,-1.888716669,2.809088664, 5486,146.666,218.763,58.116,78.029
28860,-1.943245352,2.745835392, 5486,146.830,218.464,57.945,77.957
28920,-1.997774035,2.682582119, 5486,146.993,218.166,57.775,77.886
28980,-2.052302718,2.619328847, 5486,147.157,217.867,57.604,77.815
29040,-2.106831401,2.556075575, 5486,147.320,217.568,57.434,77.743
29100,-2.161360084,2.492822303, 5486,147.484,217.269,57.263,77.672
29160,-2.215888767,2.429569031, 5486,147.648,216.970,57.093,77.601
29220,-2.270417450,2.366315759, 5486,147.811,216.671,56.922,77.529
29280,-2.324946132,2.303062486, 5486,147.975,216.372,56.751,77.458
29340,-2.379474815,2.239809214, 5486,148.138,216.073,56.581,77.386
29400,-2.434003498,2.176555942, 5486,148.302,215.774,56.410,77.315
29460,-2.488532181,2.113302670, 5486,148.466,215.476,56.240,77.244
29520,-2.543060864,2.050049398, 5486,148.629,215.177,56.069,77.172
29580,-2.597589547,1.986796125, 5486,148.793,214.878,55.899,77.101
29640,-2.652118230,1.923542853, 5486,148.956,214.579,55.728,77.030
29700,-2.706646913,1.860289581, 5486,149.120,214.280,55.558,76.958
29760,-2.761175596,1.797036309, 5486,149.284,213.981,55.387,76.887
29820,-2.815704279,1.733783037, 5486,149.447,213.682,55.217,76.816
29880,-2.870232962,1.670529765, 5486,149.611,213.383,55.046,76.744
29940,-2.924761644,1.607276492, 5486,149.774,213.084,54.876,76.673
30000,-2.979290327,1.544023220, 5486,149.938,212.786,54.705,76.602
30060,-3.033819010,1.480769948, 5486,150.101,212.487,54.535,76.530
30120,-3.088347693,1.417516676, 5486,150.265,212.188,54.364,76.459
30180,-3.142876376,1.354263404, 5486,150.429,211.889,54.194,76.388
30240,-3.197405059,1.291010132, 5486,150.592,211.590,54.023,76.316
30300,-3.251933742,1.227756859, 5486,150.756,211.291,53.852,76.245
30360,-3.306462425,1.164503587, 5486,150.919,210.992,53.682,76.173
30420,-3.360991108,1.101250315, 5486,151.083,210.693,53.511,76.102
30480,-3.415519791,1.037997043, 5486,151.247,210.394,53.341,76.031
30540,-3.470048474,0.974743771, 5486,151.410,210.096,53.170,75.959
30600,-3.524577157,0.911490498, 5486,151.574,209.797,53.000,75.888
30660,-3.579105839,0.848237226, 5486,151.737,209.498,52.829,75.817
30720,-3.633634522,0.784983954, 5486,151.901,209.199,52.659,75.745
30780,-3.688163205,0.721730682, 5486,152.064,208.900,52.488,75.674
30840,-3.742691888,0.658477410, 5486,152.228,208.601,52.318,75.603
30900,-3.797220571,0.595224138, 5486,152.392,208.302,52.147,75.531
30960,-3.851749254,0.531970865, 5486,152.555,208.003,51.977,75.460
31020,-3.906277937,0.468717593, 5486,152.719,207.704,51.806,75.389
31080,-3.960806620,0.405464321, 5486,152.882,207.406,51.636,75.317
31140,-4.015335303,0.342211049, 5486,153.046,207.107,51.465,75.246
31200,-4.069863986,0.278957777, 5486,153.210,206.808,51.294,75.175
31260,-4.124392669,0.215704504, 5486,153.373,206.509,51.124,75.103
31320,-4.178921351,0.152451232, 5486,153.537,206.210,50.953,75.032
31380,-4.233450034,0.089197960, 5486,153.700,205.911,50.783,74.960
31440,-4.287978717,0.025944688, 5486,153.864,205.612,50.612,74.889
31500,-4.342507400,-0.037308584, 5486,154.028,205.313,50.442,74.818
31560,-4.397036083,-0.100561856, 5486,154.191,205.014,50.271,74.746
31620,-4.451564766,-0.163815129, 5486,154.355,204.716,50.101,74.675
31680,-4.506093449,-0.227068401, 5486,154.518,204.417,49.930,74.604
31740,-4.560622132,-0.290321673, 5486,154.682,204.118,49.760,74.532
31800,-4.615150815,-0.353574945, 5486,154.845,203.819,49.589,74.461
31860,-4.669679498,-0.416828217, 5486,155.009,203.520,49.419,74.390
31920,-4.724208181,-0.480081490, 5486,155.173,203.221,49.248,74.318
31980,-4.778736864,-0.543334762, 5486,155.336,202.922,49.078,74.247
32040,-4.833265546,-0.606588034, 5486,155.500,202.623,48.907,74.176
32100,-4.887794229,-0.669841306, 5486,155.663,202.324,48.736,74.104
32160,-4.942322912,-0.733094578, 5486,155.827,202.026,48.566,74.033
32220,-4.996851595,-0.796347850, 5486,155.991,201.727,48.395,73.961
32280,-5.066988590,-0.826795436, 5486,156.000,204.854,48.205,73.826
32340,-5.138082009,-0.855232804, 5486,156.000,208.191,48.014,73.687
32400,-5.209175427,-0.883670171, 5486,156.000,211.528,47.823,73.548
32460,-5.280268846,-0.912107538, 5486,156.000,214.865,47.631,73.409
32520,-5.351362264,-0.940544906, 5486,156.000,218.202,47.440,73.270
32580,-5.422455683,-0.968982273, 5486,156.000,221.538,47.249,73.131
32640,-5.493549101,-0.997419640, 5486,156.000,224.875,47.057,72.992
32700,-5.551981162,-1.052604438, 5486,156.000,224.970,46.890,72.866
32760,-5.609149703,-1.110458453, 5486,156.000,224.740,46.724,72.741
32820,-5.666318244,-1.168312468, 5486,156.000,224.511,46.559,72.615
32880,-5.723486785,-1.226166483, 5486,156.000,224.281,46.393,72.490
32940,-5.780655326,-1.284020498, 5486,156.000,224.052,46.228,72.365
33000,-5.837823867,-1.341874513, 5486,156.000,223.822,46.063,72.239
33060,-5.894992408,-1.399728528, 5486,156.000,223.593,45.897,72.114
33120,-5.953998498,-1.457409393, 5486,156.000,222.704,45.734,71.978
33180,-6.014154728,-1.514981883, 5486,156.000,221.403,45.574,71.834
33240,-6.074310958,-1.572554372, 5486,156.000,220.101,45.413,71.691
33300,-6.134467188,-1.630126861, 5486,156.000,218.800,45.252,71.547
33360,-6.194623419,-1.687699350, 5486,156.000,217.498,45.091,71.404
33420,-6.254779649,-1.745271839, 5486,156.000,216.197,44.930,71.260
33480,-6.314935879,-1.802844329, 5486,156.000,214.895,44.770,71.116
33540,-6.375092109,-1.860416818, 5486,156.000,213.594,44.609,70.973
33600,-6.435248339,-1.917989307, 5486,156.000,212.292,44.448,70.829
33660,-6.495404570,-1.975561796, 5486,156.000,210.991,44.287,70.686
33720,-6.555560800,-2.033134286, 5486,156.000,209.689,44.126,70.542
33780,-6.615717030,-2.090706775, 5486,156.000,208.388,43.965,70.399
33840,-6.675873260,-2.148279264, 5486,156.000,207.086,43.805,70.255
33900,-6.736029490,-2.205851753, 5486,156.000,205.785,43.644,70.112
33960,-6.796185721,-2.263424242, 5486,156.000,204.483,43.483,69.968
34020,-6.856341951,-2.320996732, 5486,156.000,203.182,43.322,69.825
34080,-6.916498181,-2.378569221, 5486,156.000,201.880,43.161,69.681
34140,-6.976654411,-2.436141710, 5486,156.000,200.579,43.001,69.538
34200,-7.038132557,-2.465750366, 5486,156.000,197.170,42.819,69.360
34260,-7.099917970,-2.488859083, 5486,156.000,193.271,42.632,69.174
34320,-7.161703384,-2.511967801, 5486,156.000,189.372,42.446,68.989
34380,-7.223488797,-2.535076518, 5486,156.000,185.473,42.259,68.803
34440,-7.285274210,-2.558185236, 5486,156.000,181.575,42.073,68.617
34500,-7.347059623,-2.581293954, 5486,156.000,177.676,41.886,68.432
34560,-7.408845037,-2.604402671, 5486,156.000,173.777,41.700,68.246
34620,-7.470630450,-2.627511389, 5486,156.000,169.878,41.513,68.061
34680,-7.532415863,-2.650620106, 5486,156.000,165.979,41.327,67.875
34740,-7.594201276,-2.673728824, 5486,156.000,162.081,41.140,67.689
34800,-7.655986689,-2.696837541, 5486,156.000,158.182,40.954,67.504
34860,-7.717772103,-2.719946259, 5486,156.000,154.283,40.767,67.318
34920,-7.784705916,-2.713541949, 5486,156.000,150.667,40.559,67.097
34980,-7.857253261,-2.674958248, 5486,156.000,147.359,40.327,66.839
35040,-7.929800607,-2.636374548, 5486,156.000,144.050,40.095,66.581
35100,-8.002347953,-2.597790848, 5486,156.000,140.742,39.863,66.322
35160,-8.074895299,-2.559207147, 5486,156.000,137.434,39.631,66.064
35220,-8.147442645,-2.520623447, 5486,156.000,134.126,39.399,65.805
35280,-8.219989991,-2.482039747, 5486,156.000,130.818,39.167,65.547
35340,-8.292537336,-2.443456047, 5486,156.000,127.509,38.935,65.289
35400,-8.354019215,-2.390576179, 5486,156.000,126.162,38.690,65.013
35460,-8.403014331,-2.321563885, 5486,156.000,127.029,38.431,64.718
35520,-8.452009446,-2.252551591, 5486,156.000,127.895,38.171,64.423
35580,-8.501004562,-2.183539297, 5486,156.000,128.761,37.912,64.128
35640,-8.549999677,-2.114527003, 5486,156.000,129.628,37.652,63.832
35700,-8.598994793,-2.045514709, 5486,156.000,130.494,37.393,63.537
35760,-8.647989909,-1.976502415, 5486,156.000,131.360,37.133,63.242
35820,-8.696985024,-1.907490121, 5486,156.000,132.226,36.874,62.947
35880,-8.745980140,-1.838477827, 5486,156.000,133.093,36.614,62.652
35940,-8.794975255,-1.769465533, 5486,156.000,133.959,36.355,62.357
36000,-8.843970371,-1.700453239, 5486,156.000,134.825,36.095,62.062
36060,-8.892965487,-1.631440945, 5486,156.000,135.692,35.836,61.767
36120,-8.941960602,-1.562428650, 5486,156.000,136.558,35.576,61.472
36180,-8.990955718,-1.493416356, 5486,156.000,137.424,35.317,61.177
36240,-9.046684358,-1.433294131, 5486,156.000,161.048,35.075,60.854
36300,-9.106338631,-1.378354800, 5486,156.000,197.938,34.844,60.515
36360,-9.165992904,-1.323415470, 5486,156.000,234.829,34.612,60.177
36420,-9.225647177,-1.268476139, 5486,156.000,271.720,34.381,59.838
36480,-9.285301450,-1.213536809, 5486,156.000,308.611,34.149,59.499
36540,-9.282238978,-1.216357230, 5315,154.420,316.963,33.939,59.274
36600,-9.258670881,-1.238062556, 5088,152.324,315.984,33.734,59.085
36660,-9.235102784,-1.259767883, 4861,150.228,315.004,33.530,58.896
36720,-9.211534687,-1.281473209, 4634,148.131,314.025,33.326,58.707
36780,-9.187966590,-1.303178536, 4407,146.035,313.046,33.122,58.519
36840,-9.164398493,-1.324883862, 4180,143.939,312.067,32.917,58.330
36900,-9.140830396,-1.346589188, 3953,141.843,311.088,32.713,58.141
36960,-9.117262299,-1.368294515, 3725,139.746,310.109,32.509,57.952
37020,-9.093694202,-1.389999841, 3498,137.650,309.130,32.305,57.763
37080,-9.070126105,-1.411705168, 3271,135.554,308.151,32.100,57.575
37140,-9.046558008,-1.433410494, 3044,133.457,307.172,31.896,57.386
37200,-9.022989911,-1.455115821, 2817,131.361,306.193,31.692,57.197
37260,-8.992573035,-1.491138277, 2682,130.117,306.256,31.497,57.021
37320,-8.952152822,-1.548072352, 2682,130.117,307.841,31.316,56.865
37380,-8.911732609,-1.605006428, 2682,130.117,309.427,31.135,56.708
37440,-8.871312396,-1.661940504, 2682,130.117,311.012,30.955,56.551
37500,-8.830892183,-1.718874580, 2682,130.117,312.598,30.774,56.394
37560,-8.790471970,-1.775808655, 2682,130.117,314.183,30.593,56.238
37620,-8.750051758,-1.832742731, 2682,130.117,315.769,30.412,56.081
37680,-8.709631545,-1.889676807, 2682,130.117,317.354,30.231,55.924
37740,-8.669211332,-1.946610882, 2682,130.117,318.940,30.051,55.768
37800,-8.628791119,-2.003544958, 2682,130.117,320.525,29.870,55.611
37860,-8.588370906,-2.060479034, 2682,130.117,322.111,29.689,55.454
37920,-8.547950693,-2.117413109, 2682,130.117,323.696,29.508,55.297
37980,-8.507530480,-2.174347185, 2682,130.117,325.282,29.327,55.141
38040,-8.467110267,-2.231281261, 2682,130.117,326.867,29.147,54.984
38100,-8.426690054,-2.288215336, 2682,130.117,328.453,28.966,54.827
38160,-8.386269841,-2.345149412, 2682,130.117,330.038,28.785,54.670
38220,-8.345849629,-2.402083488, 2682,130.117,331.624,28.604,54.514
38280,-8.291805220,-2.443845416, 2682,130.117,311.170,28.405,54.343
38340,-8.229848821,-2.476796410, 2682,130.117,277.916,28.195,54.165
38400,-8.167892421,-2.509747404, 2682,130.117,244.663,27.986,53.987
38460,-8.105936021,-2.542698398, 2682,130.117,211.409,27.776,53.808
38520,-8.043979622,-2.575649392, 2682,130.117,178.156,27.566,53.630
38580,-7.982023222,-2.608600386, 2682,130.117,144.902,27.357,53.452
38640,-7.920066822,-2.641551380, 2682,130.117,111.649,27.147,53.273
38700,-7.858110423,-2.674502374, 2682,130.117,78.395,26.937,53.095
38760,-7.796154023,-2.707453368, 2682,130.117,45.142,26.728,52.917
38820,-7.733512281,-2.725833333, 2682,130.117,20.873,26.507,52.709
38880,-7.668868857,-2.701655675, 2682,130.117,22.845,26.255,52.417
38940,-7.604225434,-2.677478017, 2682,130.117,24.817,26.002,52.125
39000,-7.539582010,-2.653300358, 2682,130.117,26.790,25.750,51.832
39060,-7.474938587,-2.629122700, 2682,130.117,28.762,25.498,51.540
39120,-7.410295163,-2.604945041, 2682,130.117,30.735,25.246,51.247
39180,-7.345651740,-2.580767383, 2682,130.117,32.707,24.993,50.955
39240,-7.281008317,-2.556589725, 2682,130.117,34.679,24.741,50.663
39300,-7.216364893,-2.532412066, 2682,130.117,36.652,24.489,50.370
39360,-7.151721470,-2.508234408, 2682,130.117,38.624,24.237,50.078
