src/Components/missions/ORACLES/Plans/ORACLES-Flt-plan_er2_20160920_AClegs.ict
42, 1001
Samuel LeBlanc
NASA Ames Research Center
Simulated flight plan
ORACLES
1,1
2016,09,20,2016,09,20
60
Start_UTC, seconds from midnight UTC, time keeping
7
1,1,1,1,1,1,1
-9999,-9999,-9999,-9999,-9999,-9999,-9999
Latitude, Degrees (North positive), Planned latitude position of the aircraft
Longitude, Degrees (East positive), Planned longitude position of the aircraft
Altitude, meters (above sea level), Planned altitude of the aircraft
speed, meters per second (m/s), Estimated speed of aircraft
Bearing, degrees from north, Direction of travel of the plane per respect to north
SZA, degrees from zenith, Elevation position of the sun in the sky per respect to zenith
AZI, degrees from north, Azimuthal position of the sun in the sky per respect to north
1
Simulated aircraft data interpolated from flight plan waypoints
20
-----------------------------------------------------------------------------
PI_CONTACT_INFO: Samuel LeBlanc, samuel.leblanc@nasa.gov
PLATFORM: er2
LOCATION: N/A
ASSOCIATED_DATA: N/A
INSTRUMENT_INFO: None
DATA_INFO: Compiled with flight planner: moving lines v1.07
UNCERTAINTY: Undefined
ULOD_FLAG: -7777
ULOD_VALUE: N/A
LLOD_FLAG: -8888
LLOD_VALUE: N/A
DM_CONTACT_INFO: See PI
PROJECT_INFO: ORACLES
STIPULATIONS_ON_USE: None
OTHER_COMMENTS: N/A
REVISION: RA
RA: First iteration of the flight plan
-----------------------------------------------------------------------------
Start_UTC,Latitude,Longitude,Altitude,speed,Bearing,SZA,AZI
[from data line 233]
39180,-15.107425012,7.500000000,19000,204.900,229.834,18.181,25.960
39240,-15.213728896,7.500000000,19000,204.900,234.618,18.205,25.093
39300,-15.320032781,7.500000000,19000,204.900,239.401,18.230,24.226
39360,-15.426336666,7.500000000,19000,204.900,244.185,18.254,23.358
39420,-15.532640551,7.500000000,19000,204.900,248.969,18.278,22.491
39480,-15.638944435,7.500000000,19000,204.900,253.752,18.302,21.624
39540,-15.745248320,7.500000000,19000,204.900,258.536,18.326,20.756
39600,-15.851552205,7.500000000,19000,204.900,263.320,18.350,19.889
39660,-15.957856089,7.500000000,19000,204.900,268.104,18.374,19.022
39720,-16.064159974,7.500000000,19000,204.900,272.887,18.398,18.155
39780,-16.170463859,7.500000000,19000,204.900,277.671,18.422,17.287
39840,-16.276767743,7.500000000,19000,204.900,282.455,18.446,16.420
39900,-16.383071628,7.500000000,19000,204.900,287.238,18.470,15.553
39960,-16.489375513,7.500000000,19000,204.900,292.022,18.494,14.685
40020,-16.595679397,7.500000000,19000,204.900,296.806,18.519,13.818
40080,-16.701983282,7.500000000,19000,204.900,301.589,18.543,12.951
40140,-16.808287167,7.500000000,19000,204.900,306.373,18.567,12.084
40200,-16.914591052,7.500000000,19000,204.900,311.157,18.591,11.216
40260,-17.020894936,7.500000000,19000,204.900,315.940,18.615,10.349
40320,-17.127198821,7.500000000,19000,204.900,320.724,18.639,9.482
40380,-17.233502706,7.500000000,19000,204.900,325.508,18.663,8.614
40440,-17.339806590,7.500000000,19000,204.900,330.291,18.687,7.747
40500,-17.446110475,7.500000000,19000,204.900,335.075,18.711,6.880
40560,-17.552414360,7.500000000,19000,204.900,339.859,18.735,6.013
40620,-17.658718244,7.500000000,19000,204.900,344.642,18.759,5.145
40680,-17.765022129,7.500000000,19000,204.900,349.426,18.784,4.278
40740,-17.871326014,7.500000000,19000,204.900,354.210,18.808,3.411
40800,-17.977629899,7.500000000,19000,204.900,358.993,18.832,2.543
40860,-17.919048213,7.500000000,19000,204.900,359.767,18.805,8.957
40920,-17.816521089,7.500000000,19000,204.900,359.472,18.766,17.310
40980,-17.713993965,7.500000000,19000,204.900,359.176,18.726,25.663
41040,-17.611466841,7.500000000,19000,204.900,358.881,18.686,34.017
41100,-17.508939717,7.500000000,19000,204.900,358.586,18.646,42.370
41160,-17.406412593,7.500000000,19000,204.900,358.291,18.606,50.724
41220,-17.303885469,7.500000000,19000,204.900,357.995,18.567,59.077
41280,-17.201358345,7.500000000,19000,204.900,357.700,18.527,67.431
41340,-17.098831221,7.500000000,19000,204.900,357.405,18.487,75.784
41400,-16.996304097,7.500000000,19000,204.900,357.109,18.447,84.138
41460,-16.893776973,7.500000000,19000,204.900,356.814,18.407,92.491
41520,-16.791249849,7.500000000,19000,204.900,356.519,18.367,100.845
41580,-16.688722725,7.500000000,19000,204.900,356.224,18.328,109.198
41640,-16.586195601,7.500000000,19000,204.900,355.928,18.288,117.552
41700,-16.483668477,7.500000000,19000,204.900,355.633,18.248,125.905
41760,-16.381141353,7.500000000,19000,204.900,355.338,18.208,134.258
41820,-16.278614229,7.500000000,19000,204.900,355.043,18.168,142.612
41880,-16.176087105,7.500000000,19000,204.900,354.747,18.129,150.965
41940,-16.073559981,7.500000000,19000,204.900,354.452,18.089,159.319
42000,-15.971032857,7.500000000,19000,204.900,354.157,18.049,167.672
42060,-15.868505733,7.500000000,19000,204.900,353.862,18.009,176.026
42120,-15.765978609,7.500000000,19000,204.900,353.566,17.969,184.379
42180,-15.663451485,7.500000000,19000,204.900,353.271,17.930,192.733
42240,-15.560924361,7.500000000,19000,204.900,352.976,17.890,201.086
42300,-15.458397237,7.500000000,19000,204.900,352.680,17.850,209.440
42360,-15.355870113,7.500000000,19000,204.900,352.385,17.810,217.793
42420,-15.253342989,7.500000000,19000,204.900,352.090,17.770,226.146
42480,-15.150815865,7.500000000,19000,204.900,351.795,17.731,234.500
42540,-15.048288741,7.500000000,19000,204.900,351.499,17.691,242.853
42600,-14.945761617,7.500000000,19000,204.900,351.204,17.651,251.207
42660,-14.843234493,7.500000000,19000,204.900,350.909,17.611,259.560
42720,-14.740707369,7.500000000,19000,204.900,350.614,17.571,267.914
42780,-14.638180245,7.500000000,19000,204.900,350.318,17.532,276.267
42840,-14.535653121,7.500000000,19000,204.900,350.023,17.492,284.621
42900,-14.433125997,7.500000000,19000,204.900,349.728,17.452,292.974
42960,-14.330598873,7.500000000,19000,204.900,349.433,17.412,301.328
43020,-14.228071749,7.500000000,19000,204.900,349.137,17.372,309.681
43080,-14.125544625,7.500000000,19000,204.900,348.842,17.333,318.034
43140,-14.023017501,7.500000000,19000,204.900,348.547,17.293,326.388
43200,-13.920329498,7.483472915,19000,204.900,343.752,17.344,327.678
43260,-13.817594921,7.462161350,19000,204.900,337.656,17.422,326.923
43320,-13.714860345,7.440849786,19000,204.900,331.559,17.500,326.168
43380,-13.612125769,7.419538221,19000,204.900,325.462,17.578,325.414
43440,-13.509391192,7.398226656,19000,204.900,319.365,17.656,324.659
43500,-13.406656616,7.376915091,19000,204.900,313.268,17.735,323.904
43560,-13.303922039,7.355603526,19000,204.900,307.172,17.813,323.149
43620,-13.201187463,7.334291962,19000,204.900,301.075,17.891,322.395
43680,-13.098452887,7.312980397,19000,204.900,294.978,17.969,321.640
43740,-12.995718310,7.291668832,19000,204.900,288.881,18.047,320.885
43800,-12.892983734,7.270357267,19000,204.900,282.785,18.125,320.130
43860,-12.790249157,7.249045703,19000,204.900,276.688,18.203,319.376
43920,-12.687514581,7.227734138,19000,204.900,270.591,18.281,318.621
43980,-12.584780005,7.206422573,19000,204.900,264.494,18.359,317.866
44040,-12.482045428,7.185111008,19000,204.900,258.397,18.437,317.111
44100,-12.379310852,7.163799444,19000,204.900,252.301,18.515,316.356
44160,-12.276576276,7.142487879,19000,204.900,246.204,18.593,315.602
44220,-12.173841699,7.121176314,19000,204.900,240.107,18.671,314.847
44280,-12.071107123,7.099864749,19000,204.900,234.010,18.749,314.092
44340,-11.968372546,7.078553185,19000,204.900,227.913,18.827,313.337
44400,-11.865637970,7.057241620,19000,204.900,221.817,18.905,312.583
44460,-11.762903394,7.035930055,19000,204.900,215.720,18.983,311.828
44520,-11.660168817,7.014618490,19000,204.900,209.623,19.061,311.073
44580,-11.557434241,6.993306925,19000,204.900,203.526,19.139,310.318
44640,-11.454699664,6.971995361,19000,204.900,197.429,19.217,309.563
44700,-11.351965088,6.950683796,19000,204.900,191.333,19.295,308.809
44760,-11.249230512,6.929372231,19000,204.900,185.236,19.373,308.054
44820,-11.146495935,6.908060666,19000,204.900,179.139,19.451,307.299
44880,-11.043761359,6.886749102,19000,204.900,173.042,19.529,306.544
44940,-10.976250498,6.872964946,19000,204.900,167.964,19.642,305.884
45000,-11.084233188,6.896684267,19000,204.900,167.962,19.924,305.694
45060,-11.192215879,6.920403587,19000,204.900,167.960,20.207,305.504
45120,-11.300198569,6.944122908,19000,204.900,167.957,20.490,305.315
45180,-11.408181260,6.967842229,19000,204.900,167.955,20.773,305.125
45240,-11.516163951,6.991561549,19000,204.900,167.953,21.055,304.935
45300,-11.624146641,7.015280870,19000,204.900,167.950,21.338,304.745
45360,-11.732129332,7.039000191,19000,204.900,167.948,21.621,304.555
45420,-11.840112022,7.062719511,19000,204.900,167.946,21.903,304.366
45480,-11.948094713,7.086438832,19000,204.900,167.943,22.186,304.176
45540,-12.056077404,7.110158153,19000,204.900,167.941,22.469,303.986
45600,-12.164060094,7.133877473,19000,204.900,167.939,22.752,303.796
45660,-12.272042785,7.157596794,19000,204.900,167.936,23.034,303.606
45720,-12.380025475,7.181316115,19000,204.900,167.934,23.317,303.417
45780,-12.488008166,7.205035435,19000,204.900,167.932,23.600,303.227
45840,-12.595990856,7.228754756,19000,204.900,167.929,23.882,303.037
45900,-12.703973547,7.252474077,19000,204.900,167.927,24.165,302.847
45960,-12.811956238,7.276193397,19000,204.900,167.925,24.448,302.657
46020,-12.919938928,7.299912718,19000,204.900,167.922,24.731,302.468
46080,-13.027921619,7.323632039,19000,204.900,167.920,25.013,302.278
46140,-13.135904309,7.347351359,19000,204.900,167.917,25.296,302.088
46200,-13.243887000,7.371070680,19000,204.900,167.915,25.579,301.898
46260,-13.351869691,7.394790001,19000,204.900,167.913,25.861,301.708
46320,-13.459852381,7.418509321,19000,204.900,167.910,26.144,301.519
46380,-13.567835072,7.442228642,19000,204.900,167.908,26.427,301.329
46440,-13.675817762,7.465947963,19000,204.900,167.906,26.710,301.139
46500,-13.783800453,7.489667283,19000,204.900,167.903,26.992,300.949
46560,-13.891783143,7.513386604,19000,204.900,167.901,27.275,300.759
46620,-13.999760930,7.537183566,19000,204.900,167.899,27.558,300.582
46680,-14.107722495,7.561237365,19000,204.900,167.896,27.841,300.448
46740,-14.215684060,7.585291163,19000,204.900,167.894,28.125,300.314
46800,-14.323645625,7.609344962,19000,204.900,167.892,28.408,300.179
46860,-14.431607190,7.633398760,19000,204.900,167.890,28.692,300.045
46920,-14.539568755,7.657452559,19000,204.900,167.887,28.975,299.911
46980,-14.647530320,7.681506357,19000,204.900,167.885,29.259,299.776
47040,-14.755491884,7.705560156,19000,204.900,167.883,29.542,299.642
47100,-14.863453449,7.729613954,19000,204.900,167.880,29.825,299.507
47160,-14.971415014,7.753667752,19000,204.900,167.878,30.109,299.373
47220,-15.079376579,7.777721551,19000,204.900,167.876,30.392,299.239
47280,-15.187338144,7.801775349,19000,204.900,167.873,30.676,299.104
47340,-15.295299709,7.825829148,19000,204.900,167.871,30.959,298.970
47400,-15.403261274,7.849882946,19000,204.900,167.869,31.243,298.836
47460,-15.511222839,7.873936745,19000,204.900,167.866,31.526,298.701
47520,-15.619184403,7.897990543,19000,204.900,167.864,31.810,298.567
47580,-15.727145968,7.922044342,19000,204.900,167.862,32.093,298.432
47640,-15.835099083,7.946244041,19000,204.900,167.859,32.376,298.307
47700,-15.943042969,7.970603059,19000,204.900,167.855,32.659,298.191
47760,-16.050986855,7.994962078,19000,204.900,167.851,32.942,298.076
47820,-16.158930741,8.019321097,19000,204.900,167.847,33.225,297.960
47880,-16.266874628,8.043680115,19000,204.900,167.843,33.507,297.844
47940,-16.374818514,8.068039134,19000,204.900,167.839,33.790,297.728
48000,-16.482762400,8.092398152,19000,204.900,167.835,34.073,297.613
48060,-16.590706287,8.116757171,19000,204.900,167.831,34.356,297.497
48120,-16.698650173,8.141116189,19000,204.900,167.827,34.639,297.381
48180,-16.806594059,8.165475208,19000,204.900,167.823,34.921,297.265
48240,-16.914537945,8.189834227,19000,204.900,167.819,35.204,297.150
48300,-17.022481832,8.214193245,19000,204.900,167.815,35.487,297.034
48360,-17.130425718,8.238552264,19000,204.900,167.811,35.770,296.918
48420,-17.238369604,8.262911282,19000,204.900,167.807,36.052,296.803
48480,-17.346313491,8.287270301,19000,204.900,167.803,36.335,296.687
48540,-17.454257377,8.311629320,19000,204.900,167.799,36.618,296.571
48600,-17.562201263,8.335988338,19000,204.900,167.795,36.901,296.455
48660,-17.670134764,8.360506539,19000,204.900,167.792,37.183,296.345
48720,-17.778064396,8.385084042,19000,204.900,167.790,37.465,296.237
48780,-17.885994029,8.409661545,19000,204.900,167.787,37.747,296.129
48840,-17.993923661,8.434239048,19000,204.900,167.785,38.029,296.020
48900,-18.101853293,8.458816551,19000,204.900,167.782,38.311,295.912
48960,-18.209782335,8.483410835,19000,204.900,167.779,38.593,295.804
49020,-18.317707931,8.508103093,19000,204.900,167.774,38.874,295.698
49080,-18.425633528,8.532795351,19000,204.900,167.769,39.156,295.593
49140,-18.533559124,8.557487610,19000,204.900,167.764,39.437,295.487
49200,-18.641484720,8.582179868,19000,204.900,167.760,39.719,295.381
49260,-18.749410317,8.606872126,19000,204.900,167.755,40.000,295.275
49320,-18.857324928,8.631645259,19000,204.900,167.754,40.281,295.171
49380,-18.965231100,8.656480522,19000,204.900,167.758,40.561,295.068
49440,-19.073137272,8.681315785,19000,204.900,167.761,40.841,294.964
49500,-19.181043444,8.706151048,19000,204.900,167.764,41.122,294.861
49560,-19.288949616,8.730986311,19000,204.900,167.768,41.402,294.758
49620,-19.396855788,8.755821574,19000,204.900,167.771,41.682,294.654
49680,-19.502110872,8.780289815,19000,204.900,164.892,41.960,294.551
49740,-19.607324937,8.804752376,19000,204.900,161.968,42.238,294.448
49800,-19.712539001,8.829214937,19000,204.900,159.044,42.515,294.344
49860,-19.817753065,8.853677498,19000,204.900,156.121,42.793,294.241
49920,-19.922967129,8.878140059,19000,204.900,153.197,43.071,294.137
49980,-20.028181193,8.902602621,19000,204.900,150.273,43.349,294.034
50040,-20.133395257,8.927065182,19000,204.900,147.350,43.626,293.930
50100,-20.238609321,8.951527743,19000,204.900,144.426,43.904,293.827
50160,-20.343823385,8.975990304,19000,204.900,141.502,44.182,293.724
50220,-20.449037449,9.000452865,19000,204.900,138.578,44.460,293.620
50280,-20.554251513,9.024915427,19000,204.900,135.655,44.737,293.517
50340,-20.659465578,9.049377988,19000,204.900,132.731,45.015,293.413
50400,-20.764679642,9.073840549,19000,204.900,129.807,45.293,293.310
50460,-20.869893706,9.098303110,19000,204.900,126.884,45.571,293.206
50520,-20.975107770,9.122765671,19000,204.900,123.960,45.849,293.103
50580,-21.080321834,9.147228233,19000,204.900,121.036,46.126,293.000
50640,-21.185535898,9.171690794,19000,204.900,118.113,46.404,292.896
50700,-21.245171483,9.262718594,19000,204.900,116.951,46.722,292.727
50760,-21.294785558,9.368382342,19000,204.900,116.176,47.049,292.543
50820,-21.344399633,9.474046091,19000,204.900,115.401,47.376,292.359
50880,-21.394013708,9.579709839,19000,204.900,114.627,47.702,292.175
50940,-21.443627782,9.685373588,19000,204.900,113.852,48.029,291.991
51000,-21.493241857,9.791037336,19000,204.900,113.078,48.356,291.807
51060,-21.542855932,9.896701085,19000,204.900,112.303,48.683,291.623
51120,-21.592470007,10.002364833,19000,204.900,111.529,49.010,291.439
51180,-21.642084081,10.108028582,19000,204.900,110.754,49.336,291.255
51240,-21.691698156,10.213692330,19000,204.900,109.979,49.663,291.071
51300,-21.741312231,10.319356079,19000,204.900,109.205,49.990,290.887
51360,-21.790926305,10.425019827,19000,204.900,108.430,50.317,290.703
51420,-21.840540380,10.530683576,19000,204.900,107.656,50.644,290.519
51480,-21.890154455,10.636347324,19000,204.900,106.881,50.971,290.335
51540,-21.939768530,10.742011072,19000,204.900,106.107,51.297,290.151
51600,-21.989382604,10.847674821,19000,204.900,105.332,51.624,289.967
51660,-22.038996679,10.953338569,19000,204.900,104.557,51.951,289.783
51720,-22.088610754,11.059002318,19000,204.900,103.783,52.278,289.599
51780,-22.138224829,11.164666066,19000,204.900,103.008,52.605,289.415
51840,-22.187838903,11.270329815,19000,204.900,102.234,52.931,289.231
51900,-22.237452978,11.375993563,19000,204.900,101.459,53.258,289.047
51960,-22.287067053,11.481657312,19000,204.900,100.684,53.585,288.863
52020,-22.336681128,11.587321060,19000,204.900,99.910,53.912,288.679
52080,-22.386295202,11.692984809,19000,204.900,99.135,54.239,288.496
52140,-22.435909277,11.798648557,19000,204.900,98.361,54.565,288.312
52200,-22.485523352,11.904312306,19000,204.900,97.586,54.892,288.128
52260,-22.535137426,12.009976054,19000,204.900,96.812,55.219,287.944
52320,-22.584751501,12.115639802,19000,204.900,96.037,55.546,287.760
52380,-22.634365576,12.221303551,19000,204.900,95.262,55.873,287.576
52440,-22.683979651,12.326967299,19000,204.900,94.488,56.199,287.392
52500,-22.733593725,12.432631048,19000,204.900,93.713,56.526,287.208
52560,-22.783207800,12.538294796,19000,204.900,92.939,56.853,287.024
52620,-22.832821875,12.643958545,19000,204.900,92.164,57.180,286.840
52680,-22.882435950,12.749622293,19000,204.900,91.390,57.507,286.656
52740,-22.932050024,12.855286042,19000,204.900,90.615,57.833,286.472
52800,-22.981664099,12.960949790,19000,204.900,89.840,58.160,286.288
52860,-22.999678423,13.026084735,18700,202.772,89.544,58.445,286.128
52920,-22.999168331,13.067460872,18225,199.396,89.528,58.706,285.983
52980,-22.998658239,13.108837008,17749,196.021,89.512,58.966,285.837
53040,-22.998148147,13.150213145,17274,192.645,89.495,59.227,285.691
