src/Components/missions/ORACLES/Plans/ORACLES-Flt-plan_p3_20170829_RA.ict
42, 1001
michaeldiamond
NASA Ames Research Center
Simulated flight plan
ORACLES-2017
1,1
2017,08,29,2017,08,29
60
Start_UTC, seconds from midnight UTC, time keeping
7
1,1,1,1,1,1,1
-9999,-9999,-9999,-9999,-9999,-9999,-9999
Latitude, Degrees (North positive), Planned latitude position of the aircraft
Longitude, Degrees (East positive), Planned longitude position of the aircraft
Altitude, meters (above sea level), Planned altitude of the aircraft
speed, meters per second (m/s), Estimated speed of aircraft
Bearing, degrees from north, Direction of travel of the plane per respect to north
SZA, degrees from zenith, Elevation position of the sun in the sky per respect to zenith
AZI, degrees from north, Azimuthal position of the sun in the sky per respect to north
1
Simulated aircraft data interpolated from flight plan waypoints
20
-----------------------------------------------------------------------------
PI_CONTACT_INFO: michaeldiamond
PLATFORM: p3
LOCATION: N/A
ASSOCIATED_DATA: N/A
INSTRUMENT_INFO: None
DATA_INFO: Compiled with flight planner: moving lines v1.2
UNCERTAINTY: Undefined
ULOD_FLAG: -7777
ULOD_VALUE: N/A
LLOD_FLAG: -8888
LLOD_VALUE: N/A
DM_CONTACT_INFO: Samuel LeBlanc, samuel.leblanc@nasa.gov
PROJECT_INFO: ORACLES-2017
STIPULATIONS_ON_USE: None
OTHER_COMMENTS: N/A
REVISION: RA
RA: First iteration of the flight plan
-----------------------------------------------------------------------------
Start_UTC,Latitude,Longitude,Altitude,speed,Bearing,SZA,AZI
28800,0.378006000,6.708200000,   95,150.000,253.491,53.976,78.827
28860,0.358224007,6.641465616,  345,148.908,253.296,53.800,78.785
28920,0.338442014,6.574731232,  595,147.816,253.100,53.625,78.742
28980,0.318660021,6.507996848,  846,146.725,252.905,53.450,78.700
29040,0.298878028,6.441262464, 1096,145.633,252.709,53.274,78.658
29100,0.279096035,6.374528080, 1346,144.541,252.514,53.099,78.615
29160,0.259314042,6.307793696, 1596,143.449,252.318,52.923,78.573
29220,0.239532049,6.241059312, 1847,142.358,252.123,52.748,78.530
29280,0.219750056,6.174324928, 2097,141.266,251.927,52.572,78.488
29340,0.199968063,6.107590544, 2347,140.174,251.731,52.397,78.445
29400,0.180186069,6.040856161, 2597,139.082,251.536,52.222,78.403
29460,0.160404076,5.974121777, 2848,137.990,251.340,52.046,78.360
29520,0.140622083,5.907387393, 3098,136.899,251.145,51.871,78.318
29580,0.120840090,5.840653009, 3348,135.807,250.949,51.695,78.275
29640,0.101058097,5.773918625, 3598,134.715,250.754,51.520,78.233
29700,0.081276104,5.707184241, 3849,133.623,250.558,51.344,78.190
29760,0.061494111,5.640449857, 4099,132.531,250.363,51.169,78.148
29820,0.041712118,5.573715473, 4349,131.440,250.167,50.994,78.106
29880,0.021930125,5.506981089, 4599,130.348,249.972,50.818,78.063
29940,0.002148132,5.440246705, 4850,129.256,249.776,50.643,78.021
30000,-0.023928155,5.367999168, 4877,129.317,249.458,50.477,77.949
30060,-0.050771203,5.295080027, 4877,129.518,249.125,50.312,77.873
30120,-0.077614252,5.222160885, 4877,129.720,248.792,50.148,77.798
30180,-0.104457300,5.149241744, 4877,129.921,248.459,49.983,77.723
30240,-0.131300349,5.076322602, 4877,130.122,248.127,49.818,77.647
30300,-0.158143397,5.003403461, 4877,130.324,247.794,49.654,77.572
30360,-0.184986446,4.930484320, 4877,130.525,247.461,49.489,77.496
30420,-0.211829494,4.857565178, 4877,130.726,247.128,49.324,77.421
30480,-0.238672543,4.784646037, 4877,130.928,246.795,49.160,77.346
30540,-0.265515592,4.711726895, 4877,131.129,246.462,48.995,77.270
30600,-0.292358640,4.638807754, 4877,131.330,246.129,48.830,77.195
30660,-0.319201689,4.565888613, 4877,131.532,245.796,48.666,77.119
30720,-0.346044737,4.492969471, 4877,131.733,245.463,48.501,77.044
30780,-0.372887786,4.420050330, 4877,131.934,245.131,48.336,76.968
30840,-0.399730834,4.347131188, 4877,132.136,244.798,48.172,76.893
30900,-0.426573883,4.274212047, 4877,132.337,244.465,48.007,76.818
30960,-0.453416931,4.201292906, 4877,132.538,244.132,47.842,76.742
31020,-0.480259980,4.128373764, 4877,132.740,243.799,47.678,76.667
31080,-0.507103029,4.055454623, 4877,132.941,243.466,47.513,76.591
31140,-0.533946077,3.982535481, 4877,133.142,243.133,47.348,76.516
31200,-0.560789126,3.909616340, 4877,133.344,242.800,47.184,76.441
31260,-0.587632174,3.836697199, 4877,133.545,242.467,47.019,76.365
31320,-0.614475223,3.763778057, 4877,133.746,242.134,46.854,76.290
31380,-0.641318271,3.690858916, 4877,133.947,241.802,46.690,76.214
31440,-0.668161320,3.617939774, 4877,134.149,241.469,46.525,76.139
31500,-0.695004368,3.545020633, 4877,134.350,241.136,46.360,76.064
31560,-0.721847417,3.472101492, 4877,134.551,240.803,46.196,75.988
31620,-0.748690466,3.399182350, 4877,134.753,240.470,46.031,75.913
31680,-0.775533514,3.326263209, 4877,134.954,240.137,45.867,75.837
31740,-0.802376563,3.253344067, 4877,135.155,239.804,45.702,75.762
31800,-0.829219611,3.180424926, 4877,135.357,239.471,45.537,75.687
31860,-0.856062660,3.107505785, 4877,135.558,239.138,45.373,75.611
31920,-0.882905708,3.034586643, 4877,135.759,238.806,45.208,75.536
31980,-0.909748757,2.961667502, 4877,135.961,238.473,45.043,75.460
32040,-0.936591806,2.888748360, 4877,136.162,238.140,44.879,75.385
32100,-0.963434854,2.815829219, 4877,136.363,237.807,44.714,75.309
32160,-0.990277903,2.742910078, 4877,136.565,237.474,44.549,75.234
32220,-1.017120951,2.669990936, 4877,136.766,237.141,44.385,75.159
32280,-1.043964000,2.597071795, 4877,136.967,236.808,44.220,75.083
32340,-1.070807048,2.524152653, 4877,137.169,236.475,44.055,75.008
32400,-1.097650097,2.451233512, 4877,137.370,236.142,43.891,74.932
32460,-1.124493145,2.378314371, 4877,137.571,235.810,43.726,74.857
32520,-1.151336194,2.305395229, 4877,137.773,235.477,43.561,74.782
32580,-1.178179243,2.232476088, 4877,137.974,235.144,43.397,74.706
32640,-1.205022291,2.159556946, 4877,138.175,234.811,43.232,74.631
32700,-1.231865340,2.086637805, 4877,138.377,234.478,43.067,74.555
32760,-1.258708388,2.013718663, 4877,138.578,234.145,42.903,74.480
32820,-1.285551437,1.940799522, 4877,138.779,233.812,42.738,74.405
32880,-1.312394485,1.867880381, 4877,138.981,233.479,42.573,74.329
32940,-1.339237534,1.794961239, 4877,139.182,233.146,42.409,74.254
33000,-1.366080582,1.722042098, 4877,139.383,232.814,42.244,74.178
33060,-1.392923631,1.649122956, 4877,139.585,232.481,42.079,74.103
33120,-1.419766680,1.576203815, 4877,139.786,232.148,41.915,74.028
33180,-1.446609728,1.503284674, 4877,139.987,231.815,41.750,73.952
33240,-1.473452777,1.430365532, 4877,140.188,231.482,41.585,73.877
33300,-1.500295825,1.357446391, 4877,140.390,231.149,41.421,73.801
33360,-1.527138874,1.284527249, 4877,140.591,230.816,41.256,73.726
33420,-1.553981922,1.211608108, 4877,140.792,230.483,41.091,73.650
33480,-1.580824971,1.138688967, 4877,140.994,230.150,40.927,73.575
33540,-1.607668019,1.065769825, 4877,141.195,229.817,40.762,73.500
33600,-1.634511068,0.992850684, 4877,141.396,229.485,40.597,73.424
33660,-1.661354117,0.919931542, 4877,141.598,229.152,40.433,73.349
33720,-1.688197165,0.847012401, 4877,141.799,228.819,40.268,73.273
33780,-1.715040214,0.774093260, 4877,142.000,228.486,40.103,73.198
33840,-1.741883262,0.701174118, 4877,142.202,228.153,39.939,73.123
33900,-1.768726311,0.628254977, 4877,142.403,227.820,39.774,73.047
33960,-1.795569359,0.555335835, 4877,142.604,227.487,39.610,72.972
34020,-1.822412408,0.482416694, 4877,142.806,227.154,39.445,72.896
34080,-1.849255456,0.409497553, 4877,143.007,226.821,39.280,72.821
34140,-1.876098505,0.336578411, 4877,143.208,226.489,39.116,72.746
34200,-1.902941554,0.263659270, 4877,143.410,226.156,38.951,72.670
34260,-1.929784602,0.190740128, 4877,143.611,225.823,38.786,72.595
34320,-1.956627651,0.117820987, 4877,143.812,225.490,38.622,72.519
34380,-1.983470699,0.044901846, 4877,144.014,225.157,38.457,72.444
34440,-2.021117328,-0.021117328, 4877,144.138,224.003,38.292,72.335
34500,-2.076078286,-0.076078286, 4877,144.138,221.532,38.125,72.173
34560,-2.131039244,-0.131039244, 4877,144.138,219.062,37.959,72.010
34620,-2.186000202,-0.186000202, 4877,144.138,216.591,37.792,71.848
34680,-2.240961160,-0.240961160, 4877,144.138,214.120,37.626,71.685
34740,-2.295922118,-0.295922118, 4877,144.138,211.650,37.460,71.523
34800,-2.350883076,-0.350883076, 4877,144.138,209.179,37.293,71.360
34860,-2.405844034,-0.405844034, 4877,144.138,206.708,37.127,71.198
34920,-2.460804992,-0.460804992, 4877,144.138,204.238,36.961,71.035
34980,-2.515765950,-0.515765950, 4877,144.138,201.767,36.794,70.872
35040,-2.570726908,-0.570726908, 4877,144.138,199.297,36.628,70.710
35100,-2.625687867,-0.625687867, 4877,144.138,196.826,36.461,70.547
35160,-2.680648825,-0.680648825, 4877,144.138,194.355,36.295,70.385
35220,-2.735609783,-0.735609783, 4877,144.138,191.885,36.129,70.222
35280,-2.790570741,-0.790570741, 4877,144.138,189.414,35.962,70.060
35340,-2.845531699,-0.845531699, 4877,144.138,186.944,35.796,69.897
35400,-2.900492657,-0.900492657, 4877,144.138,184.473,35.629,69.735
35460,-2.955453615,-0.955453615, 4877,144.138,182.002,35.463,69.572
35520,-3.014721329,-1.000000000, 4877,144.138,180.589,35.295,69.372
35580,-3.092410384,-1.000000000, 4877,144.138,183.696,35.118,69.012
35640,-3.170099440,-1.000000000, 4877,144.138,186.804,34.941,68.652
35700,-3.247788495,-1.000000000, 4877,144.138,189.912,34.764,68.292
35760,-3.325477551,-1.000000000, 4877,144.138,193.019,34.587,67.932
35820,-3.403166607,-1.000000000, 4877,144.138,196.127,34.410,67.571
35880,-3.480855662,-1.000000000, 4877,144.138,199.234,34.233,67.211
35940,-3.558544718,-1.000000000, 4877,144.138,202.342,34.056,66.851
36000,-3.636233773,-1.000000000, 4877,144.138,205.449,33.879,66.491
36060,-3.713922829,-1.000000000, 4877,144.138,208.557,33.702,66.131
36120,-3.791611884,-1.000000000, 4877,144.138,211.664,33.525,65.770
36180,-3.869300940,-1.000000000, 4877,144.138,214.772,33.348,65.410
36240,-3.946989995,-1.000000000, 4877,144.138,217.880,33.172,65.050
36300,-4.024679051,-1.000000000, 4877,144.138,220.987,32.995,64.690
36360,-4.102368107,-1.000000000, 4877,144.138,224.095,32.818,64.330
36420,-4.180057162,-1.000000000, 4877,144.138,227.202,32.641,63.969
36480,-4.257746218,-1.000000000, 4877,144.138,230.310,32.464,63.609
36540,-4.335435273,-1.000000000, 4877,144.138,233.417,32.287,63.249
36600,-4.413124329,-1.000000000, 4877,144.138,236.525,32.110,62.889
36660,-4.490813384,-1.000000000, 4877,144.138,239.633,31.933,62.528
36720,-4.568502440,-1.000000000, 4877,144.138,242.740,31.756,62.168
36780,-4.646191495,-1.000000000, 4877,144.138,245.848,31.579,61.808
36840,-4.723880551,-1.000000000, 4877,144.138,248.955,31.402,61.448
36900,-4.801569606,-1.000000000, 4877,144.138,252.063,31.225,61.088
36960,-4.879258662,-1.000000000, 4877,144.138,255.170,31.048,60.727
37020,-4.956947718,-1.000000000, 4877,144.138,258.278,30.871,60.367
37080,-5.034636773,-1.000000000, 4877,144.138,261.385,30.694,60.007
37140,-5.112325829,-1.000000000, 4877,144.138,264.493,30.518,59.647
37200,-5.190014884,-1.000000000, 4877,144.138,267.601,30.341,59.287
37260,-5.267703940,-1.000000000, 4877,144.138,270.708,30.164,58.926
37320,-5.345392995,-1.000000000, 4877,144.138,273.816,29.987,58.566
37380,-5.423082051,-1.000000000, 4877,144.138,276.923,29.810,58.206
37440,-5.500771106,-1.000000000, 4877,144.138,280.031,29.633,57.846
37500,-5.578460162,-1.000000000, 4877,144.138,283.138,29.456,57.486
37560,-5.656149217,-1.000000000, 4877,144.138,286.246,29.279,57.125
37620,-5.733838273,-1.000000000, 4877,144.138,289.354,29.102,56.765
37680,-5.811527329,-1.000000000, 4877,144.138,292.461,28.925,56.405
37740,-5.889216384,-1.000000000, 4877,144.138,295.569,28.748,56.045
37800,-5.966905440,-1.000000000, 4877,144.138,298.676,28.571,55.685
37860,-6.044594495,-1.000000000, 4877,144.138,301.784,28.394,55.324
37920,-6.122283551,-1.000000000, 4877,144.138,304.891,28.217,54.964
37980,-6.199972606,-1.000000000, 4877,144.138,307.999,28.041,54.604
38040,-6.277661662,-1.000000000, 4877,144.138,311.106,27.864,54.244
38100,-6.355350717,-1.000000000, 4877,144.138,314.214,27.687,53.883
38160,-6.433039773,-1.000000000, 4877,144.138,317.322,27.510,53.523
38220,-6.510728829,-1.000000000, 4877,144.138,320.429,27.333,53.163
38280,-6.588417884,-1.000000000, 4877,144.138,323.537,27.156,52.803
38340,-6.666106940,-1.000000000, 4877,144.138,326.644,26.979,52.443
38400,-6.743795995,-1.000000000, 4877,144.138,329.752,26.802,52.082
38460,-6.821485051,-1.000000000, 4877,144.138,332.859,26.625,51.722
38520,-6.899174106,-1.000000000, 4877,144.138,335.967,26.448,51.362
38580,-6.976863162,-1.000000000, 4877,144.138,339.075,26.271,51.002
38640,-7.054552217,-1.000000000, 4877,144.138,342.182,26.094,50.642
38700,-7.132241273,-1.000000000, 4877,144.138,345.290,25.917,50.281
38760,-7.209930328,-1.000000000, 4877,144.138,348.397,25.740,49.921
38820,-7.287619384,-1.000000000, 4877,144.138,351.505,25.563,49.561
38880,-7.365308440,-1.000000000, 4877,144.138,354.612,25.387,49.201
38940,-7.442997495,-1.000000000, 4877,144.138,357.720,25.210,48.841
39000,-7.500000000,-1.000000000, 4797,143.578,344.677,25.031,48.470
39060,-7.500000000,-1.000000000, 4497,141.478,287.133,24.849,48.069
39120,-7.500000000,-1.000000000, 4197,139.378,229.588,24.667,47.669
39180,-7.500000000,-1.000000000, 3897,137.278,172.043,24.485,47.269
39240,-7.500000000,-1.000000000, 3597,135.178,114.498,24.302,46.868
39300,-7.500000000,-1.000000000, 3297,133.078,56.954,24.120,46.468
39360,-7.499274559,-1.000000000, 3000,131.000,0.041,23.938,46.067
39420,-7.428666568,-1.000000000, 3000,131.000,4.014,23.734,45.569
39480,-7.358058578,-1.000000000, 3000,131.000,7.988,23.530,45.072
39540,-7.287450587,-1.000000000, 3000,131.000,11.962,23.326,44.574
39600,-7.216842596,-1.000000000, 3000,131.000,15.936,23.123,44.077
39660,-7.146234605,-1.000000000, 3000,131.000,19.909,22.919,43.579
39720,-7.075626614,-1.000000000, 3000,131.000,23.883,22.715,43.081
39780,-7.005018623,-1.000000000, 3000,131.000,27.857,22.512,42.584
39840,-6.934410632,-1.000000000, 3000,131.000,31.830,22.308,42.086
39900,-6.863802641,-1.000000000, 3000,131.000,35.804,22.104,41.589
39960,-6.793194650,-1.000000000, 3000,131.000,39.778,21.900,41.091
40020,-6.722586659,-1.000000000, 3000,131.000,43.751,21.697,40.594
40080,-6.651978668,-1.000000000, 3000,131.000,47.725,21.493,40.096
40140,-6.581370677,-1.000000000, 3000,131.000,51.699,21.289,39.599
40200,-6.510762686,-1.000000000, 3000,131.000,55.672,21.085,39.101
40260,-6.440154695,-1.000000000, 3000,131.000,59.646,20.882,38.604
40320,-6.369546704,-1.000000000, 3000,131.000,63.620,20.678,38.106
40380,-6.298938714,-1.000000000, 3000,131.000,67.593,20.474,37.609
40440,-6.228330723,-1.000000000, 3000,131.000,71.567,20.271,37.111
40500,-6.157722732,-1.000000000, 3000,131.000,75.541,20.067,36.614
40560,-6.087114741,-1.000000000, 3000,131.000,79.514,19.863,36.116
40620,-6.016506750,-1.000000000, 3000,131.000,83.488,19.659,35.619
40680,-5.945898759,-1.000000000, 3000,131.000,87.462,19.456,35.121
40740,-5.875290768,-1.000000000, 3000,131.000,91.435,19.252,34.623
40800,-5.804682777,-1.000000000, 3000,131.000,95.409,19.048,34.126
40860,-5.734074786,-1.000000000, 3000,131.000,99.383,18.845,33.628
40920,-5.663466795,-1.000000000, 3000,131.000,103.356,18.641,33.131
40980,-5.592858804,-1.000000000, 3000,131.000,107.330,18.437,32.633
41040,-5.522250813,-1.000000000, 3000,131.000,111.304,18.233,32.136
41100,-5.451642822,-1.000000000, 3000,131.000,115.277,18.030,31.638
41160,-5.381034831,-1.000000000, 3000,131.000,119.251,17.826,31.141
41220,-5.310426840,-1.000000000, 3000,131.000,123.225,17.622,30.643
41280,-5.239818850,-1.000000000, 3000,131.000,127.198,17.419,30.146
41340,-5.169210859,-1.000000000, 3000,131.000,131.172,17.215,29.648
41400,-5.098602868,-1.000000000, 3000,131.000,135.146,17.011,29.151
41460,-5.027994877,-1.000000000, 3000,131.000,139.119,16.807,28.653
41520,-4.957386886,-1.000000000, 3000,131.000,143.093,16.604,28.156
41580,-4.886778895,-1.000000000, 3000,131.000,147.067,16.400,27.658
41640,-4.816170904,-1.000000000, 3000,131.000,151.040,16.196,27.161
41700,-4.745562913,-1.000000000, 3000,131.000,155.014,15.993,26.663
41760,-4.674954922,-1.000000000, 3000,131.000,158.988,15.789,26.166
41820,-4.604346931,-1.000000000, 3000,131.000,162.961,15.585,25.668
41880,-4.533738940,-1.000000000, 3000,131.000,166.935,15.381,25.170
41940,-4.463130949,-1.000000000, 3000,131.000,170.909,15.178,24.673
42000,-4.392522958,-1.000000000, 3000,131.000,174.882,14.974,24.175
42060,-4.321914967,-1.000000000, 3000,131.000,178.856,14.770,23.678
42120,-4.346497932,-1.000000000, 2947,130.630,177.622,14.725,32.348
42180,-4.409560031,-1.000000000, 2873,130.110,174.282,14.743,44.724
42240,-4.472622130,-1.000000000, 2799,129.590,170.942,14.761,57.100
42300,-4.535684229,-1.000000000, 2724,129.070,167.602,14.779,69.476
42360,-4.598746328,-1.000000000, 2650,128.551,164.263,14.797,81.851
42420,-4.661808426,-1.000000000, 2576,128.031,160.923,14.815,94.227
42480,-4.724870525,-1.000000000, 2502,127.511,157.583,14.834,106.603
42540,-4.787932624,-1.000000000, 2427,126.991,154.243,14.852,118.979
42600,-4.850994723,-1.000000000, 2353,126.471,150.904,14.870,131.355
42660,-4.914056821,-1.000000000, 2279,125.951,147.564,14.888,143.731
42720,-4.977118920,-1.000000000, 2205,125.432,144.224,14.906,156.107
42780,-5.040181019,-1.000000000, 2130,124.912,140.884,14.924,168.483
42840,-5.103243118,-1.000000000, 2056,124.392,137.544,14.943,180.859
42900,-5.166305216,-1.000000000, 1982,123.872,134.205,14.961,193.235
42960,-5.229367315,-1.000000000, 1907,123.352,130.865,14.979,205.610
