src/Components/missions/ORACLES/Plans/ORACLES-Flt-plan_p3_20170826_RA.ict
42, 1001
michaeldiamond
NASA Ames Research Center
Simulated flight plan
ORACLES-2017
1,1
2017,08,26,2017,08,26
60
Start_UTC, seconds from midnight UTC, time keeping
7
1,1,1,1,1,1,1
-9999,-9999,-9999,-9999,-9999,-9999,-9999
Latitude, Degrees (North positive), Planned latitude position of the aircraft
Longitude, Degrees (East positive), Planned longitude position of the aircraft
Altitude, meters (above sea level), Planned altitude of the aircraft
speed, meters per second (m/s), Estimated speed of aircraft
Bearing, degrees from north, Direction of travel of the plane per respect to north
SZA, degrees from zenith, Elevation position of the sun in the sky per respect to zenith
AZI, degrees from north, Azimuthal position of the sun in the sky per respect to north
1
Simulated aircraft data interpolated from flight plan waypoints
20
-----------------------------------------------------------------------------
PI_CONTACT_INFO: michaeldiamond
PLATFORM: p3
LOCATION: N/A
ASSOCIATED_DATA: N/A
INSTRUMENT_INFO: None
DATA_INFO: Compiled with flight planner: moving lines v1.2
UNCERTAINTY: Undefined
ULOD_FLAG: -7777
ULOD_VALUE: N/A
LLOD_FLAG: -8888
LLOD_VALUE: N/A
DM_CONTACT_INFO: Samuel LeBlanc, samuel.leblanc@nasa.gov
PROJECT_INFO: ORACLES-2017
STIPULATIONS_ON_USE: None
OTHER_COMMENTS: N/A
REVISION: RA
RA: First iteration of the flight plan
-----------------------------------------------------------------------------
Start_UTC,Latitude,Longitude,Altitude,speed,Bearing,SZA,AZI
28800,0.378006000,6.708200000,   95,150.000,253.491,54.313,77.563
28860,0.358224007,6.641465616,  345,148.908,254.355,54.139,77.518
28920,0.338442014,6.574731232,  595,147.816,255.219,53.965,77.473
28980,0.318660021,6.507996848,  846,146.725,256.083,53.791,77.428
29040,0.298878028,6.441262464, 1096,145.633,256.947,53.617,77.383
29100,0.279096035,6.374528080, 1346,144.541,257.811,53.443,77.338
29160,0.259314042,6.307793696, 1596,143.449,258.675,53.268,77.293
29220,0.239532049,6.241059312, 1847,142.358,259.539,53.094,77.249
29280,0.219750056,6.174324928, 2097,141.266,260.403,52.920,77.204
29340,0.199968063,6.107590544, 2347,140.174,261.267,52.746,77.159
29400,0.180186069,6.040856161, 2597,139.082,262.131,52.572,77.114
29460,0.160404076,5.974121777, 2848,137.990,262.995,52.398,77.069
29520,0.140622083,5.907387393, 3098,136.899,263.859,52.224,77.024
29580,0.120840090,5.840653009, 3348,135.807,264.723,52.050,76.979
29640,0.101058097,5.773918625, 3598,134.715,265.586,51.876,76.934
29700,0.081276104,5.707184241, 3849,133.623,266.450,51.701,76.889
29760,0.061494111,5.640449857, 4099,132.531,267.314,51.527,76.844
29820,0.041712118,5.573715473, 4349,131.440,268.178,51.353,76.799
29880,0.021930125,5.506981089, 4599,130.348,269.042,51.179,76.754
29940,0.002148132,5.440246705, 4850,129.256,269.906,51.005,76.709
30000,0.000000000,5.363747220, 4877,131.537,255.606,50.837,76.676
30060,0.000000000,5.286058165, 4877,134.228,239.458,50.670,76.643
30120,0.000000000,5.208369109, 4877,136.919,223.310,50.502,76.611
30180,0.000000000,5.130680054, 4877,139.611,207.162,50.335,76.578
30240,0.000000000,5.052990998, 4877,142.302,191.014,50.168,76.546
30300,-0.024698058,5.000000000, 4877,144.138,180.494,49.985,76.475
30360,-0.102387113,5.000000000, 4877,144.138,182.048,49.767,76.321
30420,-0.180076169,5.000000000, 4877,144.138,183.602,49.550,76.167
30480,-0.257765224,5.000000000, 4877,144.138,185.157,49.333,76.013
30540,-0.335454280,5.000000000, 4877,144.138,186.711,49.116,75.859
30600,-0.413143335,5.000000000, 4877,144.138,188.265,48.899,75.705
30660,-0.490832391,5.000000000, 4877,144.138,189.819,48.682,75.551
30720,-0.568521446,5.000000000, 4877,144.138,191.373,48.464,75.397
30780,-0.646210502,5.000000000, 4877,144.138,192.927,48.247,75.243
30840,-0.723899557,5.000000000, 4877,144.138,194.482,48.030,75.089
30900,-0.801588613,5.000000000, 4877,144.138,196.036,47.813,74.935
30960,-0.879277669,5.000000000, 4877,144.138,197.590,47.596,74.781
31020,-0.956966724,5.000000000, 4877,144.138,199.144,47.378,74.627
31080,-1.034655780,5.000000000, 4877,144.138,200.698,47.161,74.473
31140,-1.112344835,5.000000000, 4877,144.138,202.252,46.944,74.319
31200,-1.190033891,5.000000000, 4877,144.138,203.807,46.727,74.165
31260,-1.267722946,5.000000000, 4877,144.138,205.361,46.510,74.011
31320,-1.345412002,5.000000000, 4877,144.138,206.915,46.293,73.857
31380,-1.423101057,5.000000000, 4877,144.138,208.469,46.075,73.703
31440,-1.500790113,5.000000000, 4877,144.138,210.023,45.858,73.549
31500,-1.578479169,5.000000000, 4877,144.138,211.577,45.641,73.395
31560,-1.656168224,5.000000000, 4877,144.138,213.132,45.424,73.241
31620,-1.733857280,5.000000000, 4877,144.138,214.686,45.207,73.087
31680,-1.811546335,5.000000000, 4877,144.138,216.240,44.990,72.933
31740,-1.889235391,5.000000000, 4877,144.138,217.794,44.772,72.779
31800,-1.966924446,5.000000000, 4877,144.138,219.348,44.555,72.625
31860,-2.044613502,5.000000000, 4877,144.138,220.902,44.338,72.471
31920,-2.122302557,5.000000000, 4877,144.138,222.457,44.121,72.317
31980,-2.199991613,5.000000000, 4877,144.138,224.011,43.904,72.163
32040,-2.277680668,5.000000000, 4877,144.138,225.565,43.687,72.009
32100,-2.355369724,5.000000000, 4877,144.138,227.119,43.469,71.855
32160,-2.433058780,5.000000000, 4877,144.138,228.673,43.252,71.701
32220,-2.510747835,5.000000000, 4877,144.138,230.227,43.035,71.547
32280,-2.588436891,5.000000000, 4877,144.138,231.782,42.818,71.393
32340,-2.666125946,5.000000000, 4877,144.138,233.336,42.601,71.239
32400,-2.743815002,5.000000000, 4877,144.138,234.890,42.384,71.085
32460,-2.821504057,5.000000000, 4877,144.138,236.444,42.166,70.931
32520,-2.899193113,5.000000000, 4877,144.138,237.998,41.949,70.777
32580,-2.976882168,5.000000000, 4877,144.138,239.553,41.732,70.623
32640,-3.054571224,5.000000000, 4877,144.138,241.107,41.515,70.469
32700,-3.132260279,5.000000000, 4877,144.138,242.661,41.298,70.315
32760,-3.209949335,5.000000000, 4877,144.138,244.215,41.081,70.161
32820,-3.287638391,5.000000000, 4877,144.138,245.769,40.863,70.007
32880,-3.365327446,5.000000000, 4877,144.138,247.323,40.646,69.853
32940,-3.443016502,5.000000000, 4877,144.138,248.878,40.429,69.699
33000,-3.506874877,4.980750344, 4877,144.138,249.524,40.231,69.538
33060,-3.532670016,4.908523956, 4877,144.138,247.673,40.087,69.356
33120,-3.558465154,4.836297568, 4877,144.138,245.822,39.943,69.174
33180,-3.584260293,4.764071181, 4877,144.138,243.970,39.799,68.991
33240,-3.610055431,4.691844793, 4877,144.138,242.119,39.655,68.809
33300,-3.635850570,4.619618405, 4877,144.138,240.268,39.511,68.627
33360,-3.661645708,4.547392017, 4877,144.138,238.417,39.367,68.445
33420,-3.687440847,4.475165630, 4877,144.138,236.565,39.223,68.263
33480,-3.713235985,4.402939242, 4877,144.138,234.714,39.079,68.081
33540,-3.739031124,4.330712854, 4877,144.138,232.863,38.935,67.899
33600,-3.764826262,4.258486466, 4877,144.138,231.011,38.791,67.717
33660,-3.790621401,4.186260079, 4877,144.138,229.160,38.647,67.535
33720,-3.816416539,4.114033691, 4877,144.138,227.309,38.503,67.353
33780,-3.842211677,4.041807303, 4877,144.138,225.458,38.359,67.171
33840,-3.868006816,3.969580915, 4877,144.138,223.606,38.215,66.989
33900,-3.893801954,3.897354528, 4877,144.138,221.755,38.071,66.807
33960,-3.919597093,3.825128140, 4877,144.138,219.904,37.927,66.625
34020,-3.945392231,3.752901752, 4877,144.138,218.053,37.783,66.443
34080,-3.971187370,3.680675364, 4877,144.138,216.201,37.639,66.261
34140,-3.996982508,3.608448976, 4877,144.138,214.350,37.495,66.079
34200,-4.022777647,3.536222589, 4877,144.138,212.499,37.351,65.897
34260,-4.048572785,3.463996201, 4877,144.138,210.648,37.207,65.714
34320,-4.074367924,3.391769813, 4877,144.138,208.796,37.063,65.532
34380,-4.100163062,3.319543425, 4877,144.138,206.945,36.919,65.350
34440,-4.125958201,3.247317038, 4877,144.138,205.094,36.775,65.168
34500,-4.151753339,3.175090650, 4877,144.138,203.243,36.631,64.986
34560,-4.177548478,3.102864262, 4877,144.138,201.391,36.487,64.804
34620,-4.203343616,3.030637874, 4877,144.138,199.540,36.343,64.622
34680,-4.229138755,2.958411487, 4877,144.138,197.689,36.199,64.440
34740,-4.254933893,2.886185099, 4877,144.138,195.838,36.055,64.258
34800,-4.280729032,2.813958711, 4877,144.138,193.986,35.911,64.076
34860,-4.306524170,2.741732323, 4877,144.138,192.135,35.767,63.894
34920,-4.332319309,2.669505936, 4877,144.138,190.284,35.623,63.712
34980,-4.358114447,2.597279548, 4877,144.138,188.433,35.479,63.530
35040,-4.383909586,2.525053160, 4877,144.138,186.581,35.334,63.348
35100,-4.409704724,2.452826772, 4877,144.138,184.730,35.190,63.166
35160,-4.435499863,2.380600385, 4877,144.138,182.879,35.046,62.984
35220,-4.461295001,2.308373997, 4877,144.138,181.027,34.902,62.802
35280,-4.487090140,2.236147609, 4877,144.138,179.176,34.758,62.619
35340,-4.512885278,2.163921221, 4877,144.138,177.325,34.614,62.437
35400,-4.538680417,2.091694834, 4877,144.138,175.474,34.470,62.255
35460,-4.564475555,2.019468446, 4877,144.138,173.622,34.326,62.073
35520,-4.590270694,1.947242058, 4877,144.138,171.771,34.182,61.891
35580,-4.616065832,1.875015670, 4877,144.138,169.920,34.038,61.709
35640,-4.641860971,1.802789283, 4877,144.138,168.069,33.894,61.527
35700,-4.667656109,1.730562895, 4877,144.138,166.217,33.750,61.345
35760,-4.693451247,1.658336507, 4877,144.138,164.366,33.606,61.163
35820,-4.719246386,1.586110119, 4877,144.138,162.515,33.462,60.981
35880,-4.745041524,1.513883732, 4877,144.138,160.664,33.318,60.799
35940,-4.770836663,1.441657344, 4877,144.138,158.812,33.174,60.617
36000,-4.796631801,1.369430956, 4877,144.138,156.961,33.030,60.435
36060,-4.822426940,1.297204568, 4877,144.138,155.110,32.886,60.253
36120,-4.848222078,1.224978180, 4877,144.138,153.259,32.742,60.071
36180,-4.874017217,1.152751793, 4877,144.138,151.407,32.598,59.889
36240,-4.899812355,1.080525405, 4877,144.138,149.556,32.454,59.707
36300,-4.925607494,1.008299017, 4877,144.138,147.705,32.310,59.524
36360,-4.951402632,0.936072629, 4877,144.138,145.854,32.166,59.342
36420,-4.977197771,0.863846242, 4877,144.138,144.002,32.022,59.160
36480,-5.002992909,0.791619854, 4877,144.138,142.151,31.878,58.978
36540,-5.028788048,0.719393466, 4877,144.138,140.300,31.734,58.796
36600,-5.054583186,0.647167078, 4877,144.138,138.448,31.590,58.614
36660,-5.080378325,0.574940691, 4877,144.138,136.597,31.446,58.432
36720,-5.106173463,0.502714303, 4877,144.138,134.746,31.302,58.250
36780,-5.131968602,0.430487915, 4877,144.138,132.895,31.158,58.068
36840,-5.157763740,0.358261527, 4877,144.138,131.043,31.014,57.886
36900,-5.183558879,0.286035140, 4877,144.138,129.192,30.870,57.704
36960,-5.209354017,0.213808752, 4877,144.138,127.341,30.726,57.522
37020,-5.235149156,0.141582364, 4877,144.138,125.490,30.582,57.340
37080,-5.260944294,0.069355976, 4877,144.138,123.638,30.438,57.158
37140,-5.286739433,-0.002870411, 4877,144.138,121.787,30.293,56.976
37200,-5.312534571,-0.075096799, 4877,144.138,119.936,30.149,56.794
37260,-5.338329710,-0.147323187, 4877,144.138,118.085,30.005,56.612
37320,-5.364124848,-0.219549575, 4877,144.138,116.233,29.861,56.429
37380,-5.389919987,-0.291775962, 4877,144.138,114.382,29.717,56.247
37440,-5.415715125,-0.364002350, 4877,144.138,112.531,29.573,56.065
37500,-5.441510264,-0.436228738, 4877,144.138,110.680,29.429,55.883
37560,-5.467305402,-0.508455126, 4877,144.138,108.828,29.285,55.701
37620,-5.493100541,-0.580681513, 4877,144.138,106.977,29.141,55.519
37680,-5.518895679,-0.652907901, 4877,144.138,105.126,28.997,55.337
37740,-5.544690817,-0.725134289, 4877,144.138,103.275,28.853,55.155
37800,-5.570485956,-0.797360677, 4877,144.138,101.423,28.709,54.973
37860,-5.596281094,-0.869587064, 4877,144.138,99.572,28.565,54.791
37920,-5.622076233,-0.941813452, 4877,144.138,97.721,28.421,54.609
37980,-5.647871371,-1.014039840, 4877,144.138,95.869,28.277,54.427
38040,-5.673666510,-1.086266228, 4877,144.138,94.018,28.133,54.245
38100,-5.699461648,-1.158492615, 4877,144.138,92.167,27.989,54.063
38160,-5.725256787,-1.230719003, 4877,144.138,90.316,27.845,53.881
38220,-5.751051925,-1.302945391, 4877,144.138,88.464,27.701,53.699
38280,-5.776847064,-1.375171779, 4877,144.138,86.613,27.557,53.517
38340,-5.802642202,-1.447398167, 4877,144.138,84.762,27.413,53.334
38400,-5.828437341,-1.519624554, 4877,144.138,82.911,27.269,53.152
38460,-5.854232479,-1.591850942, 4877,144.138,81.059,27.125,52.970
38520,-5.880027618,-1.664077330, 4877,144.138,79.208,26.981,52.788
38580,-5.905822756,-1.736303718, 4877,144.138,77.357,26.837,52.606
38640,-5.931617895,-1.808530105, 4877,144.138,75.506,26.693,52.424
38700,-5.957413033,-1.880756493, 4877,144.138,73.654,26.549,52.242
38760,-5.983208172,-1.952982881, 4877,144.138,71.803,26.405,52.060
38820,-5.991083225,-1.975033030, 4877,144.138,71.630,26.279,52.906
38880,-5.965536016,-1.903500844, 4877,144.138,74.588,26.188,55.669
38940,-5.939988806,-1.831968658, 4877,144.138,77.545,26.096,58.432
39000,-5.914441597,-1.760436472, 4877,144.138,80.502,26.005,61.195
39060,-5.888894388,-1.688904286, 4877,144.138,83.460,25.914,63.958
39120,-5.863347179,-1.617372100, 4877,144.138,86.417,25.822,66.721
39180,-5.837799969,-1.545839915, 4877,144.138,89.374,25.731,69.484
39240,-5.812252760,-1.474307729, 4877,144.138,92.332,25.640,72.247
39300,-5.786705551,-1.402775543, 4877,144.138,95.289,25.548,75.011
39360,-5.761158342,-1.331243357, 4877,144.138,98.246,25.457,77.774
39420,-5.735611133,-1.259711171, 4877,144.138,101.204,25.366,80.537
39480,-5.710063923,-1.188178985, 4877,144.138,104.161,25.274,83.300
39540,-5.684516714,-1.116646799, 4877,144.138,107.119,25.183,86.063
39600,-5.658969505,-1.045114614, 4877,144.138,110.076,25.092,88.826
39660,-5.633422296,-0.973582428, 4877,144.138,113.033,25.000,91.589
39720,-5.607875086,-0.902050242, 4877,144.138,115.991,24.909,94.352
39780,-5.582327877,-0.830518056, 4877,144.138,118.948,24.818,97.115
39840,-5.556780668,-0.758985870, 4877,144.138,121.905,24.727,99.878
39900,-5.531233459,-0.687453684, 4877,144.138,124.863,24.635,102.641
39960,-5.505686249,-0.615921499, 4877,144.138,127.820,24.544,105.404
40020,-5.480139040,-0.544389313, 4877,144.138,130.778,24.453,108.167
40080,-5.454591831,-0.472857127, 4877,144.138,133.735,24.361,110.930
40140,-5.429044622,-0.401324941, 4877,144.138,136.692,24.270,113.694
40200,-5.403497413,-0.329792755, 4877,144.138,139.650,24.179,116.457
40260,-5.377950203,-0.258260569, 4877,144.138,142.607,24.087,119.220
40320,-5.352402994,-0.186728383, 4877,144.138,145.564,23.996,121.983
40380,-5.326855785,-0.115196198, 4877,144.138,148.522,23.905,124.746
40440,-5.301308576,-0.043664012, 4877,144.138,151.479,23.813,127.509
40500,-5.275761366,0.027868174, 4877,144.138,154.436,23.722,130.272
40560,-5.250214157,0.099400360, 4877,144.138,157.394,23.631,133.035
40620,-5.224666948,0.170932546, 4877,144.138,160.351,23.539,135.798
40680,-5.199119739,0.242464732, 4877,144.138,163.309,23.448,138.561
40740,-5.173572529,0.313996917, 4877,144.138,166.266,23.357,141.324
40800,-5.148025320,0.385529103, 4877,144.138,169.223,23.265,144.087
40860,-5.122478111,0.457061289, 4877,144.138,172.181,23.174,146.850
40920,-5.096930902,0.528593475, 4877,144.138,175.138,23.083,149.614
40980,-5.071383693,0.600125661, 4877,144.138,178.095,22.991,152.377
41040,-5.045836483,0.671657847, 4877,144.138,181.053,22.900,155.140
41100,-5.020289274,0.743190032, 4877,144.138,184.010,22.809,157.903
41160,-4.994742065,0.814722218, 4877,144.138,186.967,22.717,160.666
41220,-4.969194856,0.886254404, 4877,144.138,189.925,22.626,163.429
41280,-4.943647646,0.957786590, 4877,144.138,192.882,22.535,166.192
41340,-4.918100437,1.029318776, 4877,144.138,195.840,22.443,168.955
41400,-4.892553228,1.100850962, 4877,144.138,198.797,22.352,171.718
41460,-4.867006019,1.172383148, 4877,144.138,201.754,22.261,174.481
41520,-4.841458809,1.243915333, 4877,144.138,204.712,22.169,177.244
41580,-4.815911600,1.315447519, 4877,144.138,207.669,22.078,180.007
41640,-4.790364391,1.386979705, 4877,144.138,210.626,21.987,182.770
41700,-4.764817182,1.458511891, 4877,144.138,213.584,21.895,185.533
41760,-4.739269973,1.530044077, 4877,144.138,216.541,21.804,188.297
41820,-4.713722763,1.601576263, 4877,144.138,219.498,21.713,191.060
41880,-4.688175554,1.673108448, 4877,144.138,222.456,21.621,193.823
41940,-4.662628345,1.744640634, 4877,144.138,225.413,21.530,196.586
42000,-4.637081136,1.816172820, 4877,144.138,228.371,21.439,199.349
42060,-4.611533926,1.887705006, 4877,144.138,231.328,21.347,202.112
42120,-4.585986717,1.959237192, 4877,144.138,234.285,21.256,204.875
42180,-4.560439508,2.030769378, 4877,144.138,237.243,21.165,207.638
42240,-4.534892299,2.102301564, 4877,144.138,240.200,21.073,210.401
42300,-4.509345090,2.173833749, 4877,144.138,243.157,20.982,213.164
42360,-4.483797880,2.245365935, 4877,144.138,246.115,20.891,215.927
42420,-4.458250671,2.316898121, 4877,144.138,249.072,20.799,218.690
42480,-4.432703462,2.388430307, 4877,144.138,252.030,20.708,221.453
42540,-4.407156253,2.459962493, 4877,144.138,254.987,20.617,224.216
42600,-4.381609043,2.531494679, 4877,144.138,257.944,20.525,226.980
42660,-4.356061834,2.603026864, 4877,144.138,260.902,20.434,229.743
42720,-4.330514625,2.674559050, 4877,144.138,263.859,20.343,232.506
42780,-4.304967416,2.746091236, 4877,144.138,266.816,20.251,235.269
42840,-4.279420206,2.817623422, 4877,144.138,269.774,20.160,238.032
42900,-4.253872997,2.889155608, 4877,144.138,272.731,20.069,240.795
42960,-4.228325788,2.960687794, 4877,144.138,275.688,19.977,243.558
