src/Components/missions/ORACLES/Plans/ORACLES-Flt-plan_er2_20160920_ABlegs.ict
42, 1001
Samuel LeBlanc
NASA Ames Research Center
Simulated flight plan
ORACLES
1,1
2016,09,20,2016,09,20
60
Start_UTC, seconds from midnight UTC, time keeping
7
1,1,1,1,1,1,1
-9999,-9999,-9999,-9999,-9999,-9999,-9999
Latitude, Degrees (North positive), Planned latitude position of the aircraft
Longitude, Degrees (East positive), Planned longitude position of the aircraft
Altitude, meters (above sea level), Planned altitude of the aircraft
speed, meters per second (m/s), Estimated speed of aircraft
Bearing, degrees from north, Direction of travel of the plane per respect to north
SZA, degrees from zenith, Elevation position of the sun in the sky per respect to zenith
AZI, degrees from north, Azimuthal position of the sun in the sky per respect to north
1
Simulated aircraft data interpolated from flight plan waypoints
20
-----------------------------------------------------------------------------
PI_CONTACT_INFO: Samuel LeBlanc, samuel.leblanc@nasa.gov
PLATFORM: er2
LOCATION: N/A
ASSOCIATED_DATA: N/A
INSTRUMENT_INFO: None
DATA_INFO: Compiled with flight planner: moving lines v1.07
UNCERTAINTY: Undefined
ULOD_FLAG: -7777
ULOD_VALUE: N/A
LLOD_FLAG: -8888
LLOD_VALUE: N/A
DM_CONTACT_INFO: See PI
PROJECT_INFO: ORACLES
STIPULATIONS_ON_USE: None
OTHER_COMMENTS: N/A
REVISION: RA
RA: First iteration of the flight plan
-----------------------------------------------------------------------------
Start_UTC,Latitude,Longitude,Altitude,speed,Bearing,SZA,AZI
25200,-22.979716667,14.645283333,   95,150.000,268.911,61.785,75.727
25260,-22.980566972,14.576310748,  888,152.301,269.918,61.625,75.630
25320,-22.981417278,14.507338163, 1680,154.603,270.925,61.465,75.534
25380,-22.982267584,14.438365578, 2473,156.904,271.932,61.304,75.437
25440,-22.983117890,14.369392993, 3265,159.206,272.939,61.144,75.341
25500,-22.983968196,14.300420408, 4058,161.507,273.946,60.983,75.244
25560,-22.984818501,14.231447823, 4850,163.809,274.952,60.823,75.147
25620,-22.985668807,14.162475238, 5643,166.110,275.959,60.663,75.051
25680,-22.986519113,14.093502653, 6435,168.412,276.966,60.502,74.954
25740,-22.987369419,14.024530068, 7228,170.713,277.973,60.342,74.857
25800,-22.988219725,13.955557482, 8020,173.015,278.980,60.181,74.761
25860,-22.989070030,13.886584897, 8813,175.316,279.987,60.021,74.664
25920,-22.989920336,13.817612312, 9605,177.618,280.993,59.861,74.567
25980,-22.990770642,13.748639727,10398,179.919,282.000,59.700,74.471
26040,-22.991620948,13.679667142,11190,182.221,283.007,59.540,74.374
26100,-22.992471253,13.610694557,11983,184.522,284.014,59.379,74.277
26160,-22.993321559,13.541721972,12775,186.824,285.021,59.219,74.181
26220,-22.994171865,13.472749387,13568,189.125,286.028,59.059,74.084
26280,-22.995022171,13.403776802,14360,191.427,287.034,58.898,73.987
26340,-22.995872477,13.334804217,15153,193.728,288.041,58.738,73.891
26400,-22.996722782,13.265831632,15945,196.030,289.048,58.578,73.794
26460,-22.997573088,13.196859047,16738,198.331,290.055,58.417,73.698
26520,-22.998423394,13.127886461,17531,200.633,291.062,58.257,73.601
26580,-22.999273700,13.058913876,18323,202.934,292.069,58.096,73.504
26640,-22.993700191,12.984250477,19000,204.900,293.227,57.939,73.414
26700,-22.950502387,12.876255968,19000,204.900,295.275,57.801,73.362
26760,-22.907304583,12.768261458,19000,204.900,297.322,57.663,73.309
26820,-22.864106780,12.660266949,19000,204.900,299.370,57.525,73.257
26880,-22.820908976,12.552272439,19000,204.900,301.417,57.387,73.204
26940,-22.777711172,12.444277930,19000,204.900,303.465,57.248,73.152
27000,-22.734513368,12.336283421,19000,204.900,305.512,57.110,73.099
27060,-22.691315564,12.228288911,19000,204.900,307.560,56.972,73.047
27120,-22.648117761,12.120294402,19000,204.900,309.607,56.834,72.994
27180,-22.604919957,12.012299892,19000,204.900,311.655,56.696,72.942
27240,-22.561722153,11.904305383,19000,204.900,313.702,56.558,72.889
27300,-22.518524349,11.796310874,19000,204.900,315.750,56.419,72.837
27360,-22.475326546,11.688316364,19000,204.900,317.797,56.281,72.785
27420,-22.432128742,11.580321855,19000,204.900,319.845,56.143,72.732
27480,-22.388930938,11.472327345,19000,204.900,321.892,56.005,72.680
27540,-22.345733134,11.364332836,19000,204.900,323.940,55.867,72.627
27600,-22.302535331,11.256338326,19000,204.900,325.987,55.729,72.575
27660,-22.259337527,11.148343817,19000,204.900,328.035,55.590,72.522
27720,-22.216139723,11.040349308,19000,204.900,330.082,55.452,72.470
27780,-22.172941919,10.932354798,19000,204.900,332.130,55.314,72.417
27840,-22.129744116,10.824360289,19000,204.900,334.177,55.176,72.365
27900,-22.086546312,10.716365779,19000,204.900,336.225,55.038,72.313
27960,-22.043348508,10.608371270,19000,204.900,338.272,54.900,72.260
28020,-22.000150704,10.500376761,19000,204.900,340.320,54.761,72.208
28080,-21.896883398,10.461331274,19000,204.900,340.834,54.541,72.164
28140,-21.793405793,10.422527172,19000,204.900,341.343,54.320,72.120
28200,-21.689928189,10.383723071,19000,204.900,341.852,54.098,72.077
28260,-21.586450584,10.344918969,19000,204.900,342.361,53.877,72.033
28320,-21.482972979,10.306114867,19000,204.900,342.870,53.656,71.989
28380,-21.379495375,10.267310766,19000,204.900,343.379,53.435,71.946
28440,-21.276017770,10.228506664,19000,204.900,343.888,53.214,71.902
28500,-21.172540165,10.189702562,19000,204.900,344.397,52.993,71.858
28560,-21.069062561,10.150898460,19000,204.900,344.906,52.772,71.815
28620,-20.965584956,10.112094359,19000,204.900,345.414,52.551,71.771
28680,-20.862107352,10.073290257,19000,204.900,345.923,52.330,71.728
28740,-20.758629747,10.034486155,19000,204.900,346.432,52.109,71.684
28800,-20.655152142,9.995682053,19000,204.900,346.941,51.887,71.640
28860,-20.551674538,9.956877952,19000,204.900,347.450,51.666,71.597
28920,-20.448196933,9.918073850,19000,204.900,347.959,51.445,71.553
28980,-20.344719328,9.879269748,19000,204.900,348.468,51.224,71.509
29040,-20.241241724,9.840465646,19000,204.900,348.977,51.003,71.466
29100,-20.137764119,9.801661545,19000,204.900,349.486,50.782,71.422
29160,-20.034286515,9.762857443,19000,204.900,349.995,50.561,71.378
29220,-19.930808910,9.724053341,19000,204.900,350.504,50.340,71.335
29280,-19.827331305,9.685249239,19000,204.900,351.013,50.119,71.291
29340,-19.723853701,9.646445138,19000,204.900,351.522,49.898,71.248
29400,-19.620376096,9.607641036,19000,204.900,352.031,49.676,71.204
29460,-19.516898491,9.568836934,19000,204.900,352.539,49.455,71.160
29520,-19.413420887,9.530032833,19000,204.900,353.048,49.234,71.117
29580,-19.309943282,9.491228731,19000,204.900,353.557,49.013,71.073
29640,-19.206465678,9.452424629,19000,204.900,354.066,48.792,71.029
29700,-19.102988073,9.413620527,19000,204.900,354.575,48.571,70.986
29760,-18.999510468,9.374816426,19000,204.900,355.084,48.350,70.942
29820,-18.896032864,9.336012324,19000,204.900,355.593,48.129,70.898
29880,-18.792555259,9.297208222,19000,204.900,356.102,47.908,70.855
29940,-18.689077654,9.258404120,19000,204.900,356.611,47.687,70.811
30000,-18.585600050,9.219600019,19000,204.900,357.120,47.465,70.767
30060,-18.482122445,9.180795917,19000,204.900,357.629,47.244,70.724
30120,-18.378644841,9.141991815,19000,204.900,358.138,47.023,70.680
30180,-18.275167236,9.103187713,19000,204.900,358.647,46.802,70.637
30240,-18.171689631,9.064383612,19000,204.900,359.156,46.581,70.593
30300,-18.068212027,9.025579510,19000,204.900,359.665,46.360,70.549
30360,-17.963896222,9.000000000,19000,204.900,358.375,46.125,70.503
30420,-17.857959140,9.000000000,19000,204.900,353.608,45.863,70.451
30480,-17.752022057,9.000000000,19000,204.900,348.841,45.600,70.400
30540,-17.646084974,9.000000000,19000,204.900,344.074,45.338,70.348
30600,-17.540147892,9.000000000,19000,204.900,339.307,45.076,70.296
30660,-17.434210809,9.000000000,19000,204.900,334.539,44.814,70.245
30720,-17.328273726,9.000000000,19000,204.900,329.772,44.551,70.193
30780,-17.222336644,9.000000000,19000,204.900,325.005,44.289,70.141
30840,-17.116399561,9.000000000,19000,204.900,320.238,44.027,70.090
30900,-17.010462479,9.000000000,19000,204.900,315.471,43.765,70.038
30960,-16.904525396,9.000000000,19000,204.900,310.704,43.503,69.987
31020,-16.798588313,9.000000000,19000,204.900,305.936,43.240,69.935
31080,-16.692651231,9.000000000,19000,204.900,301.169,42.978,69.883
31140,-16.586714148,9.000000000,19000,204.900,296.402,42.716,69.832
31200,-16.480777066,9.000000000,19000,204.900,291.635,42.454,69.780
31260,-16.374839983,9.000000000,19000,204.900,286.868,42.191,69.728
31320,-16.268902900,9.000000000,19000,204.900,282.101,41.929,69.677
31380,-16.162965818,9.000000000,19000,204.900,277.333,41.667,69.625
31440,-16.057028735,9.000000000,19000,204.900,272.566,41.405,69.573
31500,-15.951091652,9.000000000,19000,204.900,267.799,41.142,69.522
31560,-15.845154570,9.000000000,19000,204.900,263.032,40.880,69.470
31620,-15.739217487,9.000000000,19000,204.900,258.265,40.618,69.419
31680,-15.633280405,9.000000000,19000,204.900,253.498,40.356,69.367
31740,-15.527343322,9.000000000,19000,204.900,248.730,40.094,69.315
31800,-15.421406239,9.000000000,19000,204.900,243.963,39.831,69.264
31860,-15.315469157,9.000000000,19000,204.900,239.196,39.569,69.212
31920,-15.209532074,9.000000000,19000,204.900,234.429,39.307,69.160
31980,-15.103594992,9.000000000,19000,204.900,229.662,39.045,69.109
32040,-14.997657909,9.000000000,19000,204.900,224.895,38.782,69.057
32100,-14.891720826,9.000000000,19000,204.900,220.127,38.520,69.006
32160,-14.785783744,9.000000000,19000,204.900,215.360,38.258,68.954
32220,-14.679846661,9.000000000,19000,204.900,210.593,37.996,68.902
32280,-14.573909578,9.000000000,19000,204.900,205.826,37.733,68.851
32340,-14.467972496,9.000000000,19000,204.900,201.059,37.471,68.799
32400,-14.362035413,9.000000000,19000,204.900,196.292,37.209,68.747
32460,-14.256098331,9.000000000,19000,204.900,191.524,36.947,68.696
32520,-14.150161248,9.000000000,19000,204.900,186.757,36.684,68.644
32580,-14.044224165,9.000000000,19000,204.900,181.990,36.422,68.592
32640,-14.063000618,9.000000000,19000,204.900,181.414,36.219,68.344
32700,-14.171148182,9.000000000,19000,204.900,183.841,36.059,67.956
32760,-14.279295745,9.000000000,19000,204.900,186.268,35.898,67.567
32820,-14.387443309,9.000000000,19000,204.900,188.695,35.738,67.178
32880,-14.495590873,9.000000000,19000,204.900,191.122,35.577,66.789
32940,-14.603738436,9.000000000,19000,204.900,193.549,35.417,66.400
33000,-14.711886000,9.000000000,19000,204.900,195.976,35.256,66.011
33060,-14.820033564,9.000000000,19000,204.900,198.403,35.096,65.622
33120,-14.928181128,9.000000000,19000,204.900,200.830,34.935,65.233
33180,-15.036328691,9.000000000,19000,204.900,203.257,34.775,64.845
33240,-15.144476255,9.000000000,19000,204.900,205.684,34.614,64.456
33300,-15.252623819,9.000000000,19000,204.900,208.111,34.454,64.067
33360,-15.360771383,9.000000000,19000,204.900,210.539,34.293,63.678
33420,-15.468918946,9.000000000,19000,204.900,212.966,34.133,63.289
33480,-15.577066510,9.000000000,19000,204.900,215.393,33.972,62.900
33540,-15.685214074,9.000000000,19000,204.900,217.820,33.812,62.511
33600,-15.793361637,9.000000000,19000,204.900,220.247,33.651,62.123
33660,-15.901509201,9.000000000,19000,204.900,222.674,33.491,61.734
33720,-16.009656765,9.000000000,19000,204.900,225.101,33.330,61.345
33780,-16.117804329,9.000000000,19000,204.900,227.528,33.170,60.956
33840,-16.225951892,9.000000000,19000,204.900,229.955,33.009,60.567
33900,-16.334099456,9.000000000,19000,204.900,232.382,32.849,60.178
33960,-16.442247020,9.000000000,19000,204.900,234.809,32.688,59.789
34020,-16.550394584,9.000000000,19000,204.900,237.236,32.528,59.401
34080,-16.658542147,9.000000000,19000,204.900,239.663,32.367,59.012
34140,-16.766689711,9.000000000,19000,204.900,242.090,32.207,58.623
34200,-16.874837275,9.000000000,19000,204.900,244.517,32.046,58.234
34260,-16.982984838,9.000000000,19000,204.900,246.944,31.886,57.845
34320,-17.091132402,9.000000000,19000,204.900,249.371,31.725,57.456
34380,-17.199279966,9.000000000,19000,204.900,251.798,31.565,57.067
34440,-17.307427530,9.000000000,19000,204.900,254.225,31.404,56.679
34500,-17.415575093,9.000000000,19000,204.900,256.653,31.244,56.290
34560,-17.523722657,9.000000000,19000,204.900,259.080,31.083,55.901
34620,-17.631870221,9.000000000,19000,204.900,261.507,30.923,55.512
34680,-17.740017785,9.000000000,19000,204.900,263.934,30.762,55.123
34740,-17.848165348,9.000000000,19000,204.900,266.361,30.601,54.734
34800,-17.956312912,9.000000000,19000,204.900,268.788,30.441,54.345
34860,-18.000000000,8.934667872,19000,204.900,273.698,30.313,54.078
34920,-18.000000000,8.825057907,19000,204.900,280.292,30.206,53.894
34980,-18.000000000,8.715447942,19000,204.900,286.885,30.099,53.710
35040,-18.000000000,8.605837977,19000,204.900,293.479,29.992,53.525
35100,-18.000000000,8.496228012,19000,204.900,300.072,29.886,53.341
35160,-18.000000000,8.386618047,19000,204.900,306.666,29.779,53.156
35220,-18.000000000,8.277008082,19000,204.900,313.259,29.672,52.972
35280,-18.000000000,8.167398117,19000,204.900,319.853,29.566,52.787
35340,-18.000000000,8.057788152,19000,204.900,326.447,29.459,52.603
35400,-18.000000000,7.948178187,19000,204.900,333.040,29.352,52.419
35460,-18.000000000,7.838568222,19000,204.900,339.634,29.245,52.234
35520,-18.000000000,7.728958257,19000,204.900,346.227,29.139,52.050
35580,-18.000000000,7.619348292,19000,204.900,352.821,29.032,51.865
35640,-18.000000000,7.509738327,19000,204.900,359.414,28.925,51.681
35700,-17.903474926,7.500000000,19000,204.900,355.656,28.690,51.423
35760,-17.797537844,7.500000000,19000,204.900,350.889,28.442,51.158
35820,-17.691600761,7.500000000,19000,204.900,346.122,28.194,50.893
35880,-17.585663679,7.500000000,19000,204.900,341.355,27.946,50.629
35940,-17.479726596,7.500000000,19000,204.900,336.588,27.698,50.364
36000,-17.373789513,7.500000000,19000,204.900,331.821,27.450,50.099
36060,-17.267852431,7.500000000,19000,204.900,327.053,27.201,49.834
36120,-17.161915348,7.500000000,19000,204.900,322.286,26.953,49.569
36180,-17.055978265,7.500000000,19000,204.900,317.519,26.705,49.304
36240,-16.950041183,7.500000000,19000,204.900,312.752,26.457,49.039
36300,-16.844104100,7.500000000,19000,204.900,307.985,26.209,48.774
36360,-16.738167018,7.500000000,19000,204.900,303.218,25.961,48.510
36420,-16.632229935,7.500000000,19000,204.900,298.450,25.713,48.245
36480,-16.526292852,7.500000000,19000,204.900,293.683,25.465,47.980
36540,-16.420355770,7.500000000,19000,204.900,288.916,25.217,47.715
36600,-16.314418687,7.500000000,19000,204.900,284.149,24.969,47.450
36660,-16.208481605,7.500000000,19000,204.900,279.382,24.721,47.185
36720,-16.102544522,7.500000000,19000,204.900,274.615,24.473,46.920
36780,-15.996607439,7.500000000,19000,204.900,269.847,24.225,46.655
36840,-15.890670357,7.500000000,19000,204.900,265.080,23.977,46.390
36900,-15.784733274,7.500000000,19000,204.900,260.313,23.729,46.126
36960,-15.678796191,7.500000000,19000,204.900,255.546,23.481,45.861
37020,-15.572859109,7.500000000,19000,204.900,250.779,23.233,45.596
37080,-15.466922026,7.500000000,19000,204.900,246.011,22.985,45.331
37140,-15.360984944,7.500000000,19000,204.900,241.244,22.737,45.066
37200,-15.255047861,7.500000000,19000,204.900,236.477,22.488,44.801
37260,-15.149110778,7.500000000,19000,204.900,231.710,22.240,44.536
37320,-15.043173696,7.500000000,19000,204.900,226.943,21.992,44.271
37380,-14.937236613,7.500000000,19000,204.900,222.176,21.744,44.006
37440,-14.831299531,7.500000000,19000,204.900,217.408,21.496,43.742
37500,-14.725362448,7.500000000,19000,204.900,212.641,21.248,43.477
37560,-14.619425365,7.500000000,19000,204.900,207.874,21.000,43.212
37620,-14.513488283,7.500000000,19000,204.900,203.107,20.752,42.947
37680,-14.407551200,7.500000000,19000,204.900,198.340,20.504,42.682
37740,-14.301614117,7.500000000,19000,204.900,193.573,20.256,42.417
37800,-14.195677035,7.500000000,19000,204.900,188.805,20.008,42.152
37860,-14.089739952,7.500000000,19000,204.900,184.038,19.760,41.887
37920,-14.016253212,7.500000000,19000,204.900,180.731,19.548,41.537
37980,-14.122557097,7.500000000,19000,204.900,185.515,19.537,40.710
38040,-14.228860982,7.500000000,19000,204.900,190.299,19.526,39.884
38100,-14.335164866,7.500000000,19000,204.900,195.082,19.514,39.057
38160,-14.441468751,7.500000000,19000,204.900,199.866,19.503,38.231
38220,-14.547772636,7.500000000,19000,204.900,204.650,19.492,37.405
38280,-14.654076520,7.500000000,19000,204.900,209.433,19.481,36.578
38340,-14.760380405,7.500000000,19000,204.900,214.217,19.470,35.752
38400,-14.866684290,7.500000000,19000,204.900,219.001,19.458,34.926
38460,-14.972988174,7.500000000,19000,204.900,223.784,19.447,34.099
38520,-15.079292059,7.500000000,19000,204.900,228.568,19.436,33.273
38580,-15.185595944,7.500000000,19000,204.900,233.352,19.425,32.446
38640,-15.291899829,7.500000000,19000,204.900,238.135,19.413,31.620
38700,-15.398203713,7.500000000,19000,204.900,242.919,19.402,30.794
38760,-15.504507598,7.500000000,19000,204.900,247.703,19.391,29.967
38820,-15.610811483,7.500000000,19000,204.900,252.487,19.380,29.141
38880,-15.717115367,7.500000000,19000,204.900,257.270,19.369,28.314
38940,-15.823419252,7.500000000,19000,204.900,262.054,19.357,27.488
39000,-15.929723137,7.500000000,19000,204.900,266.838,19.346,26.662
39060,-16.036027021,7.500000000,19000,204.900,271.621,19.335,25.835
39120,-16.142330906,7.500000000,19000,204.900,276.405,19.324,25.009
39180,-16.248634791,7.500000000,19000,204.900,281.189,19.312,24.182
