src/Components/missions/ORACLES/Plans/ORACLES-Flt-plan_p3_20170828_RB.ict
43, 1001
pz
NASA Ames Research Center
Simulated flight plan
ORACLES-2017
1,1
2017,08,28,2017,08,28
60
Start_UTC, seconds from midnight UTC, time keeping
7
1,1,1,1,1,1,1
-9999,-9999,-9999,-9999,-9999,-9999,-9999
Latitude, Degrees (North positive), Planned latitude position of the aircraft
Longitude, Degrees (East positive), Planned longitude position of the aircraft
Altitude, meters (above sea level), Planned altitude of the aircraft
speed, meters per second (m/s), Estimated speed of aircraft
Bearing, degrees from north, Direction of travel of the plane per respect to north
SZA, degrees from zenith, Elevation position of the sun in the sky per respect to zenith
AZI, degrees from north, Azimuthal position of the sun in the sky per respect to north
1
Simulated aircraft data interpolated from flight plan waypoints
21
-----------------------------------------------------------------------------
PI_CONTACT_INFO: pz
PLATFORM: p3
LOCATION: N/A
ASSOCIATED_DATA: N/A
INSTRUMENT_INFO: None
DATA_INFO: Compiled with flight planner: moving lines v1.1
UNCERTAINTY: Undefined
ULOD_FLAG: -7777
ULOD_VALUE: N/A
LLOD_FLAG: -8888
LLOD_VALUE: N/A
DM_CONTACT_INFO: Samuel LeBlanc, samuel.leblanc@nasa.gov
PROJECT_INFO: ORACLES-2017
STIPULATIONS_ON_USE: None
OTHER_COMMENTS: N/A
REVISION: RB
RB: Version 2 of the flight plan ict 
  RA: First iteration of the flight plan
-----------------------------------------------------------------------------
Start_UTC,Latitude,Longitude,Altitude,speed,Bearing,SZA,AZI
[from data line 473]
57180,-3.522821454,5.000000000, 5363,139.363,360.000,64.040,282.336
57240,-3.447362533,5.000000000, 5579,139.579,360.000,64.267,282.256
57300,-3.371903611,5.000000000, 5795,139.795,360.000,64.494,282.177
57360,-3.296119828,5.000000000, 6000,140.018,359.668,64.721,282.099
57420,-3.213765957,5.000000000, 6000,140.392,352.618,64.951,282.043
57480,-3.131412087,5.000000000, 6000,140.766,345.569,65.180,281.987
57540,-3.049058216,5.000000000, 6000,141.141,338.519,65.409,281.931
57600,-2.966704345,5.000000000, 6000,141.515,331.470,65.639,281.875
57660,-2.884350475,5.000000000, 6000,141.889,324.420,65.868,281.819
57720,-2.801996604,5.000000000, 6000,142.264,317.371,66.098,281.763
57780,-2.719642733,5.000000000, 6000,142.638,310.321,66.327,281.707
57840,-2.637288863,5.000000000, 6000,143.012,303.272,66.556,281.651
57900,-2.554934992,5.000000000, 6000,143.387,296.222,66.786,281.595
57960,-2.472581122,5.000000000, 6000,143.761,289.173,67.015,281.539
58020,-2.390227251,5.000000000, 6000,144.135,282.124,67.244,281.483
58080,-2.307873380,5.000000000, 6000,144.510,275.074,67.474,281.427
58140,-2.225519510,5.000000000, 6000,144.884,268.025,67.703,281.371
58200,-2.143165639,5.000000000, 6000,145.258,260.975,67.932,281.315
58260,-2.060811768,5.000000000, 6000,145.633,253.926,68.162,281.259
58320,-1.978457898,5.000000000, 6000,146.007,246.876,68.391,281.203
58380,-1.896104027,5.000000000, 6000,146.381,239.827,68.621,281.147
58440,-1.813750156,5.000000000, 6000,146.756,232.777,68.850,281.091
58500,-1.731396286,5.000000000, 6000,147.130,225.728,69.079,281.035
58560,-1.649042415,5.000000000, 6000,147.504,218.678,69.309,280.980
58620,-1.566688544,5.000000000, 6000,147.879,211.629,69.538,280.924
58680,-1.484334674,5.000000000, 6000,148.253,204.579,69.767,280.868
58740,-1.401980803,5.000000000, 6000,148.627,197.530,69.997,280.812
58800,-1.319626932,5.000000000, 6000,149.002,190.480,70.226,280.756
58860,-1.237273062,5.000000000, 6000,149.376,183.431,70.456,280.700
58920,-1.154919191,5.000000000, 6000,149.750,176.381,70.685,280.644
58980,-1.072565320,5.000000000, 6000,150.125,169.332,70.914,280.588
59040,-0.990211450,5.000000000, 6000,150.499,162.282,71.144,280.532
59100,-0.907857579,5.000000000, 6000,150.873,155.233,71.373,280.476
59160,-0.825503708,5.000000000, 6000,151.248,148.183,71.602,280.420
59220,-0.743149838,5.000000000, 6000,151.622,141.134,71.832,280.364
59280,-0.660795967,5.000000000, 6000,151.996,134.084,72.061,280.308
59340,-0.578442097,5.000000000, 6000,152.371,127.035,72.290,280.252
59400,-0.496088226,5.000000000, 6000,152.745,119.985,72.520,280.196
59460,-0.413734355,5.000000000, 6000,153.119,112.936,72.749,280.140
59520,-0.331380485,5.000000000, 6000,153.494,105.886,72.979,280.084
59580,-0.249026614,5.000000000, 6000,153.868,98.837,73.208,280.028
59640,-0.166672743,5.000000000, 6000,154.242,91.787,73.437,279.972
59700,-0.084318873,5.000000000, 6000,154.617,84.738,73.667,279.916
59760,-0.001965002,5.000000000, 6000,154.991,77.688,73.896,279.860
59820,0.012580168,5.056849475, 5803,153.525,77.520,74.194,279.847
59880,0.025467841,5.115088561, 5602,152.013,77.521,74.494,279.834
59940,0.038355515,5.173327647, 5401,150.501,77.521,74.793,279.822
60000,0.051243189,5.231566734, 5200,148.990,77.521,75.093,279.809
60060,0.064130862,5.289805820, 4998,147.478,77.521,75.393,279.797
60120,0.077018536,5.348044907, 4797,145.967,77.521,75.693,279.784
60180,0.089906210,5.406283993, 4596,144.455,77.522,75.992,279.772
60240,0.102793883,5.464523080, 4394,142.944,77.522,76.292,279.759
60300,0.115681557,5.522762166, 4193,141.432,77.522,76.592,279.747
60360,0.128569230,5.581001252, 3992,139.921,77.522,76.891,279.734
60420,0.141456904,5.639240339, 3790,138.409,77.522,77.191,279.722
60480,0.154344578,5.697479425, 3589,136.897,77.522,77.491,279.709
60540,0.167232251,5.755718512, 3388,135.386,77.523,77.791,279.696
60600,0.180119925,5.813957598, 3186,133.874,77.523,78.090,279.684
60660,0.193007599,5.872196685, 2985,132.363,77.523,78.390,279.671
60720,0.205895272,5.930435771, 2784,130.851,77.523,78.690,279.659
60780,0.218782946,5.988674857, 2582,129.340,77.523,78.989,279.646
60840,0.231670620,6.046913944, 2381,127.828,77.524,79.289,279.634
60900,0.244558293,6.105153030, 2180,126.317,77.524,79.589,279.621
60960,0.257445967,6.163392117, 1978,124.805,77.524,79.889,279.609
61020,0.270333640,6.221631203, 1777,123.294,77.524,80.188,279.596
61080,0.283221314,6.279870290, 1576,121.782,77.524,80.488,279.584
61140,0.296108988,6.338109376, 1374,120.270,77.525,80.788,279.571
61200,0.308996661,6.396348462, 1173,118.759,77.525,81.088,279.559
61260,0.321884335,6.454587549,  972,117.247,77.525,81.387,279.546
61320,0.334772009,6.512826635,  770,115.736,77.525,81.687,279.534
61380,0.347659682,6.571065722,  569,114.224,77.525,81.987,279.521
61440,0.360547356,6.629304808,  368,112.713,77.526,82.286,279.509
61500,0.373435030,6.687543895,  166,111.201,77.526,82.586,279.496
