src/Components/missions/ORACLES/Plans/ORACLES-Flt-plan_p3_20170819_RB.ict
43, 1001
jredeman
NASA Ames Research Center
Simulated flight plan
ORACLES
1,1
2017,08,19,2017,08,19
60
Start_UTC, seconds from midnight UTC, time keeping
7
1,1,1,1,1,1,1
-9999,-9999,-9999,-9999,-9999,-9999,-9999
Latitude, Degrees (North positive), Planned latitude position of the aircraft
Longitude, Degrees (East positive), Planned longitude position of the aircraft
Altitude, meters (above sea level), Planned altitude of the aircraft
speed, meters per second (m/s), Estimated speed of aircraft
Bearing, degrees from north, Direction of travel of the plane per respect to north
SZA, degrees from zenith, Elevation position of the sun in the sky per respect to zenith
AZI, degrees from north, Azimuthal position of the sun in the sky per respect to north
1
Simulated aircraft data interpolated from flight plan waypoints
21
-----------------------------------------------------------------------------
PI_CONTACT_INFO: jredeman
PLATFORM: p3
LOCATION: N/A
ASSOCIATED_DATA: N/A
INSTRUMENT_INFO: None
DATA_INFO: Compiled with flight planner: moving lines v1.2
UNCERTAINTY: Undefined
ULOD_FLAG: -7777
ULOD_VALUE: N/A
LLOD_FLAG: -8888
LLOD_VALUE: N/A
DM_CONTACT_INFO: Samuel LeBlanc, samuel.leblanc@nasa.gov
PROJECT_INFO: ORACLES
STIPULATIONS_ON_USE: None
OTHER_COMMENTS: N/A
REVISION: RB
RB: Version 2 of the flight plan ict 
  RA: First iteration of the flight plan
-----------------------------------------------------------------------------
Start_UTC,Latitude,Longitude,Altitude,speed,Bearing,SZA,AZI
[from data line 235]
39300,-8.000000000,-1.287334405, 5486,152.190,309.518,28.957,37.884
39360,-8.000000000,-1.202968585, 5486,152.375,312.826,28.705,37.512
39420,-8.000000000,-1.118602765, 5486,152.559,316.135,28.453,37.140
39480,-8.000000000,-1.034236945, 5486,152.743,319.443,28.201,36.769
39540,-8.000000000,-0.949871125, 5486,152.927,322.751,27.949,36.397
39600,-8.000000000,-0.865505305, 5486,153.111,326.060,27.696,36.025
39660,-8.000000000,-0.781139485, 5486,153.295,329.368,27.444,35.654
39720,-8.000000000,-0.696773665, 5486,153.479,332.676,27.192,35.282
39780,-8.000000000,-0.612407845, 5486,153.663,335.985,26.940,34.910
39840,-8.000000000,-0.528042025, 5486,153.848,339.293,26.688,34.539
39900,-8.000000000,-0.443676205, 5486,154.032,342.601,26.435,34.167
39960,-8.000000000,-0.359310385, 5486,154.216,345.910,26.183,33.795
40020,-8.000000000,-0.274944565, 5486,154.400,349.218,25.931,33.424
40080,-8.000000000,-0.190578745, 5486,154.584,352.527,25.679,33.052
40140,-8.000000000,-0.106212925, 5486,154.768,355.835,25.427,32.680
40200,-8.000000000,-0.021847105, 5486,154.952,359.143,25.175,32.309
40260,-8.000000000,0.000000000, 5264,153.169,356.247,25.024,31.822
40320,-8.000000000,0.000000000, 4964,150.698,351.183,24.909,31.296
40380,-8.000000000,0.000000000, 4664,148.227,346.119,24.794,30.770
40440,-8.000000000,0.000000000, 4364,145.756,341.054,24.679,30.243
40500,-8.000000000,0.000000000, 4064,143.285,335.990,24.564,29.717
40560,-8.000000000,0.000000000, 3764,140.814,330.926,24.449,29.190
40620,-8.000000000,0.000000000, 3464,138.343,325.862,24.334,28.664
40680,-8.000000000,0.000000000, 3164,135.872,320.798,24.219,28.138
40740,-8.000000000,0.000000000, 2864,133.401,315.733,24.104,27.611
40800,-8.000000000,0.000000000, 2564,130.931,310.669,23.989,27.085
40860,-8.000000000,0.000000000, 2264,128.460,305.605,23.874,26.559
40920,-8.000000000,0.000000000, 1964,125.989,300.541,23.759,26.032
40980,-8.000000000,0.000000000, 1664,123.518,295.476,23.644,25.506
41040,-8.000000000,0.000000000, 1364,121.047,290.412,23.529,24.979
41100,-8.000000000,0.000000000, 1064,118.576,285.348,23.414,24.453
41160,-8.000000000,0.000000000,  764,116.105,280.284,23.299,23.927
41220,-8.000000000,0.000000000,  464,113.634,275.219,23.184,23.400
41280,-8.000000000,0.000000000,  164,111.163,270.155,23.069,22.874
41340,-8.000000000,-0.058097474,  152,111.067,278.612,23.000,22.425
41400,-8.000000000,-0.118549948,  152,111.067,287.617,22.934,21.980
41460,-8.000000000,-0.179002422,  152,111.067,296.622,22.868,21.534
41520,-8.000000000,-0.239454897,  152,111.067,305.627,22.801,21.088
41580,-8.000000000,-0.299907371,  152,111.067,314.631,22.735,20.643
41640,-8.000000000,-0.360359845,  152,111.067,323.636,22.669,20.197
41700,-8.000000000,-0.420812320,  152,111.067,332.641,22.602,19.751
41760,-8.000000000,-0.481264794,  152,111.067,341.646,22.536,19.306
41820,-8.000000000,-0.541717269,  152,111.067,350.651,22.469,18.860
41880,-8.000000000,-0.602169743,  152,111.067,359.656,22.403,18.415
41940,-8.000000000,-0.604482217,  441,109.931,303.212,22.331,17.808
42000,-8.000000000,-0.604482217,  741,108.750,244.166,22.258,17.195
42060,-8.000000000,-0.604482217, 1041,107.569,185.120,22.186,16.582
42120,-8.000000000,-0.604482217, 1341,106.389,126.073,22.113,15.969
42180,-8.000000000,-0.578884280, 1524,106.336,102.056,22.043,15.279
42240,-8.000000000,-0.513205975, 1524,108.049,132.886,21.978,14.471
42300,-8.000000000,-0.447527671, 1524,109.762,163.717,21.912,13.662
42360,-8.000000000,-0.381849366, 1524,111.475,194.547,21.847,12.853
42420,-8.000000000,-0.316171061, 1524,113.188,225.377,21.781,12.044
42480,-8.000000000,-0.250492757, 1524,114.901,256.208,21.716,11.235
42540,-8.000000000,-0.184814452, 1524,116.614,287.038,21.650,10.426
42600,-8.000000000,-0.119136148, 1524,118.327,317.869,21.584,9.617
42660,-8.000000000,-0.053457843, 1524,120.040,348.699,21.519,8.809
42720,-8.000000000,-0.029382986, 1714,119.078,307.438,21.474,8.093
42780,-8.000000000,-0.029382986, 2014,116.567,224.461,21.442,7.430
42840,-8.000000000,-0.029382986, 2314,114.056,141.483,21.410,6.768
42900,-8.000000000,-0.003004573, 2500,113.102,100.889,21.384,20.492
42960,-8.000000000,0.066392318, 2500,114.688,129.415,21.371,57.678
43020,-8.000000000,0.135789209, 2500,116.273,157.940,21.358,94.864
43080,-8.000000000,0.205186100, 2500,117.858,186.466,21.345,132.050
43140,-8.000000000,0.274582991, 2500,119.443,214.992,21.332,169.237
43200,-8.000000000,0.343979882, 2500,121.028,243.518,21.319,206.423
43260,-8.000000000,0.413376773, 2500,122.613,272.044,21.306,243.609
43320,-8.000000000,0.482773664, 2500,124.198,300.570,21.293,280.795
43380,-8.000000000,0.552170555, 2500,125.783,329.096,21.280,317.981
43440,-8.000000000,0.621567446, 2500,127.368,357.622,21.267,355.168
43500,-8.000000000,0.627353777, 2775,128.651,335.167,21.286,357.659
43560,-8.000000000,0.627353777, 3075,129.907,308.074,21.308,356.994
43620,-8.000000000,0.627353777, 3375,131.162,280.982,21.329,356.329
43680,-8.000000000,0.627353777, 3675,132.418,253.889,21.351,355.664
43740,-8.000000000,0.627353777, 3975,133.674,226.797,21.372,354.999
43800,-8.000000000,0.627353777, 4275,134.929,199.705,21.394,354.334
43860,-8.000000000,0.627353777, 4575,136.185,172.612,21.415,353.669
43920,-8.000000000,0.627353777, 4875,137.441,145.520,21.437,353.004
43980,-8.000000000,0.627353777, 5175,138.697,118.428,21.458,352.339
44040,-8.000000000,0.627353777, 5475,139.952,91.335,21.480,351.673
44100,-8.000000000,0.708509224, 5486,140.278,95.310,21.628,350.989
44160,-8.000000000,0.792874459, 5486,140.568,100.513,21.780,350.303
44220,-8.000000000,0.877239695, 5486,140.857,105.717,21.933,349.618
44280,-8.000000000,0.961604931, 5486,141.147,110.920,22.086,348.932
44340,-8.000000000,1.045970166, 5486,141.436,116.124,22.239,348.246
44400,-8.000000000,1.130335402, 5486,141.725,121.327,22.391,347.561
44460,-8.000000000,1.214700638, 5486,142.015,126.531,22.544,346.875
44520,-8.000000000,1.299065873, 5486,142.304,131.734,22.697,346.190
44580,-8.000000000,1.383431109, 5486,142.594,136.938,22.850,345.504
44640,-8.000000000,1.467796345, 5486,142.883,142.141,23.002,344.818
44700,-8.000000000,1.552161580, 5486,143.172,147.345,23.155,344.133
44760,-8.000000000,1.636526816, 5486,143.462,152.548,23.308,343.447
44820,-8.000000000,1.720892052, 5486,143.751,157.752,23.460,342.762
44880,-8.000000000,1.805257287, 5486,144.041,162.955,23.613,342.076
44940,-8.000000000,1.889622523, 5486,144.330,168.158,23.766,341.391
45000,-8.000000000,1.973987759, 5486,144.620,173.362,23.919,340.705
45060,-8.000000000,2.058352994, 5486,144.909,178.565,24.071,340.019
45120,-8.000000000,2.142718230, 5486,145.198,183.769,24.224,339.334
45180,-8.000000000,2.227083466, 5486,145.488,188.972,24.377,338.648
45240,-8.000000000,2.311448701, 5486,145.777,194.176,24.530,337.963
45300,-8.000000000,2.395813937, 5486,146.067,199.379,24.682,337.277
45360,-8.000000000,2.480179173, 5486,146.356,204.583,24.835,336.591
45420,-8.000000000,2.564544408, 5486,146.645,209.786,24.988,335.906
45480,-8.000000000,2.648909644, 5486,146.935,214.990,25.140,335.220
45540,-8.000000000,2.733274880, 5486,147.224,220.193,25.293,334.535
45600,-8.000000000,2.817640115, 5486,147.514,225.397,25.446,333.849
45660,-8.000000000,2.902005351, 5486,147.803,230.600,25.599,333.164
45720,-8.000000000,2.986370587, 5486,148.092,235.804,25.751,332.478
45780,-8.000000000,3.070735822, 5486,148.382,241.007,25.904,331.792
45840,-8.000000000,3.155101058, 5486,148.671,246.211,26.057,331.107
45900,-8.000000000,3.239466294, 5486,148.961,251.414,26.210,330.421
45960,-8.000000000,3.323831529, 5486,149.250,256.617,26.362,329.736
46020,-8.000000000,3.408196765, 5486,149.539,261.821,26.515,329.050
46080,-8.000000000,3.492562001, 5486,149.829,267.024,26.668,328.365
46140,-8.000000000,3.576927236, 5486,150.118,272.228,26.820,327.679
46200,-8.000000000,3.661292472, 5486,150.408,277.431,26.973,326.993
46260,-8.000000000,3.745657707, 5486,150.697,282.635,27.126,326.308
46320,-8.000000000,3.830022943, 5486,150.986,287.838,27.279,325.622
46380,-8.000000000,3.914388179, 5486,151.276,293.042,27.431,324.937
46440,-8.000000000,3.998753414, 5486,151.565,298.245,27.584,324.251
46500,-8.000000000,4.083118650, 5486,151.855,303.449,27.737,323.565
46560,-8.000000000,4.167483886, 5486,152.144,308.652,27.890,322.880
46620,-8.000000000,4.251849121, 5486,152.434,313.856,28.042,322.194
46680,-8.000000000,4.336214357, 5486,152.723,319.059,28.195,321.509
46740,-8.000000000,4.420579593, 5486,153.012,324.263,28.348,320.823
46800,-8.000000000,4.504944828, 5486,153.302,329.466,28.500,320.138
46860,-8.000000000,4.589310064, 5486,153.591,334.670,28.653,319.452
46920,-8.000000000,4.673675300, 5486,153.881,339.873,28.806,318.766
46980,-8.000000000,4.758040535, 5486,154.170,345.076,28.959,318.081
47040,-8.000000000,4.842405771, 5486,154.459,350.280,29.111,317.395
47100,-8.000000000,4.926771007, 5486,154.749,355.483,29.264,316.710
47160,-7.988972187,5.000000000, 5486,155.000,360.000,29.415,316.064
47220,-7.905428381,5.000000000, 5486,155.000,360.000,29.556,315.678
47280,-7.821884574,5.000000000, 5486,155.000,360.000,29.697,315.292
47340,-7.738340768,5.000000000, 5486,155.000,360.000,29.838,314.906
47400,-7.654796962,5.000000000, 5486,155.000,360.000,29.978,314.521
47460,-7.571253156,5.000000000, 5486,155.000,360.000,30.119,314.135
47520,-7.487709350,5.000000000, 5486,155.000,360.000,30.260,313.749
47580,-7.404165544,5.000000000, 5486,155.000,360.000,30.401,313.363
47640,-7.320621738,5.000000000, 5486,155.000,360.000,30.541,312.978
47700,-7.237077932,5.000000000, 5486,155.000,360.000,30.682,312.592
47760,-7.153534126,5.000000000, 5486,155.000,360.000,30.823,312.206
47820,-7.069990320,5.000000000, 5486,155.000,360.000,30.964,311.820
47880,-6.986446514,5.000000000, 5486,155.000,360.000,31.104,311.434
47940,-6.902902708,5.000000000, 5486,155.000,360.000,31.245,311.049
48000,-6.819358902,5.000000000, 5486,155.000,360.000,31.386,310.663
48060,-6.735815096,5.000000000, 5486,155.000,360.000,31.527,310.277
48120,-6.652271290,5.000000000, 5486,155.000,360.000,31.667,309.891
48180,-6.568727483,5.000000000, 5486,155.000,360.000,31.808,309.506
48240,-6.485183677,5.000000000, 5486,155.000,360.000,31.949,309.120
48300,-6.401639871,5.000000000, 5486,155.000,360.000,32.090,308.734
48360,-6.318096065,5.000000000, 5486,155.000,360.000,32.230,308.348
48420,-6.234552259,5.000000000, 5486,155.000,360.000,32.371,307.963
48480,-6.151008453,5.000000000, 5486,155.000,360.000,32.512,307.577
48540,-6.067464647,5.000000000, 5486,155.000,360.000,32.653,307.191
48600,-5.983920841,5.000000000, 5486,155.000,360.000,32.794,306.805
48660,-5.900377035,5.000000000, 5486,155.000,360.000,32.934,306.420
48720,-5.816833229,5.000000000, 5486,155.000,360.000,33.075,306.034
48780,-5.733289423,5.000000000, 5486,155.000,360.000,33.216,305.648
48840,-5.649745617,5.000000000, 5486,155.000,360.000,33.357,305.262
48900,-5.566201811,5.000000000, 5486,155.000,360.000,33.497,304.876
48960,-5.482658005,5.000000000, 5486,155.000,360.000,33.638,304.491
49020,-5.399114199,5.000000000, 5486,155.000,360.000,33.779,304.105
49080,-5.315570392,5.000000000, 5486,155.000,360.000,33.920,303.719
49140,-5.232026586,5.000000000, 5486,155.000,360.000,34.060,303.333
49200,-5.148482780,5.000000000, 5486,155.000,360.000,34.201,302.948
49260,-5.064938974,5.000000000, 5486,155.000,360.000,34.342,302.562
49320,-5.000000000,5.000000000, 5420,154.451,357.783,34.499,302.219
49380,-5.000000000,5.000000000, 5120,151.986,347.830,34.714,302.025
49440,-5.000000000,5.000000000, 4820,149.522,337.877,34.928,301.831
49500,-5.000000000,5.000000000, 4520,147.057,327.924,35.143,301.638
49560,-5.000000000,5.000000000, 4220,144.592,317.971,35.357,301.444
49620,-5.000000000,5.000000000, 3920,142.128,308.018,35.572,301.250
49680,-5.000000000,5.000000000, 3620,139.663,298.065,35.786,301.056
49740,-5.000000000,5.000000000, 3320,137.198,288.112,36.001,300.863
49800,-5.000000000,5.000000000, 3020,134.734,278.159,36.215,300.669
49860,-5.000000000,5.000000000, 2720,132.269,268.205,36.430,300.475
49920,-5.000000000,5.000000000, 2420,129.804,258.252,36.644,300.281
49980,-5.000000000,5.000000000, 2120,127.340,248.299,36.859,300.088
50040,-5.000000000,5.000000000, 1820,124.875,238.346,37.073,299.894
50100,-5.000000000,5.000000000, 1520,122.410,228.393,37.288,299.700
50160,-5.000000000,5.000000000, 1220,119.946,218.440,37.502,299.506
50220,-5.000000000,5.000000000,  920,117.481,208.487,37.717,299.313
50280,-5.000000000,5.000000000,  620,115.016,198.534,37.931,299.119
50340,-5.000000000,5.000000000,  320,112.552,188.581,38.146,298.925
50400,-5.008207459,5.000000000,   61,110.427,182.462,38.365,298.744
50460,-5.067726611,5.000000000,   61,110.427,200.318,38.612,298.642
50520,-5.127245762,5.000000000,   61,110.427,218.174,38.859,298.539
50580,-5.186764914,5.000000000,   61,110.427,236.029,39.107,298.436
50640,-5.246284065,5.000000000,   61,110.427,253.885,39.354,298.334
50700,-5.305803217,5.000000000,   61,110.427,271.741,39.601,298.231
50760,-5.365322368,5.000000000,   61,110.427,289.597,39.849,298.129
50820,-5.424841519,5.000000000,   61,110.427,307.452,40.096,298.026
50880,-5.484360671,5.000000000,   61,110.427,325.308,40.343,297.924
50940,-5.543879822,5.000000000,   61,110.427,343.164,40.591,297.821
51000,-5.600000000,5.000000000,   78,110.371,360.000,40.837,297.716
51060,-5.600000000,5.000000000,  378,109.395,360.000,41.058,297.561
51120,-5.600000000,5.000000000,  678,108.419,360.000,41.279,297.406
51180,-5.600000000,5.000000000,  978,107.444,360.000,41.500,297.252
51240,-5.600000000,5.000000000, 1278,106.468,360.000,41.721,297.097
51300,-5.588272976,5.000000000, 1524,105.961,360.000,41.938,296.933
51360,-5.523233854,5.000000000, 1524,107.587,360.000,42.132,296.729
51420,-5.458194731,5.000000000, 1524,109.213,360.000,42.327,296.525
51480,-5.393155609,5.000000000, 1524,110.839,360.000,42.522,296.320
51540,-5.328116486,5.000000000, 1524,112.465,360.000,42.717,296.116
51600,-5.263077364,5.000000000, 1524,114.091,360.000,42.912,295.912
51660,-5.198038241,5.000000000, 1524,115.717,360.000,43.106,295.707
51720,-5.132999119,5.000000000, 1524,117.343,360.000,43.301,295.503
51780,-5.067959996,5.000000000, 1524,118.969,360.000,43.496,295.299
51840,-5.002920874,5.000000000, 1524,120.595,360.000,43.691,295.095
51900,-5.000000000,5.000000000, 1811,118.270,360.000,43.915,294.961
51960,-5.000000000,5.000000000, 2111,115.759,360.000,44.141,294.831
52020,-5.000000000,5.000000000, 2411,113.249,360.000,44.366,294.701
52080,-4.951774181,5.000000000, 2500,113.706,360.000,44.574,294.534
52140,-4.883052664,5.000000000, 2500,115.424,360.000,44.774,294.351
52200,-4.814331146,5.000000000, 2500,117.142,360.000,44.974,294.168
52260,-4.745609628,5.000000000, 2500,118.860,360.000,45.174,293.986
52320,-4.676888110,5.000000000, 2500,120.578,360.000,45.374,293.803
52380,-4.608166592,5.000000000, 2500,122.296,360.000,45.574,293.620
52440,-4.539445074,5.000000000, 2500,124.014,360.000,45.774,293.438
52500,-4.470723556,5.000000000, 2500,125.732,360.000,45.974,293.255
52560,-4.402002038,5.000000000, 2500,127.450,360.000,46.174,293.072
52620,-4.400000000,5.000000000, 2791,128.719,360.000,46.403,292.963
52680,-4.400000000,5.000000000, 3091,129.975,360.000,46.634,292.855
52740,-4.400000000,5.000000000, 3391,131.230,360.000,46.864,292.747
52800,-4.400000000,5.000000000, 3691,132.486,360.000,47.094,292.640
52860,-4.400000000,5.000000000, 3991,133.742,360.000,47.325,292.532
52920,-4.400000000,5.000000000, 4291,134.998,360.000,47.555,292.424
52980,-4.400000000,5.000000000, 4591,136.253,360.000,47.785,292.317
53040,-4.400000000,5.000000000, 4891,137.509,360.000,48.016,292.209
53100,-4.400000000,5.000000000, 5191,138.765,360.000,48.246,292.101
53160,-4.398646482,5.000000000, 5486,140.005,359.917,48.476,291.993
53220,-4.315102676,5.000000000, 5486,140.289,354.790,48.687,291.868
53280,-4.231558870,5.000000000, 5486,140.574,349.664,48.897,291.742
53340,-4.148015064,5.000000000, 5486,140.859,344.537,49.108,291.616
