src/Components/missions/ORACLES/Plans/ORACLES-Flt-plan_p3_20170824_RD.ict
43, 1001
pz
NASA Ames Research Center
Simulated flight plan
ORACLES-2017
1,1
2017,08,24,2017,08,24
60
Start_UTC, seconds from midnight UTC, time keeping
7
1,1,1,1,1,1,1
-9999,-9999,-9999,-9999,-9999,-9999,-9999
Latitude, Degrees (North positive), Planned latitude position of the aircraft
Longitude, Degrees (East positive), Planned longitude position of the aircraft
Altitude, meters (above sea level), Planned altitude of the aircraft
speed, meters per second (m/s), Estimated speed of aircraft
Bearing, degrees from north, Direction of travel of the plane per respect to north
SZA, degrees from zenith, Elevation position of the sun in the sky per respect to zenith
AZI, degrees from north, Azimuthal position of the sun in the sky per respect to north
1
Simulated aircraft data interpolated from flight plan waypoints
21
-----------------------------------------------------------------------------
PI_CONTACT_INFO: pz
PLATFORM: p3
LOCATION: N/A
ASSOCIATED_DATA: N/A
INSTRUMENT_INFO: None
DATA_INFO: Compiled with flight planner: moving lines v1.09
UNCERTAINTY: Undefined
ULOD_FLAG: -7777
ULOD_VALUE: N/A
LLOD_FLAG: -8888
LLOD_VALUE: N/A
DM_CONTACT_INFO: Samuel LeBlanc, samuel.leblanc@nasa.gov
PROJECT_INFO: ORACLES-2017
STIPULATIONS_ON_USE: None
OTHER_COMMENTS: N/A
REVISION: RD
RD: Version 4 of the flight plan ict 
  RA: First iteration of the flight plan
-----------------------------------------------------------------------------
Start_UTC,Latitude,Longitude,Altitude,speed,Bearing,SZA,AZI
[from data line 238]
43080,-14.869788726,5.000000000,   61,110.427,360.000,28.974,353.186
43140,-14.810269575,5.000000000,   61,110.427,360.000,28.950,352.673
43200,-14.750750423,5.000000000,   61,110.427,360.000,28.926,352.160
43260,-14.691231272,5.000000000,   61,110.427,360.000,28.901,351.648
43320,-14.631712120,5.000000000,   61,110.427,360.000,28.877,351.135
43380,-14.572192969,5.000000000,   61,110.427,360.000,28.853,350.622
43440,-14.512673817,5.000000000,   61,110.427,360.000,28.829,350.110
43500,-14.453154666,5.000000000,   61,110.427,360.000,28.804,349.597
43560,-14.394201881,5.000000000,   75,110.237,360.000,28.782,349.084
43620,-14.339979256,5.000000000,  209,108.461,360.000,28.781,348.570
43680,-14.285756631,5.000000000,  342,106.685,360.000,28.779,348.057
43740,-14.231534006,5.000000000,  476,104.908,360.000,28.777,347.543
43800,-14.177311381,5.000000000,  610,103.132,360.000,28.776,347.029
43860,-14.123088756,5.000000000,  743,101.356,360.000,28.774,346.515
43920,-14.064223903,5.000000000,  800,101.137,360.000,28.782,346.002
43980,-14.001916394,5.000000000,  800,102.071,360.000,28.797,345.489
44040,-13.939608884,5.000000000,  800,103.006,360.000,28.812,344.976
44100,-13.877301375,5.000000000,  800,103.940,360.000,28.827,344.463
44160,-13.814993865,5.000000000,  800,104.875,360.000,28.842,343.950
44220,-13.752686356,5.000000000,  800,105.810,360.000,28.857,343.437
44280,-13.690378846,5.000000000,  800,106.744,360.000,28.871,342.923
44340,-13.628071337,5.000000000,  800,107.679,360.000,28.886,342.410
44400,-13.565763827,5.000000000,  800,108.614,360.000,28.901,341.897
44460,-13.503456317,5.000000000,  800,109.548,360.000,28.916,341.384
44520,-13.441148808,5.000000000,  800,110.483,360.000,28.931,340.871
44580,-13.378841298,5.000000000,  800,111.417,360.000,28.946,340.358
44640,-13.316533789,5.000000000,  800,112.352,360.000,28.961,339.845
44700,-13.254226279,5.000000000,  800,113.287,360.000,28.976,339.332
44760,-13.191918770,5.000000000,  800,114.221,360.000,28.991,338.819
44820,-13.129611260,5.000000000,  800,115.156,360.000,29.006,338.306
44880,-13.066907775,5.000000000,  822,115.754,360.000,29.032,337.798
44940,-13.003845676,5.000000000,  864,116.049,360.000,29.070,337.296
45000,-12.940783578,5.000000000,  906,116.343,360.000,29.107,336.793
45060,-12.877721479,5.000000000,  948,116.637,360.000,29.145,336.291
45120,-12.814659380,5.000000000,  990,116.932,360.000,29.182,335.788
45180,-12.751597281,5.000000000, 1000,117.000,360.000,29.236,335.299
45240,-12.688535183,5.000000000, 1000,117.000,360.000,29.296,334.815
45300,-12.625473084,5.000000000, 1000,117.000,360.000,29.356,334.331
45360,-12.562410985,5.000000000, 1000,117.000,360.000,29.416,333.846
45420,-12.499348886,5.000000000, 1000,117.000,360.000,29.475,333.362
45480,-12.436286787,5.000000000, 1000,117.000,360.000,29.535,332.877
45540,-12.373224689,5.000000000, 1000,117.000,360.000,29.595,332.393
45600,-12.310162590,5.000000000, 1000,117.000,360.000,29.655,331.909
45660,-12.247100491,5.000000000, 1000,117.000,360.000,29.714,331.424
45720,-12.184038392,5.000000000, 1000,117.000,360.000,29.774,330.940
45780,-12.120976294,5.000000000, 1000,117.000,360.000,29.834,330.455
45840,-12.057914195,5.000000000, 1000,117.000,360.000,29.894,329.971
45900,-11.994852096,5.000000000, 1000,117.000,360.000,29.953,329.487
45960,-11.931789997,5.000000000, 1000,117.000,360.000,30.013,329.002
46020,-11.868727899,5.000000000, 1000,117.000,360.000,30.073,328.518
46080,-11.805665800,5.000000000, 1000,117.000,360.000,30.133,328.033
46140,-11.745828196,5.000000000,  873,116.110,360.000,30.216,327.577
46200,-11.686308893,5.000000000,  733,115.132,360.000,30.301,327.123
46260,-11.626789591,5.000000000,  593,114.154,360.000,30.387,326.669
46320,-11.567270288,5.000000000,  454,113.176,360.000,30.472,326.215
46380,-11.507750986,5.000000000,  314,112.198,360.000,30.558,325.761
46440,-11.448231684,5.000000000,  174,111.220,360.000,30.643,325.308
46500,-11.388712381,5.000000000,   61,110.427,360.000,30.732,324.860
46560,-11.329193079,5.000000000,   61,110.427,360.000,30.839,324.440
46620,-11.269673776,5.000000000,   61,110.427,360.000,30.946,324.020
46680,-11.210154474,5.000000000,   61,110.427,360.000,31.052,323.600
46740,-11.150635172,5.000000000,   61,110.427,360.000,31.159,323.180
46800,-11.091115869,5.000000000,   61,110.427,360.000,31.266,322.761
46860,-11.031596567,5.000000000,   61,110.427,360.000,31.372,322.341
46920,-10.972077264,5.000000000,   61,110.427,360.000,31.479,321.921
46980,-10.912557962,5.000000000,   61,110.427,360.000,31.585,321.501
47040,-10.853038660,5.000000000,   61,110.427,360.000,31.692,321.081
47100,-10.793519357,5.000000000,   61,110.427,360.000,31.799,320.661
47160,-10.734000055,5.000000000,   61,110.427,360.000,31.905,320.241
47220,-10.674480752,5.000000000,   61,110.427,360.000,32.012,319.821
47280,-10.614961450,5.000000000,   61,110.427,360.000,32.118,319.401
47340,-10.555442148,5.000000000,   61,110.427,360.000,32.225,318.981
47400,-10.495922845,5.000000000,   61,110.427,360.000,32.332,318.561
47460,-10.436403543,5.000000000,   61,110.427,360.000,32.438,318.141
47520,-10.386233291,5.000000000,  150,110.362,360.000,32.559,317.747
47580,-10.350786264,5.000000000,  379,110.193,360.000,32.703,317.391
47640,-10.315339238,5.000000000,  608,110.024,360.000,32.847,317.036
47700,-10.279892211,5.000000000,  837,109.856,360.000,32.991,316.680
47760,-10.244445185,5.000000000, 1066,109.687,360.000,33.135,316.325
47820,-10.208998159,5.000000000, 1296,109.518,360.000,33.279,315.969
47880,-10.173551132,5.000000000, 1525,109.350,360.000,33.423,315.614
47940,-10.138104106,5.000000000, 1754,109.181,360.000,33.567,315.258
48000,-10.102657079,5.000000000, 1983,109.013,360.000,33.711,314.903
48060,-10.038174854,5.000000000, 2000,109.464,360.000,33.858,314.571
48120,-9.971339809,5.000000000, 2000,109.965,360.000,34.005,314.241
48180,-9.904504764,5.000000000, 2000,110.466,360.000,34.151,313.911
48240,-9.837669720,5.000000000, 2000,110.967,360.000,34.298,313.581
48300,-9.770834675,5.000000000, 2000,111.469,360.000,34.445,313.252
48360,-9.703999630,5.000000000, 2000,111.970,360.000,34.592,312.922
48420,-9.637164585,5.000000000, 2000,112.471,360.000,34.739,312.592
48480,-9.570329540,5.000000000, 2000,112.973,360.000,34.885,312.262
48540,-9.503494495,5.000000000, 2000,113.474,360.000,35.032,311.932
48600,-9.436659451,5.000000000, 2000,113.975,360.000,35.179,311.602
48660,-9.369824406,5.000000000, 2000,114.476,360.000,35.326,311.272
48720,-9.302989361,5.000000000, 2000,114.978,360.000,35.472,310.942
48780,-9.236154316,5.000000000, 2000,115.479,360.000,35.619,310.612
48840,-9.169319271,5.000000000, 2000,115.980,360.000,35.766,310.283
48900,-9.102484226,5.000000000, 2000,116.481,360.000,35.913,309.953
48960,-9.035649181,5.000000000, 2000,116.983,360.000,36.060,309.623
49020,-8.968814137,5.000000000, 2000,117.484,360.000,36.206,309.293
49080,-8.901979092,5.000000000, 2000,117.985,360.000,36.353,308.963
49140,-8.835144047,5.000000000, 2000,118.486,360.000,36.500,308.633
49200,-8.768309002,5.000000000, 2000,118.988,360.000,36.647,308.303
49260,-8.701473957,5.000000000, 2000,119.489,360.000,36.793,307.973
49320,-8.634638912,5.000000000, 2000,119.990,360.000,36.940,307.643
49380,-8.567803867,5.000000000, 2000,120.491,360.000,37.087,307.314
49440,-8.500968823,5.000000000, 2000,120.993,360.000,37.234,306.984
49500,-8.434133778,5.000000000, 2000,121.494,360.000,37.381,306.654
49560,-8.367298733,5.000000000, 2000,121.995,360.000,37.527,306.324
49620,-8.300463688,5.000000000, 2000,122.497,360.000,37.674,305.994
49680,-8.233628643,5.000000000, 2000,122.998,360.000,37.821,305.664
49740,-8.166793598,5.000000000, 2000,123.499,360.000,37.968,305.334
49800,-8.099961227,5.000000000, 2000,123.999,360.000,38.114,305.004
49860,-8.037438121,5.000000000, 2209,122.332,360.000,38.284,304.729
49920,-7.974915014,5.000000000, 2417,120.664,360.000,38.453,304.454
49980,-7.912391908,5.000000000, 2625,118.997,360.000,38.622,304.179
50040,-7.849868802,5.000000000, 2834,117.330,360.000,38.791,303.903
50100,-7.785709363,5.000000000, 3000,116.077,360.000,38.963,303.638
50160,-7.715101372,5.000000000, 3000,116.455,360.000,39.146,303.410
50220,-7.644493381,5.000000000, 3000,116.833,360.000,39.329,303.182
50280,-7.573885390,5.000000000, 3000,117.211,360.000,39.512,302.954
50340,-7.503277399,5.000000000, 3000,117.590,360.000,39.696,302.727
50400,-7.432669408,5.000000000, 3000,117.968,360.000,39.879,302.499
50460,-7.362061417,5.000000000, 3000,118.346,360.000,40.062,302.271
50520,-7.291453426,5.000000000, 3000,118.724,360.000,40.245,302.043
50580,-7.220845435,5.000000000, 3000,119.103,360.000,40.429,301.816
50640,-7.150237444,5.000000000, 3000,119.481,360.000,40.612,301.588
50700,-7.079629453,5.000000000, 3000,119.859,360.000,40.795,301.360
50760,-7.009021462,5.000000000, 3000,120.237,360.000,40.978,301.132
50820,-6.938413471,5.000000000, 3000,120.616,360.000,41.161,300.905
50880,-6.867805480,5.000000000, 3000,120.994,360.000,41.345,300.677
50940,-6.797197489,5.000000000, 3000,121.372,360.000,41.528,300.449
51000,-6.726589499,5.000000000, 3000,121.750,360.000,41.711,300.221
51060,-6.655981508,5.000000000, 3000,122.129,360.000,41.894,299.994
51120,-6.585373517,5.000000000, 3000,122.507,360.000,42.077,299.766
51180,-6.514765526,5.000000000, 3000,122.885,360.000,42.261,299.538
51240,-6.444157535,5.000000000, 3000,123.263,360.000,42.444,299.310
51300,-6.373549544,5.000000000, 3000,123.642,360.000,42.627,299.083
51360,-6.302941553,5.000000000, 3000,124.020,360.000,42.810,298.855
51420,-6.232333562,5.000000000, 3000,124.398,360.000,42.994,298.627
51480,-6.161725571,5.000000000, 3000,124.776,360.000,43.177,298.399
51540,-6.091117580,5.000000000, 3000,125.155,360.000,43.360,298.172
51600,-6.020509589,5.000000000, 3000,125.533,360.000,43.543,297.944
51660,-5.949901598,5.000000000, 3000,125.911,360.000,43.726,297.716
51720,-5.879293607,5.000000000, 3000,126.289,360.000,43.910,297.488
51780,-5.808685616,5.000000000, 3000,126.668,360.000,44.093,297.261
51840,-5.738077625,5.000000000, 3000,127.046,360.000,44.276,297.033
51900,-5.667469635,5.000000000, 3000,127.424,360.000,44.459,296.805
51960,-5.596861644,5.000000000, 3000,127.803,360.000,44.642,296.577
52020,-5.526253653,5.000000000, 3000,128.181,360.000,44.826,296.350
52080,-5.455645662,5.000000000, 3000,128.559,360.000,45.009,296.122
52140,-5.385037671,5.000000000, 3000,128.937,360.000,45.192,295.894
52200,-5.314429680,5.000000000, 3000,129.316,360.000,45.375,295.666
52260,-5.243821689,5.000000000, 3000,129.694,360.000,45.559,295.438
52320,-5.173213698,5.000000000, 3000,130.072,360.000,45.742,295.211
52380,-5.102605707,5.000000000, 3000,130.450,360.000,45.925,294.983
52440,-5.031997716,5.000000000, 3000,130.829,360.000,46.108,294.755
52500,-4.972658707,5.000000000, 3164,131.492,350.157,46.305,294.566
52560,-4.922658707,5.000000000, 3464,132.392,332.157,46.512,294.410
52620,-4.872658707,5.000000000, 3764,133.292,314.157,46.720,294.253
52680,-4.822658707,5.000000000, 4064,134.192,296.157,46.927,294.097
52740,-4.772658707,5.000000000, 4364,135.092,278.157,47.135,293.940
52800,-4.722658707,5.000000000, 4664,135.992,260.157,47.342,293.784
52860,-4.672658707,5.000000000, 4964,136.892,242.157,47.549,293.627
52920,-4.622658707,5.000000000, 5264,137.792,224.157,47.757,293.471
52980,-4.572658707,5.000000000, 5564,138.692,206.157,47.964,293.314
53040,-4.522658707,5.000000000, 5864,139.592,188.157,48.172,293.158
53100,-4.545683913,5.000000000, 6000,141.371,196.446,48.409,293.066
53160,-4.629227719,5.000000000, 6000,143.877,226.522,48.671,293.027
53220,-4.712771525,5.000000000, 6000,146.383,256.598,48.932,292.989
53280,-4.796315331,5.000000000, 6000,148.889,286.674,49.194,292.950
53340,-4.879859137,5.000000000, 6000,151.396,316.749,49.456,292.911
53400,-4.963402943,5.000000000, 6000,153.902,346.825,49.718,292.873
53460,-5.000000000,5.000000000, 5831,153.735,360.000,49.962,292.803
53520,-5.000000000,5.000000000, 5531,151.483,360.000,50.193,292.708
53580,-5.000000000,5.000000000, 5231,149.232,360.000,50.424,292.614
53640,-5.000000000,5.000000000, 4931,146.980,360.000,50.655,292.520
53700,-5.000000000,5.000000000, 4631,144.729,360.000,50.886,292.425
53760,-5.000000000,5.000000000, 4331,142.477,360.000,51.117,292.331
53820,-5.000000000,5.000000000, 4031,140.226,360.000,51.348,292.236
53880,-5.000000000,5.000000000, 3731,137.974,360.000,51.579,292.142
53940,-5.000000000,5.000000000, 3431,135.722,360.000,51.809,292.047
54000,-5.000000000,5.000000000, 3131,133.471,360.000,52.040,291.953
54060,-5.000000000,5.000000000, 2831,131.219,360.000,52.271,291.859
54120,-5.000000000,5.000000000, 2531,128.968,360.000,52.502,291.764
54180,-5.000000000,5.000000000, 2231,126.716,360.000,52.733,291.670
54240,-5.000000000,5.000000000, 1931,124.465,360.000,52.964,291.575
54300,-5.000000000,5.000000000, 1631,122.213,360.000,53.195,291.481
54360,-5.000000000,5.000000000, 1331,119.962,360.000,53.426,291.387
54420,-5.000000000,5.000000000, 1031,117.710,360.000,53.657,291.292
54480,-5.000000000,5.000000000,  731,115.459,360.000,53.888,291.198
54540,-5.000000000,5.000000000,  431,113.207,360.000,54.119,291.103
54600,-5.000000000,5.000000000,  131,110.955,360.000,54.350,291.009
54660,-4.954451479,5.000000000,   61,110.427,360.000,54.567,290.899
54720,-4.894932327,5.000000000,   61,110.427,360.000,54.781,290.785
54780,-4.835413176,5.000000000,   61,110.427,360.000,54.994,290.670
54840,-4.775894024,5.000000000,   61,110.427,360.000,55.208,290.556
54900,-4.716374873,5.000000000,   61,110.427,360.000,55.422,290.441
54960,-4.656855721,5.000000000,   61,110.427,360.000,55.635,290.327
55020,-4.597336570,5.000000000,   61,110.427,360.000,55.849,290.213
55080,-4.537817418,5.000000000,   61,110.427,360.000,56.063,290.098
55140,-4.478298267,5.000000000,   61,110.427,360.000,56.276,289.984
55200,-4.418779115,5.000000000,   61,110.427,360.000,56.490,289.869
55260,-4.359259964,5.000000000,   61,110.427,360.000,56.703,289.755
55320,-4.299740812,5.000000000,   61,110.427,360.000,56.917,289.641
55380,-4.240221661,5.000000000,   61,110.427,360.000,57.131,289.526
55440,-4.180702509,5.000000000,   61,110.427,360.000,57.344,289.412
55500,-4.121183358,5.000000000,   61,110.427,360.000,57.558,289.297
55560,-4.061664207,5.000000000,   61,110.427,360.000,57.771,289.183
55620,-4.002145055,5.000000000,   61,110.427,360.000,57.985,289.068
55680,-3.970784361,5.000000000,  350,111.867,360.000,58.212,288.990
55740,-3.940476433,5.000000000,  650,113.361,360.000,58.438,288.912
55800,-3.910168504,5.000000000,  950,114.854,360.000,58.665,288.834
55860,-3.879860576,5.000000000, 1250,116.348,360.000,58.892,288.757
55920,-3.849552647,5.000000000, 1550,117.842,360.000,59.119,288.679
55980,-3.819244719,5.000000000, 1850,119.336,360.000,59.346,288.602
56040,-3.788936790,5.000000000, 2150,120.830,360.000,59.573,288.524
56100,-3.758628862,5.000000000, 2450,122.324,360.000,59.800,288.447
56160,-3.728320933,5.000000000, 2750,123.817,360.000,60.027,288.369
56220,-3.698013005,5.000000000, 3050,125.311,360.000,60.254,288.292
56280,-3.667705076,5.000000000, 3350,126.805,360.000,60.481,288.214
56340,-3.637397147,5.000000000, 3650,128.299,360.000,60.708,288.136
56400,-3.607089219,5.000000000, 3950,129.793,360.000,60.935,288.059
56460,-3.576781290,5.000000000, 4250,131.287,360.000,61.162,287.981
56520,-3.546473362,5.000000000, 4550,132.781,360.000,61.389,287.904
56580,-3.516165433,5.000000000, 4850,134.274,360.000,61.616,287.826
56640,-3.485857505,5.000000000, 5150,135.768,360.000,61.843,287.749
56700,-3.455549576,5.000000000, 5450,137.262,360.000,62.070,287.671
56760,-3.425241648,5.000000000, 5750,138.756,360.000,62.297,287.594
56820,-3.386034797,5.000000000, 6000,140.175,360.000,62.522,287.514
56880,-3.302490991,5.000000000, 6000,141.219,360.000,62.736,287.428
56940,-3.218947184,5.000000000, 6000,142.263,360.000,62.951,287.341
57000,-3.135403378,5.000000000, 6000,143.307,360.000,63.165,287.254
57060,-3.051859572,5.000000000, 6000,144.352,360.000,63.379,287.168
