src/Components/missions/ORACLES/Plans/ORACLES-Flt-plan_p3_20160927_R0.ict
42, 1001
Samuel LeBlanc
NASA Ames Research Center
Simulated flight plan
ORACLES
1,1
2016,09,27,2016,09,27
60
Start_UTC, seconds from midnight UTC, time keeping
7
1,1,1,1,1,1,1
-9999,-9999,-9999,-9999,-9999,-9999,-9999
Latitude, Degrees (North positive), Planned latitude position of the aircraft
Longitude, Degrees (East positive), Planned longitude position of the aircraft
Altitude, meters (above sea level), Planned altitude of the aircraft
speed, meters per second (m/s), Estimated speed of aircraft
Bearing, degrees from north, Direction of travel of the plane per respect to north
SZA, degrees from zenith, Elevation position of the sun in the sky per respect to zenith
AZI, degrees from north, Azimuthal position of the sun in the sky per respect to north
1
Simulated aircraft data interpolated from flight plan waypoints
20
-----------------------------------------------------------------------------
PI_CONTACT_INFO: Samuel LeBlanc, samuel.leblanc@nasa.gov
PLATFORM: p3
LOCATION: N/A
ASSOCIATED_DATA: N/A
INSTRUMENT_INFO: None
DATA_INFO: Compiled with flight planner: moving lines v1.07
UNCERTAINTY: Undefined
ULOD_FLAG: -7777
ULOD_VALUE: N/A
LLOD_FLAG: -8888
LLOD_VALUE: N/A
DM_CONTACT_INFO: See PI
PROJECT_INFO: ORACLES
STIPULATIONS_ON_USE: None
OTHER_COMMENTS: N/A
REVISION: RA
RA: First iteration of the flight plan
-----------------------------------------------------------------------------
Start_UTC,Latitude,Longitude,Altitude,speed,Bearing,SZA,AZI
[from data line 470]
49800,-23.000000000,8.816311640, 2235,144.311,90.745,43.026,294.166
49860,-23.000000000,8.910002562, 2319,144.663,90.718,43.323,293.934
49920,-23.000000000,9.003693483, 2403,145.014,90.692,43.621,293.701
49980,-23.000000000,9.097384405, 2488,145.365,90.665,43.918,293.469
50040,-23.000000000,9.191075327, 2572,145.717,90.638,44.215,293.237
50100,-23.000000000,9.284766248, 2656,146.068,90.612,44.513,293.004
50160,-23.000000000,9.378457170, 2741,146.419,90.585,44.810,292.772
50220,-23.000000000,9.472148092, 2825,146.771,90.558,45.108,292.539
50280,-23.000000000,9.565839013, 2909,147.122,90.532,45.405,292.307
50340,-23.000000000,9.659529935, 2994,147.473,90.505,45.702,292.075
50400,-23.000000000,9.753220857, 3078,147.825,90.478,46.000,291.842
50460,-23.000000000,9.846911778, 3162,148.176,90.452,46.297,291.610
50520,-23.000000000,9.940602700, 3247,148.527,90.425,46.595,291.378
50580,-23.000000000,10.034293622, 3331,148.879,90.398,46.892,291.145
50640,-23.000000000,10.127984544, 3415,149.230,90.372,47.189,290.913
50700,-23.000000000,10.221675465, 3500,149.581,90.345,47.487,290.681
50760,-23.000000000,10.315366387, 3584,149.933,90.318,47.784,290.448
50820,-23.000000000,10.409057309, 3668,150.284,90.292,48.082,290.216
50880,-23.000000000,10.502748230, 3752,150.635,90.265,48.379,289.983
50940,-23.000000000,10.596439152, 3837,150.987,90.238,48.676,289.751
51000,-23.000000000,10.690130074, 3921,151.338,90.212,48.974,289.519
51060,-23.000000000,10.783820995, 4005,151.689,90.185,49.271,289.286
51120,-23.000000000,10.877511917, 4090,152.041,90.158,49.569,289.054
51180,-23.000000000,10.971202839, 4174,152.392,90.132,49.866,288.822
51240,-23.000000000,11.064893760, 4258,152.743,90.105,50.163,288.589
51300,-23.000000000,11.158584682, 4343,153.095,90.078,50.461,288.357
51360,-23.000000000,11.252275604, 4427,153.446,90.052,50.758,288.125
51420,-23.000000000,11.345966525, 4511,153.797,90.025,51.055,287.892
51480,-23.000000000,11.439657447, 4596,154.149,89.998,51.353,287.660
51540,-23.000000000,11.533348369, 4680,154.500,89.972,51.650,287.427
51600,-23.000000000,11.627039291, 4764,154.851,89.945,51.948,287.195
51660,-23.000000000,11.720730212, 4849,155.203,89.918,52.245,286.963
51720,-23.000000000,11.814421134, 4933,155.554,89.892,52.542,286.730
51780,-23.000000000,11.908112056, 5017,155.905,89.865,52.840,286.498
51840,-23.000000000,12.001802977, 5102,156.257,89.838,53.137,286.266
51900,-23.000000000,12.095493899, 5186,156.608,89.812,53.435,286.033
51960,-23.000000000,12.189184821, 5270,156.959,89.785,53.732,285.801
52020,-23.000000000,12.282875742, 5355,157.311,89.758,54.029,285.569
52080,-23.000000000,12.376566664, 5439,157.662,89.732,54.327,285.336
52140,-23.000000000,12.470257586, 5523,158.013,89.705,54.624,285.104
52200,-23.000000000,12.563948507, 5608,158.365,89.678,54.922,284.872
52260,-23.000000000,12.657639429, 5692,158.716,89.652,55.219,284.639
52320,-23.000000000,12.751330351, 5776,159.067,89.625,55.516,284.407
52380,-23.000000000,12.845021272, 5861,159.419,89.598,55.814,284.174
52440,-23.000000000,12.938712194, 5945,159.770,89.572,56.111,283.942
52500,-22.999673719,13.026466321, 5905,159.529,89.544,56.407,283.733
52560,-22.998730303,13.102991493, 5630,158.167,89.514,56.701,283.567
52620,-22.997786888,13.179516665, 5356,156.804,89.484,56.994,283.402
52680,-22.996843473,13.256041837, 5081,155.442,89.454,57.287,283.237
52740,-22.995900057,13.332567009, 4806,154.080,89.424,57.581,283.071
52800,-22.994956642,13.409092181, 4532,152.718,89.394,57.874,282.906
52860,-22.994013227,13.485617353, 4257,151.356,89.364,58.168,282.740
52920,-22.993069811,13.562142525, 3982,149.993,89.335,58.461,282.575
52980,-22.992126396,13.638667697, 3708,148.631,89.305,58.755,282.409
53040,-22.991182980,13.715192868, 3433,147.269,89.275,59.048,282.244
53100,-22.990239565,13.791718040, 3158,145.907,89.245,59.341,282.079
53160,-22.989296150,13.868243212, 2884,144.545,89.215,59.635,281.913
53220,-22.988352734,13.944768384, 2609,143.182,89.185,59.928,281.748
53280,-22.987409319,14.021293556, 2335,141.820,89.155,60.222,281.582
53340,-22.986465904,14.097818728, 2060,140.458,89.125,60.515,281.417
53400,-22.985522488,14.174343900, 1785,139.096,89.095,60.809,281.251
53460,-22.984579073,14.250869072, 1511,137.733,89.066,61.102,281.086
53520,-22.983635658,14.327394244, 1236,136.371,89.036,61.395,280.921
53580,-22.982692242,14.403919416,  961,135.009,89.006,61.689,280.755
53640,-22.981748827,14.480444588,  687,133.647,88.976,61.982,280.590
53700,-22.980805411,14.556969760,  412,132.285,88.946,62.276,280.424
53760,-22.979861996,14.633494932,  137,130.922,88.916,62.569,280.259
