src/Components/missions/ORACLES/Plans/ORACLES-Flt-plan_p3_20170829_RA.ict
42, 1001
michaeldiamond
NASA Ames Research Center
Simulated flight plan
ORACLES-2017
1,1
2017,08,29,2017,08,29
60
Start_UTC, seconds from midnight UTC, time keeping
7
1,1,1,1,1,1,1
-9999,-9999,-9999,-9999,-9999,-9999,-9999
Latitude, Degrees (North positive), Planned latitude position of the aircraft
Longitude, Degrees (East positive), Planned longitude position of the aircraft
Altitude, meters (above sea level), Planned altitude of the aircraft
speed, meters per second (m/s), Estimated speed of aircraft
Bearing, degrees from north, Direction of travel of the plane per respect to north
SZA, degrees from zenith, Elevation position of the sun in the sky per respect to zenith
AZI, degrees from north, Azimuthal position of the sun in the sky per respect to north
1
Simulated aircraft data interpolated from flight plan waypoints
20
-----------------------------------------------------------------------------
PI_CONTACT_INFO: michaeldiamond
PLATFORM: p3
LOCATION: N/A
ASSOCIATED_DATA: N/A
INSTRUMENT_INFO: None
DATA_INFO: Compiled with flight planner: moving lines v1.2
UNCERTAINTY: Undefined
ULOD_FLAG: -7777
ULOD_VALUE: N/A
LLOD_FLAG: -8888
LLOD_VALUE: N/A
DM_CONTACT_INFO: Samuel LeBlanc, samuel.leblanc@nasa.gov
PROJECT_INFO: ORACLES-2017
STIPULATIONS_ON_USE: None
OTHER_COMMENTS: N/A
REVISION: RA
RA: First iteration of the flight plan
-----------------------------------------------------------------------------
Start_UTC,Latitude,Longitude,Altitude,speed,Bearing,SZA,AZI
[from data line 238]
43080,-5.355491513,-1.000000000, 1759,122.313,124.185,15.015,230.362
43140,-5.418553612,-1.000000000, 1685,121.793,120.846,15.033,242.738
43200,-5.481615710,-1.000000000, 1610,121.273,117.506,15.052,255.114
43260,-5.544677809,-1.000000000, 1536,120.753,114.166,15.070,267.490
43320,-5.607739908,-1.000000000, 1462,120.233,110.826,15.088,279.866
43380,-5.670802007,-1.000000000, 1388,119.714,107.487,15.106,292.242
43440,-5.733864105,-1.000000000, 1313,119.194,104.147,15.124,304.618
43500,-5.796926204,-1.000000000, 1239,118.674,100.807,15.142,316.993
43560,-5.859988303,-1.000000000, 1165,118.154,97.467,15.161,329.369
43620,-5.923050402,-1.000000000, 1091,117.634,94.128,15.179,341.745
43680,-5.986112501,-1.000000000, 1016,117.114,90.788,15.197,354.121
43740,-6.000000000,-0.945425045, 1212,117.662,90.055,15.250,355.949
43800,-6.000000000,-0.875437465, 1483,118.512,90.059,15.313,354.798
43860,-6.000000000,-0.805449885, 1754,119.361,90.062,15.377,353.647
43920,-6.000000000,-0.735462305, 2026,120.211,90.066,15.440,352.496
43980,-6.000000000,-0.665474725, 2297,121.060,90.070,15.503,351.345
44040,-6.000000000,-0.595487145, 2568,121.910,90.073,15.566,350.194
44100,-6.000000000,-0.525499565, 2840,122.759,90.077,15.629,349.044
44160,-6.000000000,-0.455511985, 3111,123.609,90.081,15.692,347.893
44220,-6.000000000,-0.385524405, 3382,124.458,90.084,15.755,346.742
44280,-6.000000000,-0.315536825, 3654,125.308,90.088,15.819,345.591
44340,-6.000000000,-0.245549245, 3925,126.157,90.092,15.882,344.440
44400,-6.000000000,-0.175561665, 4196,127.007,90.095,15.945,343.289
44460,-6.000000000,-0.105574085, 4468,127.856,90.099,16.008,342.138
44520,-6.000000000,-0.035586505, 4739,128.706,90.103,16.071,340.987
44580,-6.000000000,0.038396954, 4877,129.426,89.239,16.187,339.966
44640,-6.000000000,0.116513986, 4877,130.011,87.479,16.358,339.078
44700,-6.000000000,0.194631018, 4877,130.597,85.719,16.529,338.190
44760,-6.000000000,0.272748050, 4877,131.183,83.959,16.700,337.302
44820,-6.000000000,0.350865082, 4877,131.769,82.199,16.871,336.414
44880,-6.000000000,0.428982114, 4877,132.355,80.438,17.042,335.527
44940,-6.000000000,0.507099146, 4877,132.941,78.678,17.213,334.639
45000,-6.000000000,0.585216178, 4877,133.527,76.918,17.384,333.751
45060,-6.000000000,0.663333210, 4877,134.113,75.158,17.555,332.863
45120,-6.000000000,0.741450242, 4877,134.698,73.398,17.726,331.975
45180,-6.000000000,0.819567273, 4877,135.284,71.637,17.897,331.088
45240,-6.000000000,0.897684305, 4877,135.870,69.877,18.068,330.200
45300,-6.000000000,0.975801337, 4877,136.456,68.117,18.239,329.312
45360,-6.000000000,1.053918369, 4877,137.042,66.357,18.410,328.424
45420,-6.000000000,1.132035401, 4877,137.628,64.597,18.581,327.537
45480,-6.000000000,1.210152433, 4877,138.214,62.837,18.752,326.649
45540,-6.000000000,1.288269465, 4877,138.800,61.076,18.923,325.761
45600,-6.000000000,1.366386497, 4877,139.385,59.316,19.094,324.873
45660,-6.000000000,1.444503529, 4877,139.971,57.556,19.264,323.985
45720,-6.000000000,1.522620561, 4877,140.557,55.796,19.435,323.098
45780,-6.000000000,1.600737593, 4877,141.143,54.036,19.606,322.210
45840,-6.000000000,1.678854625, 4877,141.729,52.275,19.777,321.322
45900,-6.000000000,1.756971657, 4877,142.315,50.515,19.948,320.434
45960,-6.000000000,1.835088688, 4877,142.901,48.755,20.119,319.547
46020,-6.000000000,1.913205720, 4877,143.487,46.995,20.290,318.659
46080,-6.000000000,1.991322752, 4877,144.073,45.235,20.461,317.771
46140,-5.951089488,2.048910512, 4877,144.138,50.174,20.679,317.256
46200,-5.896067082,2.103932918, 4877,144.138,55.951,20.903,316.788
46260,-5.841044675,2.158955325, 4877,144.138,61.727,21.127,316.319
46320,-5.786022269,2.213977731, 4877,144.138,67.504,21.350,315.851
46380,-5.730999863,2.269000137, 4877,144.138,73.281,21.574,315.382
46440,-5.675977457,2.324022543, 4877,144.138,79.057,21.798,314.914
46500,-5.620955050,2.379044950, 4877,144.138,84.834,22.022,314.446
46560,-5.565932644,2.434067356, 4877,144.138,90.611,22.245,313.977
46620,-5.510910238,2.489089762, 4877,144.138,96.387,22.469,313.509
46680,-5.455887831,2.544112169, 4877,144.138,102.164,22.693,313.041
46740,-5.400865425,2.599134575, 4877,144.138,107.940,22.917,312.572
46800,-5.345843019,2.654156981, 4877,144.138,113.717,23.140,312.104
46860,-5.290820612,2.709179388, 4877,144.138,119.494,23.364,311.635
46920,-5.235798206,2.764201794, 4877,144.138,125.270,23.588,311.167
46980,-5.180775800,2.819224200, 4877,144.138,131.047,23.812,310.699
47040,-5.125753393,2.874246607, 4877,144.138,136.824,24.035,310.230
47100,-5.070730987,2.929269013, 4877,144.138,142.600,24.259,309.762
47160,-5.015708581,2.984291419, 4877,144.138,148.377,24.483,309.293
47220,-4.960686175,3.039313825, 4877,144.138,154.154,24.707,308.825
47280,-4.905663768,3.094336232, 4877,144.138,159.930,24.930,308.357
47340,-4.850641362,3.149358638, 4877,144.138,165.707,25.154,307.888
47400,-4.795618956,3.204381044, 4877,144.138,171.483,25.378,307.420
47460,-4.740596549,3.259403451, 4877,144.138,177.260,25.602,306.951
47520,-4.685574143,3.314425857, 4877,144.138,183.037,25.825,306.483
47580,-4.630551737,3.369448263, 4877,144.138,188.813,26.049,306.015
47640,-4.575529330,3.424470670, 4877,144.138,194.590,26.273,305.546
47700,-4.520506924,3.479493076, 4877,144.138,200.367,26.497,305.078
47760,-4.465484518,3.534515482, 4877,144.138,206.143,26.720,304.610
47820,-4.410462111,3.589537889, 4877,144.138,211.920,26.944,304.141
47880,-4.355439705,3.644560295, 4877,144.138,217.697,27.168,303.673
47940,-4.300417299,3.699582701, 4877,144.138,223.473,27.392,303.204
48000,-4.245394893,3.754605107, 4877,144.138,229.250,27.615,302.736
48060,-4.190372486,3.809627514, 4877,144.138,235.026,27.839,302.268
48120,-4.135350080,3.864649920, 4877,144.138,240.803,28.063,301.799
48180,-4.080327674,3.919672326, 4877,144.138,246.580,28.287,301.331
48240,-4.025305267,3.974694733, 4877,144.138,252.356,28.510,300.862
48300,-3.970282861,4.029717139, 4877,144.138,258.133,28.734,300.394
48360,-3.915260455,4.084739545, 4877,144.138,263.910,28.958,299.926
48420,-3.860238048,4.139761952, 4877,144.138,269.686,29.182,299.457
48480,-3.805215642,4.194784358, 4877,144.138,275.463,29.405,298.989
48540,-3.750193236,4.249806764, 4877,144.138,281.239,29.629,298.520
48600,-3.695170829,4.304829171, 4877,144.138,287.016,29.853,298.052
48660,-3.640148423,4.359851577, 4877,144.138,292.793,30.077,297.584
48720,-3.585126017,4.414873983, 4877,144.138,298.569,30.300,297.115
48780,-3.530103611,4.469896389, 4877,144.138,304.346,30.524,296.647
48840,-3.475081204,4.524918796, 4877,144.138,310.123,30.748,296.179
48900,-3.420058798,4.579941202, 4877,144.138,315.899,30.972,295.710
48960,-3.365036392,4.634963608, 4877,144.138,321.676,31.196,295.242
49020,-3.310013985,4.689986015, 4877,144.138,327.453,31.419,294.773
49080,-3.254991579,4.745008421, 4877,144.138,333.229,31.643,294.305
49140,-3.199969173,4.800030827, 4877,144.138,339.006,31.867,293.837
49200,-3.144946766,4.855053234, 4877,144.138,344.782,32.091,293.368
49260,-3.089924360,4.910075640, 4877,144.138,350.559,32.314,292.900
49320,-3.034901954,4.965098046, 4877,144.138,356.336,32.538,292.431
49380,-2.971590865,5.000000000, 4877,144.138,357.443,32.758,292.058
49440,-2.893901810,5.000000000, 4877,144.138,350.451,32.972,291.848
49500,-2.816212754,5.000000000, 4877,144.138,343.459,33.186,291.638
49560,-2.738523699,5.000000000, 4877,144.138,336.467,33.400,291.429
49620,-2.660834643,5.000000000, 4877,144.138,329.475,33.614,291.219
49680,-2.583145587,5.000000000, 4877,144.138,322.483,33.828,291.009
49740,-2.505456532,5.000000000, 4877,144.138,315.491,34.042,290.800
49800,-2.427767476,5.000000000, 4877,144.138,308.499,34.256,290.590
49860,-2.350078421,5.000000000, 4877,144.138,301.507,34.470,290.380
49920,-2.272389365,5.000000000, 4877,144.138,294.515,34.684,290.171
49980,-2.194700310,5.000000000, 4877,144.138,287.523,34.898,289.961
50040,-2.117011254,5.000000000, 4877,144.138,280.531,35.112,289.751
50100,-2.039322199,5.000000000, 4877,144.138,273.539,35.326,289.542
50160,-1.961633143,5.000000000, 4877,144.138,266.547,35.540,289.332
50220,-1.883944088,5.000000000, 4877,144.138,259.555,35.754,289.122
50280,-1.806255032,5.000000000, 4877,144.138,252.563,35.969,288.913
50340,-1.728565976,5.000000000, 4877,144.138,245.571,36.183,288.703
50400,-1.650876921,5.000000000, 4877,144.138,238.579,36.397,288.493
50460,-1.573187865,5.000000000, 4877,144.138,231.587,36.611,288.284
50520,-1.495498810,5.000000000, 4877,144.138,224.595,36.825,288.074
50580,-1.417809754,5.000000000, 4877,144.138,217.603,37.039,287.864
50640,-1.340120699,5.000000000, 4877,144.138,210.611,37.253,287.655
50700,-1.262431643,5.000000000, 4877,144.138,203.619,37.467,287.445
50760,-1.184742588,5.000000000, 4877,144.138,196.627,37.681,287.235
50820,-1.107053532,5.000000000, 4877,144.138,189.635,37.895,287.026
50880,-1.029364476,5.000000000, 4877,144.138,182.643,38.109,286.816
50940,-0.951675421,5.000000000, 4877,144.138,175.651,38.323,286.606
51000,-0.873986365,5.000000000, 4877,144.138,168.659,38.537,286.397
51060,-0.796297310,5.000000000, 4877,144.138,161.667,38.751,286.187
51120,-0.718608254,5.000000000, 4877,144.138,154.675,38.965,285.977
51180,-0.640919199,5.000000000, 4877,144.138,147.683,39.179,285.768
51240,-0.563230143,5.000000000, 4877,144.138,140.691,39.393,285.558
51300,-0.485541088,5.000000000, 4877,144.138,133.699,39.607,285.348
51360,-0.407852032,5.000000000, 4877,144.138,126.707,39.821,285.139
51420,-0.330162977,5.000000000, 4877,144.138,119.715,40.035,284.929
51480,-0.252473921,5.000000000, 4877,144.138,112.723,40.249,284.719
51540,-0.174784865,5.000000000, 4877,144.138,105.731,40.463,284.510
51600,-0.097095810,5.000000000, 4877,144.138,98.739,40.677,284.300
51660,-0.019406754,5.000000000, 4877,144.138,91.747,40.891,284.090
51720,0.000000000,5.058282301, 4877,144.138,87.777,41.183,283.972
51780,0.000000000,5.135971357, 4877,144.138,84.815,41.502,283.884
51840,0.000000000,5.213660412, 4877,144.138,81.852,41.820,283.797
51900,0.000000000,5.291349468, 4877,144.138,78.889,42.139,283.709
51960,0.000000000,5.369038523, 4877,144.138,75.926,42.457,283.621
52020,0.002995448,5.443105117, 4839,143.872,73.487,42.772,283.535
52080,0.019947708,5.500293424, 4624,142.371,73.487,43.068,283.454
52140,0.036899969,5.557481730, 4410,140.870,73.488,43.364,283.374
52200,0.053852230,5.614670037, 4196,139.369,73.488,43.660,283.294
52260,0.070804491,5.671858343, 3981,137.868,73.488,43.956,283.214
52320,0.087756752,5.729046650, 3767,136.367,73.488,44.252,283.133
52380,0.104709013,5.786234957, 3552,134.866,73.488,44.548,283.053
52440,0.121661274,5.843423263, 3338,133.364,73.488,44.844,282.973
52500,0.138613534,5.900611570, 3123,131.863,73.489,45.140,282.893
52560,0.155565795,5.957799876, 2909,130.362,73.489,45.436,282.812
52620,0.172518056,6.014988183, 2694,128.861,73.489,45.732,282.732
52680,0.189470317,6.072176490, 2480,127.360,73.489,46.027,282.652
52740,0.206422578,6.129364796, 2266,125.859,73.489,46.323,282.571
52800,0.223374839,6.186553103, 2051,124.358,73.490,46.619,282.491
52860,0.240327099,6.243741409, 1837,122.857,73.490,46.915,282.411
52920,0.257279360,6.300929716, 1622,121.355,73.490,47.211,282.331
52980,0.274231621,6.358118023, 1408,119.854,73.490,47.507,282.250
53040,0.291183882,6.415306329, 1193,118.353,73.490,47.803,282.170
53100,0.308136143,6.472494636,  979,116.852,73.491,48.099,282.090
53160,0.325088404,6.529682942,  764,115.351,73.491,48.395,282.009
53220,0.342040664,6.586871249,  550,113.850,73.491,48.691,281.929
53280,0.358992925,6.644059556,  336,112.349,73.491,48.987,281.849
53340,0.375945186,6.701247862,  121,110.847,73.491,49.283,281.769
