src/Components/missions/ORACLES/Plans/ORACLES-Flt-plan_p3_20160927_R0.ict
42, 1001
Samuel LeBlanc
NASA Ames Research Center
Simulated flight plan
ORACLES
1,1
2016,09,27,2016,09,27
60
Start_UTC, seconds from midnight UTC, time keeping
7
1,1,1,1,1,1,1
-9999,-9999,-9999,-9999,-9999,-9999,-9999
Latitude, Degrees (North positive), Planned latitude position of the aircraft
Longitude, Degrees (East positive), Planned longitude position of the aircraft
Altitude, meters (above sea level), Planned altitude of the aircraft
speed, meters per second (m/s), Estimated speed of aircraft
Bearing, degrees from north, Direction of travel of the plane per respect to north
SZA, degrees from zenith, Elevation position of the sun in the sky per respect to zenith
AZI, degrees from north, Azimuthal position of the sun in the sky per respect to north
1
Simulated aircraft data interpolated from flight plan waypoints
20
-----------------------------------------------------------------------------
PI_CONTACT_INFO: Samuel LeBlanc, samuel.leblanc@nasa.gov
PLATFORM: p3
LOCATION: N/A
ASSOCIATED_DATA: N/A
INSTRUMENT_INFO: None
DATA_INFO: Compiled with flight planner: moving lines v1.07
UNCERTAINTY: Undefined
ULOD_FLAG: -7777
ULOD_VALUE: N/A
LLOD_FLAG: -8888
LLOD_VALUE: N/A
DM_CONTACT_INFO: See PI
PROJECT_INFO: ORACLES
STIPULATIONS_ON_USE: None
OTHER_COMMENTS: N/A
REVISION: RA
RA: First iteration of the flight plan
-----------------------------------------------------------------------------
Start_UTC,Latitude,Longitude,Altitude,speed,Bearing,SZA,AZI
[from data line 235]
35700,-22.081859195,1.774282025, 1500,141.250,226.254,34.394,50.720
35760,-22.066684711,1.754024089, 1500,141.250,224.896,34.217,50.433
35820,-22.051510227,1.733766153, 1500,141.250,223.538,34.041,50.146
35880,-22.036335743,1.713508217, 1500,141.250,222.180,33.864,49.859
35940,-22.021161259,1.693250281, 1500,141.250,220.822,33.688,49.573
36000,-22.005986775,1.672992345, 1500,141.250,219.464,33.511,49.286
36060,-21.990812291,1.652734409, 1500,141.250,218.106,33.335,48.999
36120,-21.975637808,1.632476473, 1500,141.250,216.748,33.158,48.712
36180,-21.960463324,1.612218537, 1500,141.250,215.389,32.982,48.425
36240,-21.945288840,1.591960601, 1500,141.250,214.031,32.805,48.139
36300,-21.930114356,1.571702665, 1500,141.250,212.673,32.629,47.852
36360,-21.914939872,1.551444729, 1500,141.250,211.315,32.452,47.565
36420,-21.899765388,1.531186793, 1500,141.250,209.957,32.276,47.278
36480,-21.884590904,1.510928857, 1500,141.250,208.599,32.100,46.992
36540,-21.869416420,1.490670921, 1500,141.250,207.241,31.923,46.705
36600,-21.854241936,1.470412985, 1500,141.250,205.883,31.747,46.418
36660,-21.839067453,1.450155049, 1500,141.250,204.525,31.570,46.131
36720,-21.823892969,1.429897113, 1500,141.250,203.166,31.394,45.844
36780,-21.808718485,1.409639177, 1500,141.250,201.808,31.217,45.558
36840,-21.793544001,1.389381241, 1500,141.250,200.450,31.041,45.271
36900,-21.778369517,1.369123305, 1500,141.250,199.092,30.864,44.984
36960,-21.763195033,1.348865369, 1500,141.250,197.734,30.688,44.697
37020,-21.748020549,1.328607433, 1500,141.250,196.376,30.511,44.411
37080,-21.732846065,1.308349497, 1500,141.250,195.018,30.335,44.124
37140,-21.717671581,1.288091561, 1500,141.250,193.660,30.158,43.837
37200,-21.702497098,1.267833625, 1500,141.250,192.302,29.982,43.550
37260,-21.687322614,1.247575689, 1500,141.250,190.943,29.805,43.263
37320,-21.672148130,1.227317753, 1500,141.250,189.585,29.629,42.977
37380,-21.656973646,1.207059817, 1500,141.250,188.227,29.452,42.690
37440,-21.641799162,1.186801881, 1500,141.250,186.869,29.276,42.403
37500,-21.626624678,1.166543945, 1500,141.250,185.511,29.099,42.116
37560,-21.611450194,1.146286009, 1500,141.250,184.153,28.923,41.830
37620,-21.596275710,1.126028073, 1500,141.250,182.795,28.746,41.543
37680,-21.581101226,1.105770137, 1500,141.250,181.437,28.570,41.256
37740,-21.565926743,1.085512201, 1500,141.250,180.079,28.393,40.969
37800,-21.550752259,1.065254265, 1500,141.250,178.720,28.217,40.682
37860,-21.535577775,1.044996329, 1500,141.250,177.362,28.040,40.396
37920,-21.520403291,1.024738393, 1500,141.250,176.004,27.864,40.109
37980,-21.505228807,1.004480457, 1500,141.250,174.646,27.688,39.822
38040,-21.490054323,0.984222521, 1500,141.250,173.288,27.511,39.535
38100,-21.474879839,0.963964585, 1500,141.250,171.930,27.335,39.249
38160,-21.459705355,0.943706649, 1500,141.250,170.572,27.158,38.962
38220,-21.444530872,0.923448713, 1500,141.250,169.214,26.982,38.675
38280,-21.429356388,0.903190777, 1500,141.250,167.855,26.805,38.388
38340,-21.414181904,0.882932842, 1500,141.250,166.497,26.629,38.101
38400,-21.399007420,0.862674906, 1500,141.250,165.139,26.452,37.815
38460,-21.383832936,0.842416970, 1500,141.250,163.781,26.276,37.528
38520,-21.368658452,0.822159034, 1500,141.250,162.423,26.099,37.241
38580,-21.353483968,0.801901098, 1500,141.250,161.065,25.923,36.954
38640,-21.338309484,0.781643162, 1500,141.250,159.707,25.746,36.668
38700,-21.323135000,0.761385226, 1500,141.250,158.349,25.570,36.381
38760,-21.307960517,0.741127290, 1500,141.250,156.991,25.393,36.094
38820,-21.292786033,0.720869354, 1500,141.250,155.632,25.217,35.807
38880,-21.277611549,0.700611418, 1500,141.250,154.274,25.040,35.520
38940,-21.262437065,0.680353482, 1500,141.250,152.916,24.864,35.234
39000,-21.247262581,0.660095546, 1500,141.250,151.558,24.687,34.947
39060,-21.232088097,0.639837610, 1500,141.250,150.200,24.511,34.660
39120,-21.216913613,0.619579674, 1500,141.250,148.842,24.334,34.373
39180,-21.201739129,0.599321738, 1500,141.250,147.484,24.158,34.087
39240,-21.186564645,0.579063802, 1500,141.250,146.126,23.981,33.800
39300,-21.171390162,0.558805866, 1500,141.250,144.768,23.805,33.513
39360,-21.156215678,0.538547930, 1500,141.250,143.409,23.629,33.226
39420,-21.141041194,0.518289994, 1500,141.250,142.051,23.452,32.939
39480,-21.125866710,0.498032058, 1500,141.250,140.693,23.276,32.653
39540,-21.110692226,0.477774122, 1500,141.250,139.335,23.099,32.366
39600,-21.095517742,0.457516186, 1500,141.250,137.977,22.923,32.079
39660,-21.080343258,0.437258250, 1500,141.250,136.619,22.746,31.792
39720,-21.065168774,0.417000314, 1500,141.250,135.261,22.570,31.506
39780,-21.049994290,0.396742378, 1500,141.250,133.903,22.393,31.219
39840,-21.034819807,0.376484442, 1500,141.250,132.545,22.217,30.932
39900,-21.019645323,0.356226506, 1500,141.250,131.186,22.040,30.645
39960,-21.004470839,0.335968570, 1500,141.250,129.828,21.864,30.358
40020,-21.032224554,0.373019780, 1500,141.250,133.143,21.803,35.461
40080,-21.077909083,0.434008626, 1500,141.250,138.410,21.790,42.815
40140,-21.123593612,0.494997472, 1500,141.250,143.677,21.778,50.170
40200,-21.169278141,0.555986318, 1500,141.250,148.944,21.765,57.524
40260,-21.214962670,0.616975164, 1500,141.250,154.210,21.753,64.878
40320,-21.260647199,0.677964010, 1500,141.250,159.477,21.740,72.232
40380,-21.306331727,0.738952856, 1500,141.250,164.744,21.728,79.586
40440,-21.352016256,0.799941702, 1500,141.250,170.011,21.715,86.940
40500,-21.397700785,0.860930548, 1500,141.250,175.277,21.703,94.294
40560,-21.443385314,0.921919394, 1500,141.250,180.544,21.690,101.649
40620,-21.489069843,0.982908240, 1500,141.250,185.811,21.678,109.003
40680,-21.534754372,1.043897086, 1500,141.250,191.078,21.665,116.357
40740,-21.580438901,1.104885932, 1500,141.250,196.345,21.653,123.711
40800,-21.626123429,1.165874778, 1500,141.250,201.611,21.640,131.065
40860,-21.671807958,1.226863624, 1500,141.250,206.878,21.628,138.419
40920,-21.717492487,1.287852470, 1500,141.250,212.145,21.615,145.773
40980,-21.763177016,1.348841316, 1500,141.250,217.412,21.603,153.128
41040,-21.808861545,1.409830162, 1500,141.250,222.679,21.590,160.482
41100,-21.854546074,1.470819008, 1500,141.250,227.945,21.578,167.836
41160,-21.900230602,1.531807854, 1500,141.250,233.212,21.565,175.190
41220,-21.945915131,1.592796700, 1500,141.250,238.479,21.553,182.544
41280,-21.991599660,1.653785546, 1500,141.250,243.746,21.540,189.898
41340,-22.037284189,1.714774392, 1500,141.250,249.012,21.528,197.252
41400,-22.082968718,1.775763238, 1500,141.250,254.279,21.515,204.607
41460,-22.128653247,1.836752084, 1500,141.250,259.546,21.503,211.961
41520,-22.174337776,1.897740930, 1500,141.250,264.813,21.490,219.315
41580,-22.220022304,1.958729776, 1500,141.250,270.080,21.478,226.669
41640,-22.265706833,2.019718622, 1500,141.250,275.346,21.465,234.023
41700,-22.311391362,2.080707468, 1500,141.250,280.613,21.453,241.377
41760,-22.357075891,2.141696314, 1500,141.250,285.880,21.440,248.731
41820,-22.402760420,2.202685160, 1500,141.250,291.147,21.428,256.086
41880,-22.448444949,2.263674006, 1500,141.250,296.413,21.415,263.440
41940,-22.494129477,2.324662852, 1500,141.250,301.680,21.403,270.794
42000,-22.539814006,2.385651698, 1500,141.250,306.947,21.390,278.148
42060,-22.585498535,2.446640544, 1500,141.250,312.214,21.378,285.502
42120,-22.631183064,2.507629390, 1500,141.250,317.481,21.365,292.856
42180,-22.676867593,2.568618236, 1500,141.250,322.747,21.353,300.210
42240,-22.722552122,2.629607082, 1500,141.250,328.014,21.340,307.565
42300,-22.768236651,2.690595929, 1500,141.250,333.281,21.328,314.919
42360,-22.813921179,2.751584775, 1500,141.250,338.548,21.315,322.273
42420,-22.859605708,2.812573621, 1500,141.250,343.815,21.303,329.627
42480,-22.905290237,2.873562467, 1500,141.250,349.081,21.290,336.981
42540,-22.950974766,2.934551313, 1500,141.250,354.348,21.278,344.335
42600,-22.996659295,2.995540159, 1500,141.250,359.615,21.265,351.690
42660,-23.000000000,3.000000000, 1765,142.353,344.181,21.312,351.613
42720,-23.000000000,3.000000000, 2050,143.542,327.115,21.364,350.950
42780,-23.000000000,3.000000000, 2336,144.732,310.048,21.416,350.287
42840,-23.000000000,3.000000000, 2621,145.921,292.981,21.467,349.624
42900,-23.000000000,3.000000000, 2907,147.110,275.914,21.519,348.961
42960,-23.000000000,3.000000000, 3192,148.300,258.848,21.571,348.298
43020,-23.000000000,3.000000000, 3477,149.489,241.781,21.622,347.635
43080,-23.000000000,3.000000000, 3763,150.679,224.714,21.674,346.971
43140,-23.000000000,3.000000000, 4048,151.868,207.647,21.726,346.308
43200,-23.000000000,3.000000000, 4334,153.058,190.581,21.777,345.645
43260,-23.000000000,3.000000000, 4619,154.247,173.514,21.829,344.982
43320,-23.000000000,3.000000000, 4905,155.437,156.447,21.881,344.319
43380,-23.000000000,3.000000000, 5190,156.626,139.381,21.933,343.656
43440,-23.000000000,3.000000000, 5476,157.816,122.314,21.984,342.993
43500,-23.000000000,3.000000000, 5761,159.005,105.247,22.036,342.330
43560,-23.000000000,3.008584944, 5992,159.968,90.977,22.111,341.698
43620,-23.000000000,3.060967802, 5945,159.771,90.977,22.303,341.220
43680,-23.000000000,3.113350659, 5898,159.575,90.977,22.495,340.742
43740,-23.000000000,3.165733517, 5851,159.378,90.977,22.688,340.265
43800,-23.000000000,3.218116374, 5804,159.182,90.977,22.880,339.787
43860,-23.000000000,3.270499232, 5757,158.986,90.977,23.072,339.310
43920,-23.000000000,3.322882089, 5709,158.789,90.977,23.264,338.832
43980,-23.000000000,3.375264947, 5662,158.593,90.977,23.457,338.355
44040,-23.000000000,3.427647805, 5615,158.396,90.977,23.649,337.877
44100,-23.000000000,3.480030662, 5568,158.200,90.977,23.841,337.399
44160,-23.000000000,3.532413520, 5521,158.003,90.977,24.034,336.922
44220,-23.000000000,3.584796377, 5474,157.807,90.977,24.226,336.444
44280,-23.000000000,3.637179235, 5427,157.611,90.977,24.418,335.967
44340,-23.000000000,3.689562092, 5379,157.414,90.977,24.611,335.489
44400,-23.000000000,3.741944950, 5332,157.218,90.977,24.803,335.012
44460,-23.000000000,3.794327808, 5285,157.021,90.977,24.995,334.534
44520,-23.000000000,3.846710665, 5238,156.825,90.977,25.187,334.056
44580,-23.000000000,3.899093523, 5191,156.628,90.977,25.380,333.579
44640,-23.000000000,3.951476380, 5144,156.432,90.977,25.572,333.101
44700,-23.000000000,4.003859238, 5097,156.236,90.977,25.764,332.624
44760,-23.000000000,4.056242095, 5049,156.039,90.977,25.957,332.146
44820,-23.000000000,4.108624953, 5002,155.843,90.977,26.149,331.668
44880,-23.000000000,4.161007811, 4955,155.646,90.977,26.341,331.191
44940,-23.000000000,4.213390668, 4908,155.450,90.977,26.534,330.713
45000,-23.000000000,4.265773526, 4861,155.253,90.977,26.726,330.236
45060,-23.000000000,4.318156383, 4814,155.057,90.977,26.918,329.758
45120,-23.000000000,4.370539241, 4767,154.860,90.977,27.111,329.281
45180,-23.000000000,4.422922098, 4719,154.664,90.977,27.303,328.803
45240,-23.000000000,4.475304956, 4672,154.468,90.977,27.495,328.325
45300,-23.000000000,4.527687814, 4625,154.271,90.977,27.687,327.848
45360,-23.000000000,4.580070671, 4578,154.075,90.977,27.880,327.370
45420,-23.000000000,4.632453529, 4531,153.878,90.977,28.072,326.893
45480,-23.000000000,4.684836386, 4484,153.682,90.977,28.264,326.415
45540,-23.000000000,4.737219244, 4437,153.485,90.977,28.457,325.938
45600,-23.000000000,4.789602102, 4389,153.289,90.977,28.649,325.460
45660,-23.000000000,4.841984959, 4342,153.093,90.977,28.841,324.982
45720,-23.000000000,4.894367817, 4295,152.896,90.977,29.034,324.505
45780,-23.000000000,4.946750674, 4248,152.700,90.977,29.226,324.027
45840,-23.000000000,4.999133532, 4201,152.503,90.977,29.418,323.550
45900,-23.000000000,5.051516389, 4154,152.307,90.977,29.610,323.072
45960,-23.000000000,5.103899247, 4106,152.110,90.977,29.803,322.594
46020,-23.000000000,5.156282105, 4059,151.914,90.977,29.995,322.117
46080,-23.000000000,5.208664962, 4012,151.718,90.977,30.187,321.639
46140,-23.000000000,5.261047820, 3965,151.521,90.977,30.380,321.162
46200,-23.000000000,5.313430677, 3918,151.325,90.977,30.572,320.684
46260,-23.000000000,5.365813535, 3871,151.128,90.977,30.764,320.207
46320,-23.000000000,5.418196392, 3824,150.932,90.977,30.957,319.729
46380,-23.000000000,5.470579250, 3776,150.735,90.977,31.149,319.251
46440,-23.000000000,5.522962108, 3729,150.539,90.977,31.341,318.774
46500,-23.000000000,5.575344965, 3682,150.342,90.977,31.534,318.296
46560,-23.000000000,5.627727823, 3635,150.146,90.977,31.726,317.819
46620,-23.000000000,5.680110680, 3588,149.950,90.977,31.918,317.341
46680,-23.000000000,5.732493538, 3541,149.753,90.977,32.110,316.864
46740,-23.000000000,5.784876395, 3494,149.557,90.977,32.303,316.386
46800,-23.000000000,5.837259253, 3446,149.360,90.977,32.495,315.908
46860,-23.000000000,5.889642111, 3399,149.164,90.977,32.687,315.431
46920,-23.000000000,5.942024968, 3352,148.967,90.977,32.880,314.953
46980,-23.000000000,5.994407826, 3305,148.771,90.977,33.072,314.476
47040,-23.000000000,6.046790683, 3258,148.575,90.977,33.264,313.998
47100,-23.000000000,6.099173541, 3211,148.378,90.977,33.457,313.520
47160,-23.000000000,6.151556398, 3164,148.182,90.977,33.649,313.043
47220,-23.000000000,6.203939256, 3116,147.985,90.977,33.841,312.565
47280,-23.000000000,6.256322114, 3069,147.789,90.977,34.034,312.088
47340,-23.000000000,6.308704971, 3022,147.592,90.977,34.226,311.610
47400,-23.000000000,6.361087829, 2975,147.396,90.977,34.418,311.133
47460,-23.000000000,6.413470686, 2928,147.199,90.977,34.610,310.655
47520,-23.000000000,6.465853544, 2881,147.003,90.977,34.803,310.177
47580,-23.000000000,6.518236401, 2834,146.807,90.977,34.995,309.700
47640,-23.000000000,6.570619259, 2786,146.610,90.977,35.187,309.222
47700,-23.000000000,6.623002117, 2739,146.414,90.977,35.380,308.745
47760,-23.000000000,6.675384974, 2692,146.217,90.977,35.572,308.267
47820,-23.000000000,6.727767832, 2645,146.021,90.977,35.764,307.790
47880,-23.000000000,6.780150689, 2598,145.824,90.977,35.957,307.312
47940,-23.000000000,6.832533547, 2551,145.628,90.977,36.149,306.834
48000,-23.000000000,6.884916404, 2504,145.432,90.977,36.341,306.357
48060,-23.000000000,6.937299262, 2456,145.235,90.977,36.533,305.879
48120,-23.000000000,6.989682120, 2409,145.039,90.977,36.726,305.402
48180,-23.000000000,7.042064977, 2362,144.842,90.977,36.918,304.924
48240,-23.000000000,7.094447835, 2315,144.646,90.977,37.110,304.446
48300,-23.000000000,7.146830692, 2268,144.449,90.977,37.303,303.969
48360,-23.000000000,7.199213550, 2221,144.253,90.977,37.495,303.491
48420,-23.000000000,7.251596407, 2174,144.057,90.977,37.687,303.014
48480,-23.000000000,7.303979265, 2126,143.860,90.977,37.880,302.536
48540,-23.000000000,7.356362123, 2079,143.664,90.977,38.072,302.059
48600,-23.000000000,7.408744980, 2032,143.467,90.977,38.264,301.581
48660,-23.000000000,7.461127838, 1985,143.271,90.977,38.457,301.103
48720,-23.000000000,7.513510695, 1938,143.074,90.977,38.649,300.626
48780,-23.000000000,7.565893553, 1891,142.878,90.977,38.841,300.148
48840,-23.000000000,7.618276410, 1844,142.681,90.977,39.033,299.671
48900,-23.000000000,7.670659268, 1796,142.485,90.977,39.226,299.193
48960,-23.000000000,7.723042126, 1749,142.289,90.977,39.418,298.716
49020,-23.000000000,7.775424983, 1702,142.092,90.977,39.610,298.238
49080,-23.000000000,7.827807841, 1655,141.896,90.977,39.803,297.760
49140,-23.000000000,7.880190698, 1608,141.699,90.977,39.995,297.283
49200,-23.000000000,7.932573556, 1561,141.503,90.977,40.187,296.805
49260,-23.000000000,7.984956413, 1514,141.306,90.977,40.380,296.328
49320,-23.000000000,8.066784266, 1560,141.500,90.958,40.647,296.025
49380,-23.000000000,8.160475188, 1644,141.852,90.932,40.944,295.792
49440,-23.000000000,8.254166110, 1729,142.203,90.905,41.242,295.560
49500,-23.000000000,8.347857031, 1813,142.554,90.878,41.539,295.328
49560,-23.000000000,8.441547953, 1897,142.906,90.852,41.836,295.095
49620,-23.000000000,8.535238875, 1982,143.257,90.825,42.134,294.863
49680,-23.000000000,8.628929797, 2066,143.608,90.798,42.431,294.631
