src/Components/missions/ORACLES/Plans/ORACLES-Flt-plan_p3_20170828_RC.ict
43, 1001
pz
NASA Ames Research Center
Simulated flight plan
ORACLES-2017
1,1
2017,08,28,2017,08,28
60
Start_UTC, seconds from midnight UTC, time keeping
7
1,1,1,1,1,1,1
-9999,-9999,-9999,-9999,-9999,-9999,-9999
Latitude, Degrees (North positive), Planned latitude position of the aircraft
Longitude, Degrees (East positive), Planned longitude position of the aircraft
Altitude, meters (above sea level), Planned altitude of the aircraft
speed, meters per second (m/s), Estimated speed of aircraft
Bearing, degrees from north, Direction of travel of the plane per respect to north
SZA, degrees from zenith, Elevation position of the sun in the sky per respect to zenith
AZI, degrees from north, Azimuthal position of the sun in the sky per respect to north
1
Simulated aircraft data interpolated from flight plan waypoints
21
-----------------------------------------------------------------------------
PI_CONTACT_INFO: pz
PLATFORM: p3
LOCATION: N/A
ASSOCIATED_DATA: N/A
INSTRUMENT_INFO: None
DATA_INFO: Compiled with flight planner: moving lines v1.09
UNCERTAINTY: Undefined
ULOD_FLAG: -7777
ULOD_VALUE: N/A
LLOD_FLAG: -8888
LLOD_VALUE: N/A
DM_CONTACT_INFO: Samuel LeBlanc, samuel.leblanc@nasa.gov
PROJECT_INFO: ORACLES-2017
STIPULATIONS_ON_USE: None
OTHER_COMMENTS: N/A
REVISION: RC
RC: Version 3 of the flight plan ict 
  RA: First iteration of the flight plan
-----------------------------------------------------------------------------
Start_UTC,Latitude,Longitude,Altitude,speed,Bearing,SZA,AZI
29947,0.000000000,5.433000000, 4877,129.138,270.000,52.247,72.258
30007,0.000000000,5.355310944, 4877,131.829,253.852,52.084,72.217
30067,0.000000000,5.277621889, 4877,134.520,237.704,51.920,72.175
30127,0.000000000,5.199932833, 4877,137.212,221.556,51.756,72.134
30187,0.000000000,5.122243778, 4877,139.903,205.409,51.593,72.093
30247,0.000000000,5.044554722, 4877,142.594,189.261,51.429,72.052
30307,-0.033134333,5.000000000, 4877,144.138,180.398,51.286,71.876
30367,-0.110823389,5.000000000, 4877,144.138,181.330,51.170,71.521
30427,-0.188512444,5.000000000, 4877,144.138,182.262,51.054,71.165
30487,-0.266201500,5.000000000, 4877,144.138,183.194,50.938,70.809
30547,-0.343890555,5.000000000, 4877,144.138,184.127,50.822,70.453
30607,-0.421579611,5.000000000, 4877,144.138,185.059,50.706,70.098
30667,-0.499268667,5.000000000, 4877,144.138,185.991,50.590,69.742
30727,-0.576957722,5.000000000, 4877,144.138,186.923,50.474,69.386
30787,-0.654646778,5.000000000, 4877,144.138,187.856,50.358,69.031
30847,-0.732335833,5.000000000, 4877,144.138,188.788,50.242,68.675
30907,-0.810024889,5.000000000, 4877,144.138,189.720,50.126,68.319
30967,-0.887713944,5.000000000, 4877,144.138,190.653,50.010,67.964
31027,-0.965403000,5.000000000, 4877,144.138,191.585,49.894,67.608
31087,-1.043092055,5.000000000, 4877,144.138,192.517,49.778,67.252
31147,-1.120781111,5.000000000, 4877,144.138,193.449,49.662,66.897
31207,-1.198470167,5.000000000, 4877,144.138,194.382,49.546,66.541
31267,-1.276159222,5.000000000, 4877,144.138,195.314,49.430,66.185
31327,-1.353848278,5.000000000, 4877,144.138,196.246,49.314,65.829
31387,-1.431537333,5.000000000, 4877,144.138,197.178,49.198,65.474
31447,-1.509226389,5.000000000, 4877,144.138,198.111,49.082,65.118
31507,-1.586915444,5.000000000, 4877,144.138,199.043,48.966,64.762
31567,-1.664604500,5.000000000, 4877,144.138,199.975,48.850,64.407
31627,-1.742293555,5.000000000, 4877,144.138,200.908,48.734,64.051
31687,-1.819982611,5.000000000, 4877,144.138,201.840,48.618,63.695
31747,-1.897671666,5.000000000, 4877,144.138,202.772,48.502,63.340
31807,-1.975360722,5.000000000, 4877,144.138,203.704,48.386,62.984
31867,-2.053049778,5.000000000, 4877,144.138,204.637,48.270,62.628
31927,-2.130738833,5.000000000, 4877,144.138,205.569,48.154,62.272
31987,-2.208427889,5.000000000, 4877,144.138,206.501,48.038,61.917
32047,-2.286116944,5.000000000, 4877,144.138,207.433,47.922,61.561
32107,-2.363806000,5.000000000, 4877,144.138,208.366,47.806,61.205
32167,-2.441495055,5.000000000, 4877,144.138,209.298,47.690,60.850
32227,-2.519184111,5.000000000, 4877,144.138,210.230,47.574,60.494
32287,-2.596873166,5.000000000, 4877,144.138,211.162,47.458,60.138
32347,-2.674562222,5.000000000, 4877,144.138,212.095,47.342,59.783
32407,-2.752251277,5.000000000, 4877,144.138,213.027,47.226,59.427
32467,-2.829940333,5.000000000, 4877,144.138,213.959,47.110,59.071
32527,-2.907629389,5.000000000, 4877,144.138,214.892,46.994,58.716
32587,-2.985318444,5.000000000, 4877,144.138,215.824,46.878,58.360
32647,-3.063007500,5.000000000, 4877,144.138,216.756,46.762,58.004
32707,-3.140696555,5.000000000, 4877,144.138,217.688,46.646,57.648
32767,-3.218385611,5.000000000, 4877,144.138,218.621,46.530,57.293
32827,-3.296074666,5.000000000, 4877,144.138,219.553,46.414,56.937
32887,-3.373763722,5.000000000, 4877,144.138,220.485,46.298,56.581
32947,-3.451452777,5.000000000, 4877,144.138,221.417,46.182,56.226
33007,-3.529141833,5.000000000, 4877,144.138,222.350,46.067,55.870
33067,-3.606830889,5.000000000, 4877,144.138,223.282,45.951,55.514
33127,-3.684519944,5.000000000, 4877,144.138,224.214,45.835,55.159
33187,-3.762209000,5.000000000, 4877,144.138,225.147,45.719,54.803
33247,-3.839898055,5.000000000, 4877,144.138,226.079,45.603,54.447
33307,-3.917587111,5.000000000, 4877,144.138,227.011,45.487,54.091
33367,-3.995276166,5.000000000, 4877,144.138,227.943,45.371,53.736
33427,-4.072965222,5.000000000, 4877,144.138,228.876,45.255,53.380
33487,-4.150654277,5.000000000, 4877,144.138,229.808,45.139,53.024
33547,-4.228343333,5.000000000, 4877,144.138,230.740,45.023,52.669
33607,-4.306032388,5.000000000, 4877,144.138,231.672,44.907,52.313
33667,-4.383721444,5.000000000, 4877,144.138,232.605,44.791,51.957
33727,-4.461410500,5.000000000, 4877,144.138,233.537,44.675,51.602
33787,-4.539099555,5.000000000, 4877,144.138,234.469,44.559,51.246
33847,-4.616788611,5.000000000, 4877,144.138,235.401,44.443,50.890
33907,-4.694477666,5.000000000, 4877,144.138,236.334,44.327,50.535
33967,-4.772166722,5.000000000, 4877,144.138,237.266,44.211,50.179
34027,-4.849855777,5.000000000, 4877,144.138,238.198,44.095,49.823
34087,-4.927544833,5.000000000, 4877,144.138,239.131,43.979,49.467
34147,-5.005233888,5.000000000, 4877,144.138,240.063,43.863,49.112
34207,-5.082922944,5.000000000, 4877,144.138,240.995,43.747,48.756
34267,-5.160611999,5.000000000, 4877,144.138,241.927,43.631,48.400
34327,-5.238301055,5.000000000, 4877,144.138,242.860,43.515,48.045
34387,-5.315990111,5.000000000, 4877,144.138,243.792,43.399,47.689
34447,-5.393679166,5.000000000, 4877,144.138,244.724,43.283,47.333
34507,-5.471368222,5.000000000, 4877,144.138,245.656,43.167,46.978
34567,-5.549057277,5.000000000, 4877,144.138,246.589,43.051,46.622
34627,-5.626746333,5.000000000, 4877,144.138,247.521,42.935,46.266
34687,-5.704435388,5.000000000, 4877,144.138,248.453,42.819,45.910
34747,-5.782124444,5.000000000, 4877,144.138,249.385,42.703,45.555
34807,-5.859813499,5.000000000, 4877,144.138,250.318,42.587,45.199
34867,-5.937502555,5.000000000, 4877,144.138,251.250,42.471,44.843
34927,-6.015191611,5.000000000, 4877,144.138,252.182,42.355,44.488
34987,-6.092880666,5.000000000, 4877,144.138,253.115,42.239,44.132
35047,-6.170569722,5.000000000, 4877,144.138,254.047,42.123,43.776
35107,-6.248258777,5.000000000, 4877,144.138,254.979,42.007,43.421
35167,-6.325947833,5.000000000, 4877,144.138,255.911,41.891,43.065
35227,-6.403636888,5.000000000, 4877,144.138,256.844,41.775,42.709
35287,-6.481325944,5.000000000, 4877,144.138,257.776,41.659,42.354
35347,-6.559014999,5.000000000, 4877,144.138,258.708,41.543,41.998
35407,-6.636704055,5.000000000, 4877,144.138,259.640,41.427,41.642
35467,-6.714393110,5.000000000, 4877,144.138,260.573,41.311,41.286
35527,-6.792082166,5.000000000, 4877,144.138,261.505,41.195,40.931
35587,-6.869771222,5.000000000, 4877,144.138,262.437,41.079,40.575
35647,-6.947460277,5.000000000, 4877,144.138,263.370,40.963,40.219
35707,-7.025149333,5.000000000, 4877,144.138,264.302,40.847,39.864
35767,-7.102838388,5.000000000, 4877,144.138,265.234,40.731,39.508
35827,-7.180527444,5.000000000, 4877,144.138,266.166,40.615,39.152
35887,-7.258216499,5.000000000, 4877,144.138,267.099,40.499,38.797
35947,-7.335905555,5.000000000, 4877,144.138,268.031,40.384,38.441
36007,-7.413594610,5.000000000, 4877,144.138,268.963,40.268,38.085
36067,-7.491283666,5.000000000, 4877,144.138,269.895,40.152,37.729
36127,-7.568972721,5.000000000, 4877,144.138,270.828,40.036,37.374
36187,-7.646661777,5.000000000, 4877,144.138,271.760,39.920,37.018
36247,-7.724350833,5.000000000, 4877,144.138,272.692,39.804,36.662
36307,-7.802039888,5.000000000, 4877,144.138,273.624,39.688,36.307
36367,-7.879728944,5.000000000, 4877,144.138,274.557,39.572,35.951
36427,-7.957417999,5.000000000, 4877,144.138,275.489,39.456,35.595
36487,-8.035107055,5.000000000, 4877,144.138,276.421,39.340,35.240
36547,-8.112796110,5.000000000, 4877,144.138,277.354,39.224,34.884
36607,-8.190485166,5.000000000, 4877,144.138,278.286,39.108,34.528
36667,-8.268174221,5.000000000, 4877,144.138,279.218,38.992,34.173
36727,-8.345863277,5.000000000, 4877,144.138,280.150,38.876,33.817
36787,-8.423552333,5.000000000, 4877,144.138,281.083,38.760,33.461
36847,-8.501241388,5.000000000, 4877,144.138,282.015,38.644,33.105
36907,-8.578930444,5.000000000, 4877,144.138,282.947,38.528,32.750
36967,-8.656619499,5.000000000, 4877,144.138,283.879,38.412,32.394
37027,-8.734308555,5.000000000, 4877,144.138,284.812,38.296,32.038
37087,-8.811997610,5.000000000, 4877,144.138,285.744,38.180,31.683
37147,-8.889686666,5.000000000, 4877,144.138,286.676,38.064,31.327
37207,-8.967375721,5.000000000, 4877,144.138,287.609,37.948,30.971
37267,-9.045064777,5.000000000, 4877,144.138,288.541,37.832,30.616
37327,-9.122753832,5.000000000, 4877,144.138,289.473,37.716,30.260
37387,-9.200442888,5.000000000, 4877,144.138,290.405,37.600,29.904
37447,-9.278131944,5.000000000, 4877,144.138,291.338,37.484,29.548
37507,-9.355820999,5.000000000, 4877,144.138,292.270,37.368,29.193
37567,-9.433510055,5.000000000, 4877,144.138,293.202,37.252,28.837
37627,-9.511199110,5.000000000, 4877,144.138,294.134,37.136,28.481
37687,-9.588888166,5.000000000, 4877,144.138,295.067,37.020,28.126
37747,-9.666577221,5.000000000, 4877,144.138,295.999,36.904,27.770
37807,-9.744266277,5.000000000, 4877,144.138,296.931,36.788,27.414
37867,-9.821955332,5.000000000, 4877,144.138,297.863,36.672,27.059
37927,-9.899644388,5.000000000, 4877,144.138,298.796,36.556,26.703
37987,-9.977333443,5.000000000, 4877,144.138,299.728,36.440,26.347
38047,-10.055022499,5.000000000, 4877,144.138,300.660,36.324,25.992
38107,-10.132711555,5.000000000, 4877,144.138,301.593,36.208,25.636
38167,-10.210400610,5.000000000, 4877,144.138,302.525,36.092,25.280
38227,-10.288089666,5.000000000, 4877,144.138,303.457,35.976,24.924
38287,-10.365778721,5.000000000, 4877,144.138,304.389,35.860,24.569
38347,-10.443467777,5.000000000, 4877,144.138,305.322,35.744,24.213
38407,-10.521156832,5.000000000, 4877,144.138,306.254,35.628,23.857
38467,-10.598845888,5.000000000, 4877,144.138,307.186,35.512,23.502
38527,-10.676534943,5.000000000, 4877,144.138,308.118,35.396,23.146
38587,-10.754223999,5.000000000, 4877,144.138,309.051,35.280,22.790
38647,-10.831913055,5.000000000, 4877,144.138,309.983,35.164,22.435
38707,-10.909602110,5.000000000, 4877,144.138,310.915,35.048,22.079
38767,-10.987291166,5.000000000, 4877,144.138,311.847,34.932,21.723
38827,-11.064980221,5.000000000, 4877,144.138,312.780,34.817,21.367
38887,-11.142669277,5.000000000, 4877,144.138,313.712,34.701,21.012
38947,-11.220358332,5.000000000, 4877,144.138,314.644,34.585,20.656
39007,-11.298047388,5.000000000, 4877,144.138,315.577,34.469,20.300
39067,-11.375736443,5.000000000, 4877,144.138,316.509,34.353,19.945
39127,-11.453425499,5.000000000, 4877,144.138,317.441,34.237,19.589
39187,-11.531114554,5.000000000, 4877,144.138,318.373,34.121,19.233
39247,-11.608803610,5.000000000, 4877,144.138,319.306,34.005,18.878
39307,-11.686492666,5.000000000, 4877,144.138,320.238,33.889,18.522
39367,-11.764181721,5.000000000, 4877,144.138,321.170,33.773,18.166
39427,-11.841870777,5.000000000, 4877,144.138,322.102,33.657,17.810
39487,-11.919559832,5.000000000, 4877,144.138,323.035,33.541,17.455
39547,-11.997248888,5.000000000, 4877,144.138,323.967,33.425,17.099
39607,-12.074937943,5.000000000, 4877,144.138,324.899,33.309,16.743
39667,-12.152626999,5.000000000, 4877,144.138,325.832,33.193,16.388
39727,-12.230316054,5.000000000, 4877,144.138,326.764,33.077,16.032
39787,-12.308005110,5.000000000, 4877,144.138,327.696,32.961,15.676
39847,-12.385694165,5.000000000, 4877,144.138,328.628,32.845,15.321
39907,-12.463383221,5.000000000, 4877,144.138,329.561,32.729,14.965
39967,-12.541072277,5.000000000, 4877,144.138,330.493,32.613,14.609
40027,-12.618761332,5.000000000, 4877,144.138,331.425,32.497,14.254
40087,-12.696450388,5.000000000, 4877,144.138,332.357,32.381,13.898
40147,-12.774139443,5.000000000, 4877,144.138,333.290,32.265,13.542
40207,-12.851828499,5.000000000, 4877,144.138,334.222,32.149,13.186
40267,-12.929517554,5.000000000, 4877,144.138,335.154,32.033,12.831
40327,-13.007206610,5.000000000, 4877,144.138,336.086,31.917,12.475
40387,-13.084895665,5.000000000, 4877,144.138,337.019,31.801,12.119
40447,-13.162584721,5.000000000, 4877,144.138,337.951,31.685,11.764
40507,-13.240273777,5.000000000, 4877,144.138,338.883,31.569,11.408
40567,-13.317962832,5.000000000, 4877,144.138,339.816,31.453,11.052
40627,-13.395651888,5.000000000, 4877,144.138,340.748,31.337,10.697
40687,-13.473340943,5.000000000, 4877,144.138,341.680,31.221,10.341
40747,-13.551029999,5.000000000, 4877,144.138,342.612,31.105,9.985
40807,-13.628719054,5.000000000, 4877,144.138,343.545,30.989,9.629
40867,-13.706408110,5.000000000, 4877,144.138,344.477,30.873,9.274
40927,-13.784097165,5.000000000, 4877,144.138,345.409,30.757,8.918
40987,-13.861786221,5.000000000, 4877,144.138,346.341,30.641,8.562
41047,-13.939475276,5.000000000, 4877,144.138,347.274,30.525,8.207
41107,-14.017164332,5.000000000, 4877,144.138,348.206,30.409,7.851
41167,-14.094853388,5.000000000, 4877,144.138,349.138,30.293,7.495
41227,-14.172542443,5.000000000, 4877,144.138,350.071,30.177,7.140
41287,-14.250231499,5.000000000, 4877,144.138,351.003,30.061,6.784
41347,-14.327920554,5.000000000, 4877,144.138,351.935,29.945,6.428
41407,-14.405609610,5.000000000, 4877,144.138,352.867,29.829,6.073
41467,-14.483298665,5.000000000, 4877,144.138,353.800,29.713,5.717
41527,-14.560987721,5.000000000, 4877,144.138,354.732,29.597,5.361
41587,-14.638676776,5.000000000, 4877,144.138,355.664,29.481,5.005
41647,-14.716365832,5.000000000, 4877,144.138,356.596,29.365,4.650
41707,-14.794054887,5.000000000, 4877,144.138,357.529,29.250,4.294
41767,-14.871743943,5.000000000, 4877,144.138,358.461,29.134,3.938
41827,-14.949432999,5.000000000, 4877,144.138,359.393,29.018,3.583
41887,-15.000000000,5.000000000, 4784,143.486,360.000,28.944,10.138
41947,-15.000000000,5.000000000, 4517,141.618,360.000,28.948,29.579
42007,-15.000000000,5.000000000, 4250,139.751,360.000,28.953,49.019
42067,-15.000000000,5.000000000, 3983,137.884,360.000,28.958,68.460
42127,-15.000000000,5.000000000, 3717,136.016,360.000,28.963,87.900
42187,-15.000000000,5.000000000, 3450,134.149,360.000,28.967,107.341
42247,-15.000000000,5.000000000, 3183,132.282,360.000,28.972,126.781
42307,-15.000000000,5.000000000, 2916,130.414,360.000,28.977,146.222
42367,-15.000000000,5.000000000, 2650,128.547,360.000,28.982,165.662
42427,-15.000000000,5.000000000, 2383,126.680,360.000,28.986,185.103
42487,-15.000000000,5.000000000, 2116,124.812,360.000,28.991,204.543
42547,-15.000000000,5.000000000, 1849,122.945,360.000,28.996,223.984
42607,-15.000000000,5.000000000, 1582,121.077,360.000,29.000,243.424
42667,-15.000000000,5.000000000, 1316,119.210,360.000,29.005,262.865
42727,-15.000000000,5.000000000, 1049,117.343,360.000,29.010,282.305
42787,-15.000000000,5.000000000,  782,115.475,360.000,29.015,301.746
42847,-15.000000000,5.000000000,  515,113.608,360.000,29.019,321.187
42907,-15.000000000,5.000000000,  249,111.741,360.000,29.024,340.627
42967,-14.982363828,5.000000000,   61,110.427,360.000,29.020,354.155
43027,-14.922844677,5.000000000,   61,110.427,360.000,28.996,353.643
43087,-14.863325525,5.000000000,   61,110.427,360.000,28.972,353.130
43147,-14.803806374,5.000000000,   61,110.427,360.000,28.947,352.617
43207,-14.744287222,5.000000000,   61,110.427,360.000,28.923,352.105
43267,-14.684768071,5.000000000,   61,110.427,360.000,28.899,351.592
43327,-14.625248919,5.000000000,   61,110.427,360.000,28.874,351.079
43387,-14.565729768,5.000000000,   61,110.427,360.000,28.850,350.567
43447,-14.506210616,5.000000000,   61,110.427,360.000,28.826,350.054
43507,-14.446691465,5.000000000,   61,110.427,360.000,28.802,349.541
43567,-14.388313831,5.000000000,   90,110.044,360.000,28.782,349.028
43627,-14.334091206,5.000000000,  223,108.268,360.000,28.781,348.515
43687,-14.279868581,5.000000000,  357,106.492,360.000,28.779,348.001
43747,-14.225645956,5.000000000,  490,104.716,360.000,28.777,347.487
43807,-14.171423331,5.000000000,  624,102.940,360.000,28.776,346.973
43867,-14.117200706,5.000000000,  758,101.163,360.000,28.774,346.460
43927,-14.057457914,5.000000000,  800,101.238,360.000,28.784,345.946
43987,-13.995150404,5.000000000,  800,102.173,360.000,28.799,345.433
44047,-13.932842895,5.000000000,  800,103.107,360.000,28.813,344.920
44107,-13.870535385,5.000000000,  800,104.042,360.000,28.828,344.407
