src/Components/missions/ORACLES/Plans/ORACLES-Flt-plan_er2_20160923_R0.ict
43, 1001
rferrare
NASA Ames Research Center
Simulated flight plan
ORACLES
1,1
2016,09,23,2016,09,23
60
Start_UTC, seconds from midnight UTC, time keeping
7
1,1,1,1,1,1,1
-9999,-9999,-9999,-9999,-9999,-9999,-9999
Latitude, Degrees (North positive), Planned latitude position of the aircraft
Longitude, Degrees (East positive), Planned longitude position of the aircraft
Altitude, meters (above sea level), Planned altitude of the aircraft
speed, meters per second (m/s), Estimated speed of aircraft
Bearing, degrees from north, Direction of travel of the plane per respect to north
SZA, degrees from zenith, Elevation position of the sun in the sky per respect to zenith
AZI, degrees from north, Azimuthal position of the sun in the sky per respect to north
1
Simulated aircraft data interpolated from flight plan waypoints
21
-----------------------------------------------------------------------------
PI_CONTACT_INFO: rferrare
PLATFORM: er2
LOCATION: N/A
ASSOCIATED_DATA: N/A
INSTRUMENT_INFO: None
DATA_INFO: Compiled with flight planner: moving lines v1.09
UNCERTAINTY: Undefined
ULOD_FLAG: -7777
ULOD_VALUE: N/A
LLOD_FLAG: -8888
LLOD_VALUE: N/A
DM_CONTACT_INFO: Samuel LeBlanc, samuel.leblanc@nasa.gov
PROJECT_INFO: ORACLES
STIPULATIONS_ON_USE: None
OTHER_COMMENTS: N/A
REVISION: RE
RE: Version 5 of the flight plan ict 
  RA: First iteration of the flight plan
-----------------------------------------------------------------------------
Start_UTC,Latitude,Longitude,Altitude,speed,Bearing,SZA,AZI
[from data line 234]
44640,-8.644288612,5.196893654,19000,204.900,189.360,16.799,314.883
44700,-8.672170615,5.090012644,19000,204.900,188.256,16.922,314.566
44760,-8.700052617,4.983131633,19000,204.900,187.153,17.044,314.250
44820,-8.727934620,4.876250623,19000,204.900,186.050,17.166,313.934
44880,-8.755816623,4.769369613,19000,204.900,184.947,17.288,313.618
44940,-8.783698625,4.662488602,19000,204.900,183.844,17.410,313.302
45000,-8.811580628,4.555607592,19000,204.900,182.740,17.533,312.986
45060,-8.839462631,4.448726582,19000,204.900,181.637,17.655,312.670
45120,-8.867344634,4.341845571,19000,204.900,180.534,17.777,312.354
45180,-8.895226636,4.234964561,19000,204.900,179.431,17.899,312.038
45240,-8.923108639,4.128083550,19000,204.900,178.327,18.021,311.722
45300,-8.950990642,4.021202540,19000,204.900,177.224,18.143,311.405
45360,-8.978872644,3.914321530,19000,204.900,176.121,18.266,311.089
45420,-9.006754647,3.807440519,19000,204.900,175.018,18.388,310.773
45480,-9.034636650,3.700559509,19000,204.900,173.915,18.510,310.457
45540,-9.062518653,3.593678499,19000,204.900,172.811,18.632,310.141
45600,-9.090400655,3.486797488,19000,204.900,171.708,18.754,309.825
45660,-9.118282658,3.379916478,19000,204.900,170.605,18.877,309.509
45720,-9.146164661,3.273035467,19000,204.900,169.502,18.999,309.193
45780,-9.174046663,3.166154457,19000,204.900,168.399,19.121,308.877
45840,-9.201928666,3.059273447,19000,204.900,167.295,19.243,308.561
45900,-9.229810669,2.952392436,19000,204.900,166.192,19.365,308.244
45960,-9.257692671,2.845511426,19000,204.900,165.089,19.488,307.928
46020,-9.285574674,2.738630416,19000,204.900,163.986,19.610,307.612
46080,-9.313456677,2.631749405,19000,204.900,162.882,19.732,307.296
46140,-9.341338680,2.524868395,19000,204.900,161.779,19.854,306.980
46200,-9.369220682,2.417987385,19000,204.900,160.676,19.976,306.664
46260,-9.397102685,2.311106374,19000,204.900,159.573,20.098,306.348
46320,-9.424984688,2.204225364,19000,204.900,158.470,20.221,306.032
46380,-9.452866690,2.097344353,19000,204.900,157.366,20.343,305.716
46440,-9.480748693,1.990463343,19000,204.900,156.263,20.465,305.400
46500,-9.508630696,1.883582333,19000,204.900,155.160,20.587,305.083
46560,-9.536512699,1.776701322,19000,204.900,154.057,20.709,304.767
46620,-9.564394701,1.669820312,19000,204.900,152.953,20.832,304.451
46680,-9.592276704,1.562939302,19000,204.900,151.850,20.954,304.135
46740,-9.620158707,1.456058291,19000,204.900,150.747,21.076,303.819
46800,-9.648040709,1.349177281,19000,204.900,149.644,21.198,303.503
46860,-9.675922712,1.242296270,19000,204.900,148.541,21.320,303.187
46920,-9.703804715,1.135415260,19000,204.900,147.437,21.443,302.871
46980,-9.731686717,1.028534250,19000,204.900,146.334,21.565,302.555
47040,-9.759568720,0.921653239,19000,204.900,145.231,21.687,302.239
47100,-9.787450723,0.814772229,19000,204.900,144.128,21.809,301.922
47160,-9.815332726,0.707891219,19000,204.900,143.025,21.931,301.606
47220,-9.843214728,0.601010208,19000,204.900,141.921,22.053,301.290
47280,-9.871096731,0.494129198,19000,204.900,140.818,22.176,300.974
47340,-9.898978734,0.387248188,19000,204.900,139.715,22.298,300.658
47400,-9.926860736,0.280367177,19000,204.900,138.612,22.420,300.342
47460,-9.954742739,0.173486167,19000,204.900,137.508,22.542,300.026
47520,-9.982624742,0.066605156,19000,204.900,136.405,22.664,299.710
47580,-10.029393894,0.029393894,19000,204.900,135.724,22.862,299.433
47640,-10.107397182,0.107397182,19000,204.900,135.741,23.185,299.220
47700,-10.185400470,0.185400470,19000,204.900,135.757,23.507,299.007
47760,-10.263403758,0.263403758,19000,204.900,135.774,23.830,298.795
47820,-10.341407046,0.341407046,19000,204.900,135.790,24.152,298.582
47880,-10.419410335,0.419410335,19000,204.900,135.807,24.475,298.369
47940,-10.497413623,0.497413623,19000,204.900,135.824,24.797,298.157
48000,-10.575416911,0.575416911,19000,204.900,135.840,25.120,297.944
48060,-10.653420199,0.653420199,19000,204.900,135.857,25.442,297.731
48120,-10.731423488,0.731423488,19000,204.900,135.873,25.765,297.519
48180,-10.809426776,0.809426776,19000,204.900,135.890,26.087,297.306
48240,-10.887430064,0.887430064,19000,204.900,135.906,26.410,297.093
48300,-10.965433352,0.965433352,19000,204.900,135.923,26.732,296.881
48360,-11.043436641,1.043436641,19000,204.900,135.940,27.055,296.668
48420,-11.121439929,1.121439929,19000,204.900,135.956,27.377,296.455
48480,-11.199443217,1.199443217,19000,204.900,135.973,27.700,296.243
48540,-11.277446505,1.277446505,19000,204.900,135.989,28.022,296.030
48600,-11.355449793,1.355449793,19000,204.900,136.006,28.345,295.817
48660,-11.433453082,1.433453082,19000,204.900,136.023,28.667,295.605
48720,-11.511456370,1.511456370,19000,204.900,136.039,28.990,295.392
48780,-11.589459658,1.589459658,19000,204.900,136.056,29.312,295.179
48840,-11.667462946,1.667462946,19000,204.900,136.072,29.635,294.967
48900,-11.745466235,1.745466235,19000,204.900,136.089,29.957,294.754
48960,-11.823469523,1.823469523,19000,204.900,136.106,30.280,294.541
49020,-11.901472811,1.901472811,19000,204.900,136.122,30.602,294.329
49080,-11.979476099,1.979476099,19000,204.900,136.139,30.925,294.116
49140,-12.058204921,2.058204921,19000,204.900,136.148,31.250,293.960
49200,-12.137192807,2.137192807,19000,204.900,136.155,31.576,293.824
49260,-12.216180692,2.216180692,19000,204.900,136.162,31.903,293.689
49320,-12.295168577,2.295168577,19000,204.900,136.169,32.229,293.553
49380,-12.374156462,2.374156462,19000,204.900,136.176,32.556,293.417
49440,-12.453144347,2.453144347,19000,204.900,136.182,32.882,293.282
49500,-12.532132232,2.532132232,19000,204.900,136.189,33.208,293.146
49560,-12.611120117,2.611120117,19000,204.900,136.196,33.535,293.010
49620,-12.690108002,2.690108002,19000,204.900,136.203,33.861,292.875
49680,-12.769095888,2.769095888,19000,204.900,136.210,34.188,292.739
49740,-12.848083773,2.848083773,19000,204.900,136.217,34.514,292.603
49800,-12.927071658,2.927071658,19000,204.900,136.223,34.840,292.468
49860,-13.006059543,3.006059543,19000,204.900,136.230,35.167,292.332
49920,-13.085047428,3.085047428,19000,204.900,136.237,35.493,292.196
49980,-13.164035313,3.164035313,19000,204.900,136.244,35.819,292.061
50040,-13.243023198,3.243023198,19000,204.900,136.251,36.146,291.925
50100,-13.322011083,3.322011083,19000,204.900,136.258,36.472,291.789
50160,-13.400998969,3.400998969,19000,204.900,136.264,36.799,291.653
50220,-13.479986854,3.479986854,19000,204.900,136.271,37.125,291.518
50280,-13.558974739,3.558974739,19000,204.900,136.278,37.451,291.382
50340,-13.637962624,3.637962624,19000,204.900,136.285,37.778,291.246
50400,-13.716950509,3.716950509,19000,204.900,136.292,38.104,291.111
50460,-13.795938394,3.795938394,19000,204.900,136.299,38.431,290.975
50520,-13.874926279,3.874926279,19000,204.900,136.305,38.757,290.839
50580,-13.953914164,3.953914164,19000,204.900,136.312,39.083,290.704
50640,-14.032902050,4.032902050,19000,204.900,136.319,39.410,290.568
50700,-14.111889935,4.111889935,19000,204.900,136.326,39.736,290.432
50760,-14.190877820,4.190877820,19000,204.900,136.333,40.063,290.297
50820,-14.269865705,4.269865705,19000,204.900,136.340,40.389,290.161
50880,-14.348853590,4.348853590,19000,204.900,136.347,40.715,290.025
50940,-14.427841475,4.427841475,19000,204.900,136.353,41.042,289.890
51000,-14.506829360,4.506829360,19000,204.900,136.360,41.368,289.754
51060,-14.585817245,4.585817245,19000,204.900,136.367,41.695,289.618
51120,-14.664805131,4.664805131,19000,204.900,136.374,42.021,289.483
51180,-14.743793016,4.743793016,19000,204.900,136.381,42.347,289.347
51240,-14.822780901,4.822780901,19000,204.900,136.388,42.674,289.211
51300,-14.901768786,4.901768786,19000,204.900,136.394,43.000,289.075
51360,-14.980756671,4.980756671,19000,204.900,136.401,43.327,288.940
51420,-15.060166414,5.060166414,19000,204.900,136.420,43.652,288.824
51480,-15.139712033,5.139712033,19000,204.900,136.444,43.978,288.714
51540,-15.219257653,5.219257653,19000,204.900,136.467,44.304,288.605
51600,-15.298803273,5.298803273,19000,204.900,136.490,44.630,288.495
51660,-15.378348893,5.378348893,19000,204.900,136.513,44.956,288.386
51720,-15.457894513,5.457894513,19000,204.900,136.536,45.282,288.277
51780,-15.537440133,5.537440133,19000,204.900,136.560,45.607,288.167
51840,-15.616985753,5.616985753,19000,204.900,136.583,45.933,288.058
51900,-15.696531373,5.696531373,19000,204.900,136.606,46.259,287.948
51960,-15.776076993,5.776076993,19000,204.900,136.629,46.585,287.839
52020,-15.855622613,5.855622613,19000,204.900,136.652,46.911,287.729
52080,-15.935168233,5.935168233,19000,204.900,136.675,47.236,287.620
52140,-16.014713853,6.014713853,19000,204.900,136.699,47.562,287.510
52200,-16.094259473,6.094259473,19000,204.900,136.722,47.888,287.401
52260,-16.173805093,6.173805093,19000,204.900,136.745,48.214,287.291
52320,-16.253350713,6.253350713,19000,204.900,136.768,48.540,287.182
52380,-16.332896333,6.332896333,19000,204.900,136.791,48.865,287.072
52440,-16.412441953,6.412441953,19000,204.900,136.815,49.191,286.963
52500,-16.491987573,6.491987573,19000,204.900,136.838,49.517,286.853
52560,-16.571533193,6.571533193,19000,204.900,136.861,49.843,286.744
52620,-16.651078813,6.651078813,19000,204.900,136.884,50.169,286.634
52680,-16.730624433,6.730624433,19000,204.900,136.907,50.494,286.525
52740,-16.810170053,6.810170053,19000,204.900,136.930,50.820,286.415
52800,-16.889715673,6.889715673,19000,204.900,136.954,51.146,286.306
52860,-16.969261293,6.969261293,19000,204.900,136.977,51.472,286.196
52920,-17.049092340,7.049092340,19000,204.900,136.996,51.796,286.090
52980,-17.129103150,7.129103150,19000,204.900,137.012,52.118,285.985
53040,-17.209113961,7.209113961,19000,204.900,137.029,52.441,285.880
53100,-17.289124771,7.289124771,19000,204.900,137.045,52.763,285.775
53160,-17.369135581,7.369135581,19000,204.900,137.062,53.086,285.670
53220,-17.449146391,7.449146391,19000,204.900,137.078,53.408,285.564
53280,-17.529157201,7.529157201,19000,204.900,137.095,53.731,285.459
53340,-17.609168012,7.609168012,19000,204.900,137.111,54.053,285.354
53400,-17.689178822,7.689178822,19000,204.900,137.128,54.376,285.249
53460,-17.769189632,7.769189632,19000,204.900,137.144,54.698,285.144
53520,-17.849200442,7.849200442,19000,204.900,137.161,55.020,285.039
53580,-17.929211252,7.929211252,19000,204.900,137.177,55.343,284.934
53640,-18.009222063,8.009222063,19000,204.900,137.194,55.665,284.829
53700,-18.089232873,8.089232873,19000,204.900,137.210,55.988,284.724
53760,-18.169243683,8.169243683,19000,204.900,137.227,56.310,284.619
53820,-18.249254493,8.249254493,19000,204.900,137.243,56.633,284.514
53880,-18.329265303,8.329265303,19000,204.900,137.260,56.955,284.409
53940,-18.409276114,8.409276114,19000,204.900,137.276,57.278,284.304
54000,-18.489286924,8.489286924,19000,204.900,137.293,57.600,284.199
54060,-18.569297734,8.569297734,19000,204.900,137.309,57.923,284.094
54120,-18.649308544,8.649308544,19000,204.900,137.326,58.245,283.989
54180,-18.729319354,8.729319354,19000,204.900,137.342,58.568,283.884
54240,-18.809330165,8.809330165,19000,204.900,137.359,58.890,283.779
54300,-18.889340975,8.889340975,19000,204.900,137.375,59.213,283.674
54360,-18.969351785,8.969351785,19000,204.900,137.392,59.535,283.569
54420,-19.049362595,9.049362595,19000,204.900,137.408,59.858,283.464
54480,-19.129373406,9.129373406,19000,204.900,137.425,60.180,283.359
54540,-19.209384216,9.209384216,19000,204.900,137.442,60.503,283.254
54600,-19.289395026,9.289395026,19000,204.900,137.458,60.825,283.149
54660,-19.369405836,9.369405836,19000,204.900,137.475,61.148,283.043
54720,-19.449416646,9.449416646,19000,204.900,137.491,61.470,282.938
54780,-19.529427457,9.529427457,19000,204.900,137.508,61.793,282.833
54840,-19.609438267,9.609438267,19000,204.900,137.524,62.115,282.728
54900,-19.689449077,9.689449077,19000,204.900,137.541,62.438,282.623
54960,-19.769459887,9.769459887,19000,204.900,137.557,62.760,282.518
55020,-19.849470697,9.849470697,19000,204.900,137.574,63.083,282.413
55080,-19.929481508,9.929481508,19000,204.900,137.590,63.405,282.308
55140,-20.009593272,10.009593272,19000,204.900,137.451,63.727,282.202
55200,-20.090455023,10.090455023,19000,204.900,136.156,64.043,282.090
55260,-20.171316774,10.171316774,19000,204.900,134.861,64.360,281.977
55320,-20.252178525,10.252178525,19000,204.900,133.566,64.676,281.864
55380,-20.333040276,10.333040276,19000,204.900,132.270,64.992,281.752
55440,-20.413902027,10.413902027,19000,204.900,130.975,65.309,281.639
55500,-20.494763778,10.494763778,19000,204.900,129.680,65.625,281.527
55560,-20.575625529,10.575625529,19000,204.900,128.385,65.941,281.414
55620,-20.656487280,10.656487280,19000,204.900,127.090,66.258,281.301
55680,-20.737349031,10.737349031,19000,204.900,125.795,66.574,281.189
55740,-20.818210782,10.818210782,19000,204.900,124.499,66.890,281.076
55800,-20.899072533,10.899072533,19000,204.900,123.204,67.207,280.964
55860,-20.979934284,10.979934284,19000,204.900,121.909,67.523,280.851
55920,-21.060796035,11.060796035,19000,204.900,120.614,67.840,280.738
55980,-21.141657786,11.141657786,19000,204.900,119.319,68.156,280.626
56040,-21.222519537,11.222519537,19000,204.900,118.024,68.472,280.513
56100,-21.303381288,11.303381288,19000,204.900,116.729,68.789,280.401
56160,-21.384243039,11.384243039,19000,204.900,115.433,69.105,280.288
56220,-21.465104790,11.465104790,19000,204.900,114.138,69.421,280.175
56280,-21.545966541,11.545966541,19000,204.900,112.843,69.738,280.063
56340,-21.626828292,11.626828292,19000,204.900,111.548,70.054,279.950
56400,-21.707690043,11.707690043,19000,204.900,110.253,70.370,279.838
56460,-21.788551794,11.788551794,19000,204.900,108.958,70.687,279.725
56520,-21.869413545,11.869413545,19000,204.900,107.663,71.003,279.612
56580,-21.950275296,11.950275296,19000,204.900,106.367,71.320,279.500
56640,-22.031137047,12.031137047,19000,204.900,105.072,71.636,279.387
56700,-22.111998798,12.111998798,19000,204.900,103.777,71.952,279.274
56760,-22.192860549,12.192860549,19000,204.900,102.482,72.269,279.162
56820,-22.273722300,12.273722300,19000,204.900,101.187,72.585,279.049
56880,-22.354584051,12.354584051,19000,204.900,99.892,72.901,278.937
56940,-22.435445802,12.435445802,19000,204.900,98.596,73.218,278.824
57000,-22.516307553,12.516307553,19000,204.900,97.301,73.534,278.711
57060,-22.597169304,12.597169304,19000,204.900,96.006,73.851,278.599
57120,-22.678031055,12.678031055,19000,204.900,94.711,74.167,278.486
57180,-22.758892806,12.758892806,19000,204.900,93.416,74.483,278.374
57240,-22.839754557,12.839754557,19000,204.900,92.121,74.800,278.261
57300,-22.920616308,12.920616308,19000,204.900,90.826,75.116,278.148
57360,-22.999990676,13.000756308,18991,204.838,89.554,75.431,278.036
57420,-22.999480584,13.042132445,18516,201.463,89.538,75.695,277.917
57480,-22.998970492,13.083508581,18040,198.087,89.522,75.958,277.798
57540,-22.998460400,13.124884718,17565,194.712,89.505,76.222,277.679
57600,-22.997950308,13.166260855,17090,191.336,89.489,76.486,277.560
57660,-22.997440216,13.207636991,16614,187.961,89.473,76.749,277.442
57720,-22.996930124,13.249013128,16139,184.585,89.457,77.013,277.323
57780,-22.996420032,13.290389265,15663,181.209,89.441,77.276,277.204
57840,-22.995909940,13.331765401,15188,177.834,89.425,77.540,277.085
57900,-22.995399848,13.373141538,14712,174.458,89.408,77.803,276.966
57960,-22.994889755,13.414517675,14237,171.083,89.392,78.067,276.848
58020,-22.994379663,13.455893811,13762,167.707,89.376,78.331,276.729
58080,-22.993869571,13.497269948,13286,164.332,89.360,78.594,276.610
58140,-22.993359479,13.538646085,12811,160.956,89.344,78.858,276.491
58200,-22.992849387,13.580022221,12335,157.581,89.328,79.121,276.372
58260,-22.992339295,13.621398358,11860,154.205,89.311,79.385,276.254
58320,-22.991829203,13.662774495,11384,150.830,89.295,79.648,276.135
58380,-22.991319111,13.704150631,10909,147.454,89.279,79.912,276.016
58440,-22.990809019,13.745526768,10434,144.078,89.263,80.175,275.897
