src/Components/missions/ORACLES/Plans/ORACLES-Flt-plan_er2_20160922_R0.ict
43, 1001
rferrare
NASA Ames Research Center
Simulated flight plan
ORACLES
1,1
2016,09,22,2016,09,22
60
Start_UTC, seconds from midnight UTC, time keeping
7
1,1,1,1,1,1,1
-9999,-9999,-9999,-9999,-9999,-9999,-9999
Latitude, Degrees (North positive), Planned latitude position of the aircraft
Longitude, Degrees (East positive), Planned longitude position of the aircraft
Altitude, meters (above sea level), Planned altitude of the aircraft
speed, meters per second (m/s), Estimated speed of aircraft
Bearing, degrees from north, Direction of travel of the plane per respect to north
SZA, degrees from zenith, Elevation position of the sun in the sky per respect to zenith
AZI, degrees from north, Azimuthal position of the sun in the sky per respect to north
1
Simulated aircraft data interpolated from flight plan waypoints
21
-----------------------------------------------------------------------------
PI_CONTACT_INFO: rferrare
PLATFORM: er2
LOCATION: N/A
ASSOCIATED_DATA: N/A
INSTRUMENT_INFO: None
DATA_INFO: Compiled with flight planner: moving lines v1.1
UNCERTAINTY: Undefined
ULOD_FLAG: -7777
ULOD_VALUE: N/A
LLOD_FLAG: -8888
LLOD_VALUE: N/A
DM_CONTACT_INFO: Samuel LeBlanc, samuel.leblanc@nasa.gov
PROJECT_INFO: ORACLES
STIPULATIONS_ON_USE: None
OTHER_COMMENTS: N/A
REVISION: RD
RD: Version 4 of the flight plan ict 
  RA: First iteration of the flight plan
-----------------------------------------------------------------------------
Start_UTC,Latitude,Longitude,Altitude,speed,Bearing,SZA,AZI
[from data line 234]
41040,-13.758769531,-3.584833371,19000,204.900,222.109,18.607,36.291
41100,-13.838677423,-3.661043544,19000,204.900,222.104,18.549,35.724
41160,-13.918585314,-3.737253717,19000,204.900,222.100,18.491,35.157
41220,-13.998493205,-3.813463889,19000,204.900,222.096,18.434,34.590
41280,-14.078401097,-3.889674062,19000,204.900,222.092,18.376,34.023
41340,-14.158308988,-3.965884235,19000,204.900,222.088,18.318,33.456
41400,-14.238216879,-4.042094408,19000,204.900,222.084,18.260,32.889
41460,-14.318124771,-4.118304581,19000,204.900,222.080,18.203,32.322
41520,-14.398032662,-4.194514753,19000,204.900,222.075,18.145,31.755
41580,-14.477940553,-4.270724926,19000,204.900,222.071,18.087,31.188
41640,-14.557848444,-4.346935099,19000,204.900,222.067,18.030,30.621
41700,-14.637756336,-4.423145272,19000,204.900,222.063,17.972,30.054
41760,-14.717664227,-4.499355444,19000,204.900,222.059,17.914,29.487
41820,-14.797572118,-4.575565617,19000,204.900,222.055,17.857,28.920
41880,-14.877480010,-4.651775790,19000,204.900,222.051,17.799,28.353
41940,-14.957387901,-4.727985963,19000,204.900,222.047,17.741,27.786
42000,-15.037295792,-4.804196135,19000,204.900,222.042,17.683,27.219
42060,-15.117203684,-4.880406308,19000,204.900,222.038,17.626,26.653
42120,-15.197111575,-4.956616481,19000,204.900,222.034,17.568,26.086
42180,-15.277019466,-5.032826654,19000,204.900,222.030,17.510,25.519
42240,-15.356927357,-5.109036826,19000,204.900,222.026,17.453,24.952
42300,-15.436835249,-5.185246999,19000,204.900,222.022,17.395,24.385
42360,-15.516743140,-5.261457172,19000,204.900,222.018,17.337,23.818
42420,-15.596651031,-5.337667345,19000,204.900,222.014,17.279,23.251
42480,-15.676558923,-5.413877518,19000,204.900,222.009,17.222,22.684
42540,-15.756466814,-5.490087690,19000,204.900,222.005,17.164,22.117
42600,-15.836374705,-5.566297863,19000,204.900,222.001,17.106,21.550
42660,-15.916282597,-5.642508036,19000,204.900,221.997,17.049,20.983
42720,-15.991080752,-5.713176435,19000,204.900,212.712,17.040,20.350
42780,-16.063467836,-5.781229903,19000,204.900,199.047,17.054,19.686
42840,-16.135854921,-5.849283372,19000,204.900,185.382,17.068,19.023
42900,-16.208242006,-5.917336840,19000,204.900,171.717,17.082,18.359
42960,-16.280629091,-5.985390308,19000,204.900,158.052,17.096,17.696
43020,-16.353016175,-6.053443777,19000,204.900,144.388,17.111,17.032
43080,-16.425403260,-6.121497245,19000,204.900,130.723,17.125,16.369
43140,-16.497790345,-6.189550713,19000,204.900,117.058,17.139,15.705
43200,-16.545982182,-6.134400632,19000,204.900,112.725,17.317,16.564
43260,-16.583285609,-6.023806157,19000,204.900,112.591,17.569,18.107
43320,-16.620589036,-5.913211681,19000,204.900,112.457,17.821,19.651
43380,-16.657892463,-5.802617206,19000,204.900,112.323,18.072,21.195
43440,-16.695195890,-5.692022731,19000,204.900,112.189,18.324,22.738
43500,-16.732499316,-5.581428256,19000,204.900,112.055,18.576,24.282
43560,-16.769802743,-5.470833781,19000,204.900,111.921,18.828,25.826
43620,-16.807106170,-5.360239306,19000,204.900,111.787,19.080,27.370
43680,-16.844409597,-5.249644830,19000,204.900,111.653,19.332,28.913
43740,-16.881713024,-5.139050355,19000,204.900,111.519,19.583,30.457
43800,-16.919016450,-5.028455880,19000,204.900,111.385,19.835,32.001
43860,-16.956319877,-4.917861405,19000,204.900,111.252,20.087,33.544
43920,-16.993623304,-4.807266930,19000,204.900,111.118,20.339,35.088
43980,-17.030926731,-4.696672454,19000,204.900,110.984,20.591,36.632
44040,-17.068230158,-4.586077979,19000,204.900,110.850,20.843,38.175
44100,-17.105533584,-4.475483504,19000,204.900,110.716,21.095,39.719
44160,-17.142837011,-4.364889029,19000,204.900,110.582,21.346,41.263
44220,-17.180140438,-4.254294554,19000,204.900,110.448,21.598,42.807
44280,-17.217443865,-4.143700078,19000,204.900,110.314,21.850,44.350
44340,-17.254747292,-4.033105603,19000,204.900,110.180,22.102,45.894
44400,-17.292050718,-3.922511128,19000,204.900,110.046,22.354,47.438
44460,-17.329354145,-3.811916653,19000,204.900,109.912,22.606,48.981
44520,-17.366657572,-3.701322178,19000,204.900,109.778,22.857,50.525
44580,-17.403960999,-3.590727702,19000,204.900,109.644,23.109,52.069
44640,-17.441264426,-3.480133227,19000,204.900,109.511,23.361,53.613
44700,-17.478567852,-3.369538752,19000,204.900,109.377,23.613,55.156
44760,-17.515871279,-3.258944277,19000,204.900,109.243,23.865,56.700
44820,-17.553174706,-3.148349802,19000,204.900,109.109,24.117,58.244
44880,-17.590478133,-3.037755327,19000,204.900,108.975,24.368,59.787
44940,-17.627781560,-2.927160851,19000,204.900,108.841,24.620,61.331
45000,-17.665084986,-2.816566376,19000,204.900,108.707,24.872,62.875
45060,-17.702388413,-2.705971901,19000,204.900,108.573,25.124,64.418
45120,-17.739691840,-2.595377426,19000,204.900,108.439,25.376,65.962
45180,-17.776995267,-2.484782951,19000,204.900,108.305,25.628,67.506
45240,-17.814298694,-2.374188475,19000,204.900,108.171,25.879,69.050
45300,-17.851602120,-2.263594000,19000,204.900,108.037,26.131,70.593
45360,-17.888905547,-2.152999525,19000,204.900,107.903,26.383,72.137
45420,-17.926208974,-2.042405050,19000,204.900,107.770,26.635,73.681
45480,-17.963512401,-1.931810575,19000,204.900,107.636,26.887,75.224
45540,-18.000815828,-1.821216099,19000,204.900,107.502,27.139,76.768
45600,-18.038119254,-1.710621624,19000,204.900,107.368,27.390,78.312
45660,-18.075422681,-1.600027149,19000,204.900,107.234,27.642,79.856
45720,-18.112726108,-1.489432674,19000,204.900,107.100,27.894,81.399
45780,-18.150029535,-1.378838199,19000,204.900,106.966,28.146,82.943
45840,-18.187332962,-1.268243723,19000,204.900,106.832,28.398,84.487
45900,-18.224636389,-1.157649248,19000,204.900,106.698,28.650,86.030
45960,-18.261939815,-1.047054773,19000,204.900,106.564,28.901,87.574
46020,-18.299243242,-0.936460298,19000,204.900,106.430,29.153,89.118
46080,-18.336546669,-0.825865823,19000,204.900,106.296,29.405,90.661
46140,-18.373850096,-0.715271348,19000,204.900,106.162,29.657,92.205
46200,-18.411153523,-0.604676872,19000,204.900,106.029,29.909,93.749
46260,-18.448456949,-0.494082397,19000,204.900,105.895,30.161,95.293
46320,-18.485760376,-0.383487922,19000,204.900,105.761,30.412,96.836
46380,-18.523063803,-0.272893447,19000,204.900,105.627,30.664,98.380
46440,-18.560367230,-0.162298972,19000,204.900,105.493,30.916,99.924
46500,-18.597670657,-0.051704496,19000,204.900,105.359,31.168,101.467
46560,-18.634974083,0.058889979,19000,204.900,105.225,31.420,103.011
46620,-18.672277510,0.169484454,19000,204.900,105.091,31.672,104.555
46680,-18.709580937,0.280078929,19000,204.900,104.957,31.923,106.099
46740,-18.746884364,0.390673404,19000,204.900,104.823,32.175,107.642
46800,-18.784187791,0.501267880,19000,204.900,104.689,32.427,109.186
46860,-18.821491217,0.611862355,19000,204.900,104.555,32.679,110.730
46920,-18.858794644,0.722456830,19000,204.900,104.421,32.931,112.273
46980,-18.896098071,0.833051305,19000,204.900,104.288,33.183,113.817
47040,-18.933401498,0.943645780,19000,204.900,104.154,33.434,115.361
47100,-18.970704925,1.054240256,19000,204.900,104.020,33.686,116.904
47160,-19.008008351,1.164834731,19000,204.900,103.886,33.938,118.448
47220,-19.045311778,1.275429206,19000,204.900,103.752,34.190,119.992
47280,-19.082615205,1.386023681,19000,204.900,103.618,34.442,121.536
47340,-19.119918632,1.496618156,19000,204.900,103.484,34.694,123.079
47400,-19.157222059,1.607212632,19000,204.900,103.350,34.946,124.623
47460,-19.194525485,1.717807107,19000,204.900,103.216,35.197,126.167
47520,-19.231828912,1.828401582,19000,204.900,103.082,35.449,127.710
47580,-19.269132339,1.938996057,19000,204.900,102.948,35.701,129.254
47640,-19.306435766,2.049590532,19000,204.900,102.814,35.953,130.798
47700,-19.343739193,2.160185007,19000,204.900,102.680,36.205,132.342
47760,-19.381042619,2.270779483,19000,204.900,102.547,36.457,133.885
47820,-19.418346046,2.381373958,19000,204.900,102.413,36.708,135.429
47880,-19.455649473,2.491968433,19000,204.900,102.279,36.960,136.973
47940,-19.492952900,2.602562908,19000,204.900,102.145,37.212,138.516
48000,-19.530256327,2.713157383,19000,204.900,102.011,37.464,140.060
48060,-19.567559753,2.823751859,19000,204.900,101.877,37.716,141.604
48120,-19.604863180,2.934346334,19000,204.900,101.743,37.968,143.147
48180,-19.642166607,3.044940809,19000,204.900,101.609,38.219,144.691
48240,-19.679470034,3.155535284,19000,204.900,101.475,38.471,146.235
48300,-19.716773461,3.266129759,19000,204.900,101.341,38.723,147.779
48360,-19.754076888,3.376724235,19000,204.900,101.207,38.975,149.322
48420,-19.791380314,3.487318710,19000,204.900,101.073,39.227,150.866
48480,-19.828683741,3.597913185,19000,204.900,100.939,39.479,152.410
48540,-19.865987168,3.708507660,19000,204.900,100.806,39.730,153.953
48600,-19.903290595,3.819102135,19000,204.900,100.672,39.982,155.497
48660,-19.940594022,3.929696611,19000,204.900,100.538,40.234,157.041
48720,-19.977897448,4.040291086,19000,204.900,100.404,40.486,158.585
48780,-20.015200875,4.150885561,19000,204.900,100.270,40.738,160.128
48840,-20.052504302,4.261480036,19000,204.900,100.136,40.990,161.672
48900,-20.089807729,4.372074511,19000,204.900,100.002,41.241,163.216
48960,-20.127111156,4.482668986,19000,204.900,99.868,41.493,164.759
49020,-20.164414582,4.593263462,19000,204.900,99.734,41.745,166.303
49080,-20.201718009,4.703857937,19000,204.900,99.600,41.997,167.847
49140,-20.239021436,4.814452412,19000,204.900,99.466,42.249,169.391
49200,-20.276324863,4.925046887,19000,204.900,99.332,42.501,170.934
49260,-20.313628290,5.035641362,19000,204.900,99.198,42.752,172.478
49320,-20.350931716,5.146235838,19000,204.900,99.065,43.004,174.022
49380,-20.388235143,5.256830313,19000,204.900,98.931,43.256,175.565
49440,-20.425538570,5.367424788,19000,204.900,98.797,43.508,177.109
49500,-20.462841997,5.478019263,19000,204.900,98.663,43.760,178.653
49560,-20.500145424,5.588613738,19000,204.900,98.529,44.012,180.196
49620,-20.537448850,5.699208214,19000,204.900,98.395,44.263,181.740
49680,-20.574752277,5.809802689,19000,204.900,98.261,44.515,183.284
49740,-20.612055704,5.920397164,19000,204.900,98.127,44.767,184.828
49800,-20.649359131,6.030991639,19000,204.900,97.993,45.019,186.371
49860,-20.686662558,6.141586114,19000,204.900,97.859,45.271,187.915
49920,-20.723965984,6.252180590,19000,204.900,97.725,45.523,189.459
49980,-20.761269411,6.362775065,19000,204.900,97.591,45.774,191.002
50040,-20.798572838,6.473369540,19000,204.900,97.457,46.026,192.546
50100,-20.835876265,6.583964015,19000,204.900,97.324,46.278,194.090
50160,-20.873179692,6.694558490,19000,204.900,97.190,46.530,195.634
50220,-20.910483118,6.805152966,19000,204.900,97.056,46.782,197.177
50280,-20.947786545,6.915747441,19000,204.900,96.922,47.034,198.721
50340,-20.985089972,7.026341916,19000,204.900,96.788,47.285,200.265
50400,-21.022393399,7.136936391,19000,204.900,96.654,47.537,201.808
50460,-21.059696826,7.247530866,19000,204.900,96.520,47.789,203.352
50520,-21.097000252,7.358125341,19000,204.900,96.386,48.041,204.896
50580,-21.134303679,7.468719817,19000,204.900,96.252,48.293,206.439
50640,-21.171607106,7.579314292,19000,204.900,96.118,48.545,207.983
50700,-21.208910533,7.689908767,19000,204.900,95.984,48.797,209.527
50760,-21.246213960,7.800503242,19000,204.900,95.850,49.048,211.071
50820,-21.283517387,7.911097717,19000,204.900,95.716,49.300,212.614
50880,-21.320820813,8.021692193,19000,204.900,95.583,49.552,214.158
50940,-21.358124240,8.132286668,19000,204.900,95.449,49.804,215.702
51000,-21.395427667,8.242881143,19000,204.900,95.315,50.056,217.245
51060,-21.432731094,8.353475618,19000,204.900,95.181,50.308,218.789
51120,-21.470034521,8.464070093,19000,204.900,95.047,50.559,220.333
51180,-21.507337947,8.574664569,19000,204.900,94.913,50.811,221.877
51240,-21.544641374,8.685259044,19000,204.900,94.779,51.063,223.420
51300,-21.581944801,8.795853519,19000,204.900,94.645,51.315,224.964
51360,-21.619248228,8.906447994,19000,204.900,94.511,51.567,226.508
51420,-21.656551655,9.017042469,19000,204.900,94.377,51.819,228.051
51480,-21.693855081,9.127636945,19000,204.900,94.243,52.070,229.595
51540,-21.731158508,9.238231420,19000,204.900,94.109,52.322,231.139
51600,-21.768461935,9.348825895,19000,204.900,93.975,52.574,232.682
51660,-21.805765362,9.459420370,19000,204.900,93.842,52.826,234.226
51720,-21.843068789,9.570014845,19000,204.900,93.708,53.078,235.770
51780,-21.880372215,9.680609320,19000,204.900,93.574,53.330,237.314
51840,-21.917675642,9.791203796,19000,204.900,93.440,53.581,238.857
51900,-21.954979069,9.901798271,19000,204.900,93.306,53.833,240.401
51960,-21.992282496,10.012392746,19000,204.900,93.172,54.085,241.945
52020,-22.029585923,10.122987221,19000,204.900,93.038,54.337,243.488
52080,-22.066889349,10.233581696,19000,204.900,92.904,54.589,245.032
52140,-22.104192776,10.344176172,19000,204.900,92.770,54.841,246.576
52200,-22.141496203,10.454770647,19000,204.900,92.636,55.092,248.120
52260,-22.178799630,10.565365122,19000,204.900,92.502,55.344,249.663
52320,-22.216103057,10.675959597,19000,204.900,92.368,55.596,251.207
52380,-22.253406483,10.786554072,19000,204.900,92.234,55.848,252.751
52440,-22.290709910,10.897148548,19000,204.900,92.101,56.100,254.294
52500,-22.328013337,11.007743023,19000,204.900,91.967,56.352,255.838
52560,-22.365316764,11.118337498,19000,204.900,91.833,56.603,257.382
52620,-22.402620191,11.228931973,19000,204.900,91.699,56.855,258.925
52680,-22.439923617,11.339526448,19000,204.900,91.565,57.107,260.469
52740,-22.477227044,11.450120924,19000,204.900,91.431,57.359,262.013
52800,-22.514530471,11.560715399,19000,204.900,91.297,57.611,263.557
52860,-22.551833898,11.671309874,19000,204.900,91.163,57.863,265.100
52920,-22.589137325,11.781904349,19000,204.900,91.029,58.114,266.644
52980,-22.626440751,11.892498824,19000,204.900,90.895,58.366,268.188
53040,-22.663744178,12.003093299,19000,204.900,90.761,58.618,269.731
53100,-22.701047605,12.113687775,19000,204.900,90.627,58.870,271.275
53160,-22.738351032,12.224282250,19000,204.900,90.493,59.122,272.819
53220,-22.775654459,12.334876725,19000,204.900,90.360,59.374,274.363
53280,-22.812957885,12.445471200,19000,204.900,90.226,59.625,275.906
53340,-22.850261312,12.556065675,19000,204.900,90.092,59.877,277.450
53400,-22.887564739,12.666660151,19000,204.900,89.958,60.129,278.994
53460,-22.924868166,12.777254626,19000,204.900,89.824,60.381,280.537
53520,-22.962171593,12.887849101,19000,204.900,89.690,60.633,282.081
53580,-22.999475020,12.998443576,19000,204.900,89.556,60.885,283.625
53640,-22.999497087,13.040793840,18531,201.572,89.538,61.147,283.511
53700,-22.998986995,13.082169977,18056,198.196,89.522,61.410,283.374
53760,-22.998476902,13.123546113,17580,194.821,89.506,61.673,283.237
53820,-22.997966810,13.164922250,17105,191.445,89.490,61.935,283.100
53880,-22.997456718,13.206298387,16630,188.070,89.474,62.198,282.962
53940,-22.996946626,13.247674523,16154,184.694,89.457,62.461,282.825
54000,-22.996436534,13.289050660,15679,181.319,89.441,62.724,282.688
54060,-22.995926442,13.330426797,15203,177.943,89.425,62.986,282.551
54120,-22.995416350,13.371802933,14728,174.568,89.409,63.249,282.414
54180,-22.994906258,13.413179070,14252,171.192,89.393,63.512,282.277
54240,-22.994396166,13.454555207,13777,167.816,89.377,63.775,282.139
54300,-22.993886074,13.495931343,13302,164.441,89.360,64.037,282.002
54360,-22.993375982,13.537307480,12826,161.065,89.344,64.300,281.865
54420,-22.992865890,13.578683617,12351,157.690,89.328,64.563,281.728
54480,-22.992355798,13.620059753,11875,154.314,89.312,64.826,281.591
54540,-22.991845706,13.661435890,11400,150.939,89.296,65.088,281.453
54600,-22.991335614,13.702812027,10924,147.563,89.280,65.351,281.316
54660,-22.990825521,13.744188163,10449,144.188,89.263,65.614,281.179
54720,-22.990315429,13.785564300, 9974,140.812,89.247,65.877,281.042
54780,-22.989805337,13.826940437, 9498,137.437,89.231,66.139,280.905
54840,-22.989295245,13.868316573, 9023,134.061,89.215,66.402,280.768
54900,-22.988785153,13.909692710, 8547,130.685,89.199,66.665,280.630
