src/Components/missions/ORACLES/Plans/ORACLES-Flt-plan_er2_20160920_AClegs.ict
42, 1001
Samuel LeBlanc
NASA Ames Research Center
Simulated flight plan
ORACLES
1,1
2016,09,20,2016,09,20
60
Start_UTC, seconds from midnight UTC, time keeping
7
1,1,1,1,1,1,1
-9999,-9999,-9999,-9999,-9999,-9999,-9999
Latitude, Degrees (North positive), Planned latitude position of the aircraft
Longitude, Degrees (East positive), Planned longitude position of the aircraft
Altitude, meters (above sea level), Planned altitude of the aircraft
speed, meters per second (m/s), Estimated speed of aircraft
Bearing, degrees from north, Direction of travel of the plane per respect to north
SZA, degrees from zenith, Elevation position of the sun in the sky per respect to zenith
AZI, degrees from north, Azimuthal position of the sun in the sky per respect to north
1
Simulated aircraft data interpolated from flight plan waypoints
20
-----------------------------------------------------------------------------
PI_CONTACT_INFO: Samuel LeBlanc, samuel.leblanc@nasa.gov
PLATFORM: er2
LOCATION: N/A
ASSOCIATED_DATA: N/A
INSTRUMENT_INFO: None
DATA_INFO: Compiled with flight planner: moving lines v1.07
UNCERTAINTY: Undefined
ULOD_FLAG: -7777
ULOD_VALUE: N/A
LLOD_FLAG: -8888
LLOD_VALUE: N/A
DM_CONTACT_INFO: See PI
PROJECT_INFO: ORACLES
STIPULATIONS_ON_USE: None
OTHER_COMMENTS: N/A
REVISION: RA
RA: First iteration of the flight plan
-----------------------------------------------------------------------------
Start_UTC,Latitude,Longitude,Altitude,speed,Bearing,SZA,AZI
25200,-22.979716667,14.645283333,   95,150.000,268.911,61.785,75.727
25260,-22.980566972,14.576310748,  888,152.301,269.918,61.625,75.630
25320,-22.981417278,14.507338163, 1680,154.603,270.925,61.465,75.534
25380,-22.982267584,14.438365578, 2473,156.904,271.932,61.304,75.437
25440,-22.983117890,14.369392993, 3265,159.206,272.939,61.144,75.341
25500,-22.983968196,14.300420408, 4058,161.507,273.946,60.983,75.244
25560,-22.984818501,14.231447823, 4850,163.809,274.952,60.823,75.147
25620,-22.985668807,14.162475238, 5643,166.110,275.959,60.663,75.051
25680,-22.986519113,14.093502653, 6435,168.412,276.966,60.502,74.954
25740,-22.987369419,14.024530068, 7228,170.713,277.973,60.342,74.857
25800,-22.988219725,13.955557482, 8020,173.015,278.980,60.181,74.761
25860,-22.989070030,13.886584897, 8813,175.316,279.987,60.021,74.664
25920,-22.989920336,13.817612312, 9605,177.618,280.993,59.861,74.567
25980,-22.990770642,13.748639727,10398,179.919,282.000,59.700,74.471
26040,-22.991620948,13.679667142,11190,182.221,283.007,59.540,74.374
26100,-22.992471253,13.610694557,11983,184.522,284.014,59.379,74.277
26160,-22.993321559,13.541721972,12775,186.824,285.021,59.219,74.181
26220,-22.994171865,13.472749387,13568,189.125,286.028,59.059,74.084
26280,-22.995022171,13.403776802,14360,191.427,287.034,58.898,73.987
26340,-22.995872477,13.334804217,15153,193.728,288.041,58.738,73.891
26400,-22.996722782,13.265831632,15945,196.030,289.048,58.578,73.794
26460,-22.997573088,13.196859047,16738,198.331,290.055,58.417,73.698
26520,-22.998423394,13.127886461,17531,200.633,291.062,58.257,73.601
26580,-22.999273700,13.058913876,18323,202.934,292.069,58.096,73.504
26640,-22.993700191,12.984250477,19000,204.900,293.351,57.939,73.414
26700,-22.950502387,12.876255968,19000,204.900,296.248,57.801,73.362
26760,-22.907304583,12.768261458,19000,204.900,299.146,57.663,73.309
26820,-22.864106780,12.660266949,19000,204.900,302.043,57.525,73.257
26880,-22.820908976,12.552272439,19000,204.900,304.940,57.387,73.204
26940,-22.777711172,12.444277930,19000,204.900,307.838,57.248,73.152
27000,-22.734513368,12.336283421,19000,204.900,310.735,57.110,73.099
27060,-22.691315564,12.228288911,19000,204.900,313.632,56.972,73.047
27120,-22.648117761,12.120294402,19000,204.900,316.530,56.834,72.994
27180,-22.604919957,12.012299892,19000,204.900,319.427,56.696,72.942
27240,-22.561722153,11.904305383,19000,204.900,322.324,56.558,72.889
27300,-22.518524349,11.796310874,19000,204.900,325.222,56.419,72.837
27360,-22.475326546,11.688316364,19000,204.900,328.119,56.281,72.785
27420,-22.432128742,11.580321855,19000,204.900,331.016,56.143,72.732
27480,-22.388930938,11.472327345,19000,204.900,333.914,56.005,72.680
27540,-22.345733134,11.364332836,19000,204.900,336.811,55.867,72.627
27600,-22.302535331,11.256338326,19000,204.900,339.709,55.729,72.575
27660,-22.259337527,11.148343817,19000,204.900,342.606,55.590,72.522
27720,-22.216139723,11.040349308,19000,204.900,345.503,55.452,72.470
27780,-22.172941919,10.932354798,19000,204.900,348.401,55.314,72.417
27840,-22.129744116,10.824360289,19000,204.900,351.298,55.176,72.365
27900,-22.086546312,10.716365779,19000,204.900,354.195,55.038,72.313
27960,-22.043348508,10.608371270,19000,204.900,357.093,54.900,72.260
28020,-22.000150704,10.500376761,19000,204.900,359.990,54.761,72.208
28080,-21.890715340,10.500000000,19000,204.900,360.000,54.504,72.145
28140,-21.781048085,10.500000000,19000,204.900,360.000,54.246,72.083
28200,-21.671380829,10.500000000,19000,204.900,360.000,53.989,72.020
28260,-21.561713573,10.500000000,19000,204.900,360.000,53.731,71.957
28320,-21.452046317,10.500000000,19000,204.900,360.000,53.473,71.895
28380,-21.342379061,10.500000000,19000,204.900,360.000,53.216,71.832
28440,-21.232711805,10.500000000,19000,204.900,360.000,52.958,71.770
28500,-21.123044549,10.500000000,19000,204.900,360.000,52.700,71.707
28560,-21.013377293,10.500000000,19000,204.900,360.000,52.442,71.645
28620,-20.903710037,10.500000000,19000,204.900,360.000,52.185,71.582
28680,-20.794042781,10.500000000,19000,204.900,360.000,51.927,71.520
28740,-20.684375526,10.500000000,19000,204.900,360.000,51.669,71.457
28800,-20.574708270,10.500000000,19000,204.900,360.000,51.412,71.395
28860,-20.465041014,10.500000000,19000,204.900,360.000,51.154,71.332
28920,-20.355373758,10.500000000,19000,204.900,360.000,50.896,71.270
28980,-20.245706502,10.500000000,19000,204.900,360.000,50.638,71.207
29040,-20.136039246,10.500000000,19000,204.900,360.000,50.381,71.144
29100,-20.026371990,10.500000000,19000,204.900,360.000,50.123,71.082
29160,-19.916704734,10.500000000,19000,204.900,360.000,49.865,71.019
29220,-19.807037478,10.500000000,19000,204.900,360.000,49.608,70.957
29280,-19.697370223,10.500000000,19000,204.900,360.000,49.350,70.894
29340,-19.587702967,10.500000000,19000,204.900,360.000,49.092,70.832
29400,-19.478035711,10.500000000,19000,204.900,360.000,48.834,70.769
29460,-19.368368455,10.500000000,19000,204.900,360.000,48.577,70.707
29520,-19.258701199,10.500000000,19000,204.900,360.000,48.319,70.644
29580,-19.149033943,10.500000000,19000,204.900,360.000,48.061,70.582
29640,-19.039366687,10.500000000,19000,204.900,360.000,47.804,70.519
29700,-18.929699431,10.500000000,19000,204.900,360.000,47.546,70.457
29760,-18.820032175,10.500000000,19000,204.900,360.000,47.288,70.394
29820,-18.710364919,10.500000000,19000,204.900,360.000,47.030,70.332
29880,-18.600697664,10.500000000,19000,204.900,360.000,46.773,70.269
29940,-18.491030408,10.500000000,19000,204.900,360.000,46.515,70.206
30000,-18.381363152,10.500000000,19000,204.900,360.000,46.257,70.144
30060,-18.271695896,10.500000000,19000,204.900,360.000,46.000,70.081
30120,-18.162028640,10.500000000,19000,204.900,360.000,45.742,70.019
30180,-18.052361384,10.500000000,19000,204.900,360.000,45.484,69.956
30240,-17.944643305,10.500000000,19000,204.900,357.509,45.224,69.898
30300,-17.838706222,10.500000000,19000,204.900,352.742,44.962,69.843
30360,-17.732769139,10.500000000,19000,204.900,347.975,44.699,69.789
30420,-17.626832057,10.500000000,19000,204.900,343.207,44.437,69.734
30480,-17.520894974,10.500000000,19000,204.900,338.440,44.174,69.679
30540,-17.414957892,10.500000000,19000,204.900,333.673,43.912,69.625
30600,-17.309020809,10.500000000,19000,204.900,328.906,43.650,69.570
30660,-17.203083726,10.500000000,19000,204.900,324.139,43.387,69.516
30720,-17.097146644,10.500000000,19000,204.900,319.372,43.125,69.461
30780,-16.991209561,10.500000000,19000,204.900,314.604,42.863,69.406
30840,-16.885272478,10.500000000,19000,204.900,309.837,42.600,69.352
30900,-16.779335396,10.500000000,19000,204.900,305.070,42.338,69.297
30960,-16.673398313,10.500000000,19000,204.900,300.303,42.075,69.243
31020,-16.567461231,10.500000000,19000,204.900,295.536,41.813,69.188
31080,-16.461524148,10.500000000,19000,204.900,290.769,41.551,69.133
31140,-16.355587065,10.500000000,19000,204.900,286.001,41.288,69.079
31200,-16.249649983,10.500000000,19000,204.900,281.234,41.026,69.024
31260,-16.143712900,10.500000000,19000,204.900,276.467,40.763,68.970
31320,-16.037775818,10.500000000,19000,204.900,271.700,40.501,68.915
31380,-15.931838735,10.500000000,19000,204.900,266.933,40.239,68.860
31440,-15.825901652,10.500000000,19000,204.900,262.166,39.976,68.806
31500,-15.719964570,10.500000000,19000,204.900,257.398,39.714,68.751
31560,-15.614027487,10.500000000,19000,204.900,252.631,39.451,68.697
31620,-15.508090404,10.500000000,19000,204.900,247.864,39.189,68.642
31680,-15.402153322,10.500000000,19000,204.900,243.097,38.927,68.587
31740,-15.296216239,10.500000000,19000,204.900,238.330,38.664,68.533
31800,-15.190279157,10.500000000,19000,204.900,233.563,38.402,68.478
31860,-15.084342074,10.500000000,19000,204.900,228.795,38.140,68.423
31920,-14.978404991,10.500000000,19000,204.900,224.028,37.877,68.369
31980,-14.872467909,10.500000000,19000,204.900,219.261,37.615,68.314
32040,-14.766530826,10.500000000,19000,204.900,214.494,37.352,68.260
32100,-14.660593743,10.500000000,19000,204.900,209.727,37.090,68.205
32160,-14.554656661,10.500000000,19000,204.900,204.960,36.828,68.150
32220,-14.448719578,10.500000000,19000,204.900,200.192,36.565,68.096
32280,-14.342782496,10.500000000,19000,204.900,195.425,36.303,68.041
32340,-14.236845413,10.500000000,19000,204.900,190.658,36.040,67.987
32400,-14.130908330,10.500000000,19000,204.900,185.891,35.778,67.932
32460,-14.024971248,10.500000000,19000,204.900,181.124,35.516,67.877
32520,-14.082655266,10.500000000,19000,204.900,181.850,35.334,67.557
32580,-14.190802830,10.500000000,19000,204.900,184.271,35.177,67.154
32640,-14.298950394,10.500000000,19000,204.900,186.692,35.020,66.751
32700,-14.407097958,10.500000000,19000,204.900,189.113,34.863,66.348
32760,-14.515245521,10.500000000,19000,204.900,191.533,34.706,65.945
32820,-14.623393085,10.500000000,19000,204.900,193.954,34.549,65.542
32880,-14.731540649,10.500000000,19000,204.900,196.375,34.392,65.139
32940,-14.839688212,10.500000000,19000,204.900,198.796,34.235,64.736
33000,-14.947835776,10.500000000,19000,204.900,201.216,34.078,64.333
33060,-15.055983340,10.500000000,19000,204.900,203.637,33.921,63.930
33120,-15.164130904,10.500000000,19000,204.900,206.058,33.764,63.527
33180,-15.272278467,10.500000000,19000,204.900,208.479,33.607,63.124
33240,-15.380426031,10.500000000,19000,204.900,210.900,33.450,62.721
33300,-15.488573595,10.500000000,19000,204.900,213.320,33.293,62.318
33360,-15.596721159,10.500000000,19000,204.900,215.741,33.136,61.915
33420,-15.704868722,10.500000000,19000,204.900,218.162,32.979,61.512
33480,-15.813016286,10.500000000,19000,204.900,220.583,32.822,61.109
33540,-15.921163850,10.500000000,19000,204.900,223.004,32.665,60.706
33600,-16.029311413,10.500000000,19000,204.900,225.424,32.508,60.303
33660,-16.137458977,10.500000000,19000,204.900,227.845,32.351,59.900
33720,-16.245606541,10.500000000,19000,204.900,230.266,32.194,59.497
33780,-16.353754105,10.500000000,19000,204.900,232.687,32.037,59.094
33840,-16.461901668,10.500000000,19000,204.900,235.107,31.880,58.691
33900,-16.570049232,10.500000000,19000,204.900,237.528,31.723,58.288
33960,-16.678196796,10.500000000,19000,204.900,239.949,31.566,57.885
34020,-16.786344360,10.500000000,19000,204.900,242.370,31.409,57.482
34080,-16.894491923,10.500000000,19000,204.900,244.791,31.252,57.079
34140,-17.002639487,10.500000000,19000,204.900,247.211,31.095,56.676
34200,-17.110787051,10.500000000,19000,204.900,249.632,30.938,56.273
34260,-17.218934614,10.500000000,19000,204.900,252.053,30.781,55.870
34320,-17.327082178,10.500000000,19000,204.900,254.474,30.624,55.467
34380,-17.435229742,10.500000000,19000,204.900,256.895,30.467,55.065
34440,-17.543377306,10.500000000,19000,204.900,259.315,30.310,54.662
34500,-17.651524869,10.500000000,19000,204.900,261.736,30.153,54.259
34560,-17.759672433,10.500000000,19000,204.900,264.157,29.996,53.856
34620,-17.867819997,10.500000000,19000,204.900,266.578,29.839,53.453
34680,-17.975967561,10.500000000,19000,204.900,268.998,29.682,53.050
34740,-18.000000000,10.412286863,19000,204.900,272.181,29.568,52.807
34800,-18.000000000,10.299513301,19000,204.900,275.582,29.468,52.610
34860,-18.000000000,10.186739740,19000,204.900,278.983,29.367,52.414
34920,-18.000000000,10.073966179,19000,204.900,282.383,29.266,52.217
34980,-18.000000000,9.961192617,19000,204.900,285.784,29.165,52.020
35040,-18.000000000,9.848419056,19000,204.900,289.185,29.065,51.823
35100,-18.000000000,9.735645495,19000,204.900,292.585,28.964,51.627
35160,-18.000000000,9.622871933,19000,204.900,295.986,28.863,51.430
35220,-18.000000000,9.510098372,19000,204.900,299.386,28.762,51.233
35280,-18.000000000,9.397324811,19000,204.900,302.787,28.662,51.036
35340,-18.000000000,9.284551249,19000,204.900,306.188,28.561,50.840
35400,-18.000000000,9.171777688,19000,204.900,309.588,28.460,50.643
35460,-18.000000000,9.059004127,19000,204.900,312.989,28.359,50.446
35520,-18.000000000,8.946230565,19000,204.900,316.390,28.259,50.250
35580,-18.000000000,8.833457004,19000,204.900,319.790,28.158,50.053
35640,-18.000000000,8.720683443,19000,204.900,323.191,28.057,49.856
35700,-18.000000000,8.607909881,19000,204.900,326.591,27.957,49.659
35760,-18.000000000,8.495136320,19000,204.900,329.992,27.856,49.463
35820,-18.000000000,8.382362759,19000,204.900,333.393,27.755,49.266
35880,-18.000000000,8.269589197,19000,204.900,336.793,27.654,49.069
35940,-18.000000000,8.156815636,19000,204.900,340.194,27.554,48.872
36000,-18.000000000,8.044042075,19000,204.900,343.595,27.453,48.676
36060,-18.000000000,7.931268513,19000,204.900,346.995,27.352,48.479
36120,-18.000000000,7.818494952,19000,204.900,350.396,27.251,48.282
36180,-18.000000000,7.705721391,19000,204.900,353.797,27.151,48.085
36240,-18.000000000,7.592947829,19000,204.900,357.197,27.050,47.889
36300,-17.981376129,7.500000000,19000,204.900,359.162,26.925,47.667
36360,-17.875439047,7.500000000,19000,204.900,354.395,26.685,47.330
36420,-17.769501964,7.500000000,19000,204.900,349.628,26.446,46.993
36480,-17.663564881,7.500000000,19000,204.900,344.860,26.207,46.656
36540,-17.557627799,7.500000000,19000,204.900,340.093,25.968,46.319
36600,-17.451690716,7.500000000,19000,204.900,335.326,25.728,45.981
36660,-17.345753634,7.500000000,19000,204.900,330.559,25.489,45.644
36720,-17.239816551,7.500000000,19000,204.900,325.792,25.250,45.307
36780,-17.133879468,7.500000000,19000,204.900,321.025,25.010,44.970
36840,-17.027942386,7.500000000,19000,204.900,316.257,24.771,44.633
36900,-16.922005303,7.500000000,19000,204.900,311.490,24.532,44.295
36960,-16.816068221,7.500000000,19000,204.900,306.723,24.292,43.958
37020,-16.710131138,7.500000000,19000,204.900,301.956,24.053,43.621
37080,-16.604194055,7.500000000,19000,204.900,297.189,23.814,43.284
37140,-16.498256973,7.500000000,19000,204.900,292.422,23.574,42.947
37200,-16.392319890,7.500000000,19000,204.900,287.654,23.335,42.610
37260,-16.286382807,7.500000000,19000,204.900,282.887,23.096,42.272
37320,-16.180445725,7.500000000,19000,204.900,278.120,22.856,41.935
37380,-16.074508642,7.500000000,19000,204.900,273.353,22.617,41.598
37440,-15.968571560,7.500000000,19000,204.900,268.586,22.378,41.261
37500,-15.862634477,7.500000000,19000,204.900,263.819,22.138,40.924
37560,-15.756697394,7.500000000,19000,204.900,259.051,21.899,40.586
37620,-15.650760312,7.500000000,19000,204.900,254.284,21.660,40.249
37680,-15.544823229,7.500000000,19000,204.900,249.517,21.420,39.912
37740,-15.438886147,7.500000000,19000,204.900,244.750,21.181,39.575
37800,-15.332949064,7.500000000,19000,204.900,239.983,20.942,39.238
37860,-15.227011981,7.500000000,19000,204.900,235.216,20.702,38.900
37920,-15.121074899,7.500000000,19000,204.900,230.448,20.463,38.563
37980,-15.015137816,7.500000000,19000,204.900,225.681,20.224,38.226
38040,-14.909200733,7.500000000,19000,204.900,220.914,19.984,37.889
38100,-14.803263651,7.500000000,19000,204.900,216.147,19.745,37.552
38160,-14.697326568,7.500000000,19000,204.900,211.380,19.506,37.215
38220,-14.591389486,7.500000000,19000,204.900,206.613,19.266,36.877
38280,-14.485452403,7.500000000,19000,204.900,201.845,19.027,36.540
38340,-14.379515320,7.500000000,19000,204.900,197.078,18.788,36.203
38400,-14.273578238,7.500000000,19000,204.900,192.311,18.548,35.866
38460,-14.167641155,7.500000000,19000,204.900,187.544,18.309,35.529
38520,-14.061704072,7.500000000,19000,204.900,182.777,18.070,35.191
38580,-14.044386165,7.500000000,19000,204.900,181.997,17.940,34.633
38640,-14.150690050,7.500000000,19000,204.900,186.781,17.965,33.766
38700,-14.256993934,7.500000000,19000,204.900,191.565,17.989,32.898
38760,-14.363297819,7.500000000,19000,204.900,196.348,18.013,32.031
38820,-14.469601704,7.500000000,19000,204.900,201.132,18.037,31.164
38880,-14.575905588,7.500000000,19000,204.900,205.916,18.061,30.297
38940,-14.682209473,7.500000000,19000,204.900,210.699,18.085,29.429
39000,-14.788513358,7.500000000,19000,204.900,215.483,18.109,28.562
39060,-14.894817242,7.500000000,19000,204.900,220.267,18.133,27.695
