src/Components/missions/ORACLES/Plans/ORACLES-Flt-plan_p3_20170828_RA.ict
42, 1001
pz
NASA Ames Research Center
Simulated flight plan
ORACLES-2017
1,1
2017,08,28,2017,08,28
60
Start_UTC, seconds from midnight UTC, time keeping
7
1,1,1,1,1,1,1
-9999,-9999,-9999,-9999,-9999,-9999,-9999
Latitude, Degrees (North positive), Planned latitude position of the aircraft
Longitude, Degrees (East positive), Planned longitude position of the aircraft
Altitude, meters (above sea level), Planned altitude of the aircraft
speed, meters per second (m/s), Estimated speed of aircraft
Bearing, degrees from north, Direction of travel of the plane per respect to north
SZA, degrees from zenith, Elevation position of the sun in the sky per respect to zenith
AZI, degrees from north, Azimuthal position of the sun in the sky per respect to north
1
Simulated aircraft data interpolated from flight plan waypoints
20
-----------------------------------------------------------------------------
PI_CONTACT_INFO: pz
PLATFORM: p3
LOCATION: N/A
ASSOCIATED_DATA: N/A
INSTRUMENT_INFO: None
DATA_INFO: Compiled with flight planner: moving lines v1.1
UNCERTAINTY: Undefined
ULOD_FLAG: -7777
ULOD_VALUE: N/A
LLOD_FLAG: -8888
LLOD_VALUE: N/A
DM_CONTACT_INFO: Samuel LeBlanc, samuel.leblanc@nasa.gov
PROJECT_INFO: ORACLES-2017
STIPULATIONS_ON_USE: None
OTHER_COMMENTS: N/A
REVISION: RA
RA: First iteration of the flight plan
-----------------------------------------------------------------------------
Start_UTC,Latitude,Longitude,Altitude,speed,Bearing,SZA,AZI
[from data line 238]
44227,-6.606793764,5.000000000, 1843,109.959,301.019,18.626,331.258
44287,-6.553283195,5.000000000, 2086,109.896,292.992,18.711,330.529
44347,-6.499772625,5.000000000, 2328,109.832,284.966,18.796,329.800
44407,-6.446262056,5.000000000, 2571,109.769,276.939,18.881,329.071
44467,-6.392751487,5.000000000, 2813,109.705,268.913,18.966,328.341
44527,-6.339240917,5.000000000, 3056,109.641,260.886,19.051,327.612
44587,-6.285730348,5.000000000, 3298,109.578,252.860,19.137,326.883
44647,-6.232219778,5.000000000, 3541,109.514,244.833,19.222,326.154
44707,-6.178709209,5.000000000, 3784,109.450,236.806,19.307,325.425
44767,-6.125198639,5.000000000, 4026,109.387,228.780,19.392,324.696
44827,-6.071688070,5.000000000, 4269,109.323,220.753,19.477,323.967
44887,-6.018177500,5.000000000, 4511,109.259,212.727,19.563,323.238
44947,-5.964666931,5.000000000, 4754,109.196,204.700,19.648,322.508
45007,-5.911156361,5.000000000, 4996,109.132,196.673,19.733,321.779
45067,-5.857645792,5.000000000, 5239,109.069,188.647,19.818,321.050
45127,-5.804135222,5.000000000, 5481,109.005,180.620,19.903,320.321
45187,-5.861670126,5.000000000, 5500,109.771,189.251,20.111,319.926
45247,-5.928505171,5.000000000, 5500,110.606,199.276,20.330,319.558
45307,-5.995340216,5.000000000, 5500,111.442,209.301,20.548,319.191
45367,-6.062175261,5.000000000, 5500,112.277,219.326,20.767,318.823
45427,-6.129010305,5.000000000, 5500,113.113,229.352,20.985,318.456
45487,-6.195845350,5.000000000, 5500,113.948,239.377,21.204,318.089
45547,-6.262680395,5.000000000, 5500,114.784,249.402,21.422,317.721
45607,-6.329515440,5.000000000, 5500,115.619,259.427,21.641,317.354
45667,-6.396350485,5.000000000, 5500,116.454,269.453,21.859,316.986
45727,-6.463185530,5.000000000, 5500,117.290,279.478,22.078,316.619
45787,-6.530020574,5.000000000, 5500,118.125,289.503,22.296,316.252
45847,-6.596855619,5.000000000, 5500,118.961,299.528,22.515,315.884
45907,-6.663690664,5.000000000, 5500,119.796,309.554,22.733,315.517
45967,-6.730525709,5.000000000, 5500,120.632,319.579,22.951,315.149
46027,-6.797360754,5.000000000, 5500,121.467,329.604,23.170,314.782
46087,-6.864195799,5.000000000, 5500,122.302,339.629,23.388,314.415
46147,-6.931030844,5.000000000, 5500,123.138,349.655,23.607,314.047
46207,-6.997865888,5.000000000, 5500,123.973,359.680,23.825,313.680
46267,-7.000000000,5.000000000, 5210,124.854,360.000,24.016,313.312
46327,-7.000000000,5.000000000, 4910,125.737,360.000,24.205,312.945
46387,-7.000000000,5.000000000, 4610,126.619,360.000,24.394,312.578
46447,-7.000000000,5.000000000, 4310,127.502,360.000,24.584,312.211
46507,-7.000000000,5.000000000, 4010,128.384,360.000,24.773,311.843
46567,-7.000000000,5.000000000, 3710,129.267,360.000,24.962,311.476
46627,-7.000000000,5.000000000, 3410,130.149,360.000,25.151,311.109
46687,-7.000000000,5.000000000, 3110,131.032,360.000,25.341,310.741
46747,-7.000000000,5.000000000, 2810,131.914,360.000,25.530,310.374
46807,-7.000000000,5.000000000, 2510,132.797,360.000,25.719,310.007
46867,-7.000000000,5.000000000, 2210,133.679,360.000,25.909,309.639
46927,-7.000000000,5.000000000, 1910,134.562,360.000,26.098,309.272
46987,-7.000000000,5.000000000, 1610,135.445,360.000,26.287,308.905
47047,-7.000000000,5.000000000, 1310,136.327,360.000,26.477,308.537
47107,-7.000000000,5.000000000, 1010,137.210,360.000,26.666,308.170
47167,-7.000000000,5.000000000,  710,138.092,360.000,26.855,307.803
47227,-7.000000000,5.000000000,  410,138.975,360.000,27.044,307.436
47287,-7.000000000,5.000000000,  110,139.857,360.000,27.234,307.068
47347,-6.929984528,5.000000000,   61,141.050,360.000,27.396,306.657
47407,-6.846440722,5.000000000,   61,142.303,360.000,27.554,306.238
47467,-6.762896916,5.000000000,   61,143.557,360.000,27.711,305.818
47527,-6.679353110,5.000000000,   61,144.810,360.000,27.868,305.399
47587,-6.595809304,5.000000000,   61,146.063,360.000,28.026,304.979
47647,-6.512265498,5.000000000,   61,147.316,360.000,28.183,304.560
47707,-6.428721692,5.000000000,   61,148.569,360.000,28.341,304.140
47767,-6.345177886,5.000000000,   61,149.822,360.000,28.498,303.721
47827,-6.261634080,5.000000000,   61,151.075,360.000,28.655,303.301
47887,-6.178090274,5.000000000,   61,152.329,360.000,28.813,302.882
47947,-6.094546468,5.000000000,   61,153.582,360.000,28.970,302.463
48007,-6.011002661,5.000000000,   61,154.835,360.000,29.127,302.043
48067,-5.948319349,5.000000000,  223,147.321,328.992,29.306,301.691
48127,-5.888800046,5.000000000,  409,138.478,293.280,29.488,301.350
48187,-5.829280744,5.000000000,  595,129.635,257.568,29.669,301.008
48247,-5.769761441,5.000000000,  782,120.792,221.857,29.851,300.667
48307,-5.710242139,5.000000000,  968,111.949,186.145,30.033,300.326
48367,-5.749277039,5.000000000, 1000,110.427,186.823,30.268,300.156
48427,-5.808796190,5.000000000, 1000,110.427,195.064,30.514,300.023
48487,-5.868315341,5.000000000, 1000,110.427,203.305,30.761,299.890
48547,-5.927834493,5.000000000, 1000,110.427,211.546,31.007,299.756
48607,-5.987353644,5.000000000, 1000,110.427,219.787,31.253,299.623
48667,-6.046872796,5.000000000, 1000,110.427,228.029,31.500,299.489
48727,-6.106391947,5.000000000, 1000,110.427,236.270,31.746,299.356
48787,-6.165911099,5.000000000, 1000,110.427,244.511,31.992,299.223
48847,-6.225430250,5.000000000, 1000,110.427,252.752,32.239,299.089
48907,-6.284949402,5.000000000, 1000,110.427,260.993,32.485,298.956
48967,-6.344468553,5.000000000, 1000,110.427,269.234,32.732,298.823
49027,-6.403987705,5.000000000, 1000,110.427,277.475,32.978,298.689
49087,-6.463506856,5.000000000, 1000,110.427,285.716,33.224,298.556
49147,-6.523026008,5.000000000, 1000,110.427,293.957,33.471,298.422
49207,-6.582545159,5.000000000, 1000,110.427,302.199,33.717,298.289
49267,-6.642064311,5.000000000, 1000,110.427,310.440,33.963,298.156
49327,-6.701583462,5.000000000, 1000,110.427,318.681,34.210,298.022
49387,-6.761102614,5.000000000, 1000,110.427,326.922,34.456,297.889
49447,-6.820621765,5.000000000, 1000,110.427,335.163,34.702,297.756
49507,-6.880140917,5.000000000, 1000,110.427,343.404,34.949,297.622
49567,-6.939660068,5.000000000, 1000,110.427,351.645,35.195,297.489
49627,-6.999179220,5.000000000, 1000,110.427,359.886,35.442,297.355
49687,-7.000000000,5.000000000, 1211,112.510,360.000,35.665,297.180
49747,-7.000000000,5.000000000, 1426,114.622,360.000,35.887,297.004
49807,-7.000000000,5.000000000, 1640,116.735,360.000,36.110,296.828
49867,-7.000000000,5.000000000, 1854,118.847,360.000,36.333,296.653
49927,-7.000000000,5.000000000, 2068,120.959,360.000,36.555,296.477
49987,-7.000000000,5.000000000, 2283,123.072,360.000,36.778,296.301
50047,-7.000000000,5.000000000, 2497,125.184,360.000,37.001,296.125
50107,-7.000000000,5.000000000, 2711,127.297,360.000,37.223,295.949
50167,-7.000000000,5.000000000, 2926,129.409,360.000,37.446,295.773
50227,-7.000000000,5.000000000, 3140,131.521,360.000,37.669,295.598
50287,-7.000000000,5.000000000, 3354,133.634,360.000,37.891,295.422
50347,-7.000000000,5.000000000, 3568,135.746,360.000,38.114,295.246
50407,-7.000000000,5.000000000, 3783,137.858,360.000,38.337,295.070
50467,-7.000000000,5.000000000, 3997,139.971,360.000,38.560,294.894
50527,-6.917608279,5.000000000, 4000,141.236,360.000,38.754,294.655
50587,-6.834064473,5.000000000, 4000,142.489,360.000,38.949,294.415
50647,-6.750520667,5.000000000, 4000,143.742,360.000,39.143,294.176
50707,-6.666976861,5.000000000, 4000,144.995,360.000,39.338,293.936
50767,-6.583433055,5.000000000, 4000,146.249,360.000,39.532,293.696
50827,-6.499889249,5.000000000, 4000,147.502,360.000,39.727,293.456
50887,-6.416345443,5.000000000, 4000,148.755,360.000,39.921,293.216
50947,-6.332801636,5.000000000, 4000,150.008,360.000,40.116,292.976
51007,-6.249257830,5.000000000, 4000,151.261,360.000,40.310,292.737
51067,-6.165714024,5.000000000, 4000,152.514,360.000,40.505,292.497
51127,-6.082170218,5.000000000, 4000,153.767,360.000,40.699,292.257
51187,-5.998963163,5.000000000, 4000,154.980,360.000,40.894,292.018
51247,-5.935901064,5.000000000, 4000,153.782,360.000,41.109,291.850
51307,-5.872838965,5.000000000, 4000,152.584,360.000,41.323,291.683
51367,-5.809776866,5.000000000, 4000,151.386,360.000,41.537,291.515
51427,-5.746714768,5.000000000, 4000,150.188,360.000,41.751,291.347
51487,-5.683652669,5.000000000, 4000,148.989,360.000,41.966,291.179
51547,-5.620590570,5.000000000, 4000,147.791,360.000,42.180,291.011
51607,-5.557528471,5.000000000, 4000,146.593,360.000,42.394,290.843
51667,-5.494466373,5.000000000, 4000,145.395,360.000,42.608,290.675
51727,-5.431404274,5.000000000, 4000,144.197,360.000,42.823,290.507
51787,-5.368342175,5.000000000, 4000,142.999,360.000,43.037,290.339
51847,-5.305280076,5.000000000, 4000,141.800,360.000,43.251,290.171
51907,-5.242217977,5.000000000, 4000,140.602,360.000,43.466,290.003
51967,-5.179155879,5.000000000, 4000,139.404,360.000,43.680,289.835
52027,-5.116093780,5.000000000, 4000,138.206,360.000,43.894,289.667
52087,-5.053031681,5.000000000, 4000,137.008,360.000,44.108,289.499
52147,-4.989969582,5.000000000, 4000,135.809,360.000,44.323,289.331
52207,-4.926907484,5.000000000, 4000,134.611,360.000,44.537,289.163
52267,-4.863845385,5.000000000, 4000,133.413,360.000,44.751,288.996
52327,-4.800783286,5.000000000, 4000,132.215,360.000,44.965,288.828
52387,-4.737721187,5.000000000, 4000,131.017,360.000,45.180,288.660
52447,-4.674659089,5.000000000, 4000,129.819,360.000,45.394,288.492
52507,-4.611596990,5.000000000, 4000,128.620,360.000,45.608,288.324
52567,-4.548534891,5.000000000, 4000,127.422,360.000,45.823,288.156
52627,-4.485472792,5.000000000, 4000,126.224,360.000,46.037,287.988
52687,-4.422410693,5.000000000, 4000,125.026,360.000,46.251,287.820
52747,-4.359348595,5.000000000, 4000,123.828,360.000,46.465,287.652
52807,-4.296286496,5.000000000, 4000,122.629,360.000,46.680,287.484
52867,-4.233224397,5.000000000, 4000,121.431,360.000,46.894,287.316
52927,-4.170162298,5.000000000, 4000,120.233,360.000,47.108,287.148
52987,-4.107100200,5.000000000, 4000,119.035,360.000,47.322,286.980
53047,-4.044038101,5.000000000, 4000,117.837,360.000,47.537,286.812
53107,-4.000000000,5.000000000, 3909,117.000,343.710,47.758,286.671
53167,-4.000000000,5.000000000, 3609,117.000,289.710,47.997,286.589
53227,-4.000000000,5.000000000, 3309,117.000,235.710,48.236,286.507
53287,-4.000000000,5.000000000, 3009,117.000,181.710,48.475,286.426
53347,-4.061384612,5.000000000, 3000,117.082,183.683,48.731,286.395
53407,-4.124776363,5.000000000, 3000,117.166,187.487,48.987,286.366
53467,-4.188168113,5.000000000, 3000,117.251,191.290,49.244,286.337
53527,-4.251559864,5.000000000, 3000,117.335,195.094,49.500,286.308
53587,-4.314951615,5.000000000, 3000,117.420,198.897,49.757,286.279
53647,-4.378343366,5.000000000, 3000,117.504,202.701,50.013,286.249
53707,-4.441735117,5.000000000, 3000,117.589,206.504,50.269,286.220
53767,-4.505126868,5.000000000, 3000,117.674,210.308,50.526,286.191
53827,-4.568518619,5.000000000, 3000,117.758,214.111,50.782,286.162
53887,-4.631910370,5.000000000, 3000,117.843,217.915,51.039,286.133
53947,-4.695302120,5.000000000, 3000,117.927,221.718,51.295,286.104
54007,-4.758693871,5.000000000, 3000,118.012,225.522,51.552,286.075
54067,-4.822085622,5.000000000, 3000,118.096,229.325,51.808,286.046
54127,-4.885477373,5.000000000, 3000,118.181,233.129,52.064,286.016
54187,-4.948869124,5.000000000, 3000,118.265,236.932,52.321,285.987
54247,-5.012260875,5.000000000, 3000,118.350,240.736,52.577,285.958
54307,-5.075652626,5.000000000, 3000,118.434,244.539,52.834,285.929
54367,-5.139044377,5.000000000, 3000,118.519,248.343,53.090,285.900
54427,-5.202436128,5.000000000, 3000,118.603,252.146,53.346,285.871
54487,-5.265827878,5.000000000, 3000,118.688,255.950,53.603,285.842
54547,-5.329219629,5.000000000, 3000,118.772,259.753,53.859,285.812
54607,-5.392611380,5.000000000, 3000,118.857,263.557,54.116,285.783
54667,-5.456003131,5.000000000, 3000,118.941,267.360,54.372,285.754
54727,-5.519394882,5.000000000, 3000,119.026,271.164,54.629,285.725
54787,-5.582786633,5.000000000, 3000,119.110,274.967,54.885,285.696
54847,-5.646178384,5.000000000, 3000,119.195,278.771,55.141,285.667
54907,-5.709570135,5.000000000, 3000,119.279,282.574,55.398,285.638
54967,-5.772961886,5.000000000, 3000,119.364,286.378,55.654,285.609
55027,-5.836353636,5.000000000, 3000,119.448,290.181,55.911,285.579
55087,-5.899745387,5.000000000, 3000,119.533,293.985,56.167,285.550
55147,-5.963137138,5.000000000, 3000,119.618,297.788,56.423,285.521
55207,-6.026528889,5.000000000, 3000,119.702,301.592,56.680,285.492
55267,-6.089920640,5.000000000, 3000,119.787,305.395,56.936,285.463
55327,-6.153312391,5.000000000, 3000,119.871,309.199,57.193,285.434
55387,-6.216704142,5.000000000, 3000,119.956,313.002,57.449,285.405
55447,-6.280095893,5.000000000, 3000,120.040,316.806,57.706,285.376
55507,-6.343487643,5.000000000, 3000,120.125,320.609,57.962,285.346
55567,-6.406879394,5.000000000, 3000,120.209,324.413,58.218,285.317
55627,-6.470271145,5.000000000, 3000,120.294,328.216,58.475,285.288
55687,-6.533662896,5.000000000, 3000,120.378,332.020,58.731,285.259
55747,-6.597054647,5.000000000, 3000,120.463,335.823,58.988,285.230
55807,-6.660446398,5.000000000, 3000,120.547,339.627,59.244,285.201
55867,-6.723838149,5.000000000, 3000,120.632,343.430,59.501,285.172
55927,-6.787229900,5.000000000, 3000,120.716,347.234,59.757,285.143
55987,-6.850621651,5.000000000, 3000,120.801,351.037,60.013,285.113
56047,-6.914013401,5.000000000, 3000,120.885,354.841,60.270,285.084
56107,-6.977405152,5.000000000, 3000,120.970,358.644,60.526,285.055
56167,-6.963460011,5.000000000, 3132,121.110,360.000,60.763,284.988
56227,-6.906682811,5.000000000, 3336,121.280,360.000,60.990,284.899
56287,-6.849905612,5.000000000, 3540,121.450,360.000,61.216,284.810
56347,-6.793128413,5.000000000, 3745,121.621,360.000,61.443,284.721
56407,-6.736351214,5.000000000, 3949,121.791,360.000,61.670,284.633
56467,-6.679574014,5.000000000, 4154,121.961,360.000,61.896,284.544
56527,-6.622796815,5.000000000, 4358,122.132,360.000,62.123,284.455
56587,-6.566019616,5.000000000, 4562,122.302,360.000,62.349,284.366
56647,-6.509242417,5.000000000, 4767,122.472,360.000,62.576,284.277
56707,-6.452465217,5.000000000, 4971,122.643,360.000,62.802,284.189
56767,-6.395688018,5.000000000, 5176,122.813,360.000,63.029,284.100
56827,-6.338910819,5.000000000, 5380,122.983,360.000,63.255,284.011
56887,-6.282133620,5.000000000, 5584,123.154,360.000,63.482,283.922
56947,-6.225356420,5.000000000, 5789,123.324,360.000,63.708,283.834
57007,-6.168579221,5.000000000, 5993,123.494,360.000,63.935,283.745
57067,-6.111802022,5.000000000, 6198,123.665,360.000,64.162,283.656
57127,-6.055024822,5.000000000, 6402,123.835,360.000,64.388,283.567
57187,-5.997441826,5.000000000, 6600,124.013,359.880,64.615,283.480
57247,-5.914556706,5.000000000, 6600,124.441,355.977,64.843,283.426
57307,-5.831671586,5.000000000, 6600,124.870,352.075,65.071,283.372
57367,-5.748786467,5.000000000, 6600,125.298,348.173,65.299,283.318
57427,-5.665901347,5.000000000, 6600,125.726,344.271,65.527,283.264
57487,-5.583016227,5.000000000, 6600,126.154,340.368,65.755,283.210
57547,-5.500131107,5.000000000, 6600,126.583,336.466,65.983,283.156
57607,-5.417245988,5.000000000, 6600,127.011,332.564,66.211,283.102
57667,-5.334360868,5.000000000, 6600,127.439,328.662,66.439,283.048
57727,-5.251475748,5.000000000, 6600,127.867,324.760,66.667,282.994
57787,-5.168590628,5.000000000, 6600,128.296,320.857,66.896,282.940
57847,-5.085705508,5.000000000, 6600,128.724,316.955,67.124,282.886
57907,-5.002820389,5.000000000, 6600,129.152,313.053,67.352,282.833
57967,-4.919935269,5.000000000, 6600,129.580,309.151,67.580,282.779
58027,-4.837050149,5.000000000, 6600,130.009,305.248,67.808,282.725
58087,-4.754165029,5.000000000, 6600,130.437,301.346,68.036,282.671
58147,-4.671279910,5.000000000, 6600,130.865,297.444,68.264,282.617
58207,-4.588394790,5.000000000, 6600,131.293,293.542,68.492,282.563
58267,-4.505509670,5.000000000, 6600,131.722,289.639,68.720,282.509
