src/Components/missions/ORACLES/Plans/ORACLES-Flt-plan_p3_20160924_R0.ict
42, 1001
Samuel LeBlanc
NASA Ames Research Center
Simulated flight plan
ORACLES
1,1
2016,09,24,2016,09,24
60
Start_UTC, seconds from midnight UTC, time keeping
7
1,1,1,1,1,1,1
-9999,-9999,-9999,-9999,-9999,-9999,-9999
Latitude, Degrees (North positive), Planned latitude position of the aircraft
Longitude, Degrees (East positive), Planned longitude position of the aircraft
Altitude, meters (above sea level), Planned altitude of the aircraft
speed, meters per second (m/s), Estimated speed of aircraft
Bearing, degrees from north, Direction of travel of the plane per respect to north
SZA, degrees from zenith, Elevation position of the sun in the sky per respect to zenith
AZI, degrees from north, Azimuthal position of the sun in the sky per respect to north
1
Simulated aircraft data interpolated from flight plan waypoints
20
-----------------------------------------------------------------------------
PI_CONTACT_INFO: Samuel LeBlanc, samuel.leblanc@nasa.gov
PLATFORM: p3
LOCATION: N/A
ASSOCIATED_DATA: N/A
INSTRUMENT_INFO: None
DATA_INFO: Compiled with flight planner: moving lines v1.02
UNCERTAINTY: Undefined
ULOD_FLAG: -7777
ULOD_VALUE: N/A
LLOD_FLAG: -8888
LLOD_VALUE: N/A
DM_CONTACT_INFO: See PI
PROJECT_INFO: ORACLES
STIPULATIONS_ON_USE: None
OTHER_COMMENTS: N/A
REVISION: RA
RA: First iteration of the flight plan
-----------------------------------------------------------------------------
Start_UTC,Latitude,Longitude,Altitude,speed,Bearing,SZA,AZI
[from data line 233]
36480,-8.265994381,11.000000000, 4796,153.670,180.000,19.250,101.902
36540,-8.283296835,11.000000000, 4790,153.584,180.000,19.195,104.000
36600,-8.300599289,11.000000000, 4785,153.497,180.000,19.139,106.097
36660,-8.317901743,11.000000000, 4780,153.410,180.000,19.083,108.194
36720,-8.335204197,11.000000000, 4775,153.324,180.000,19.027,110.291
36780,-8.352506651,11.000000000, 4769,153.237,180.000,18.971,112.389
36840,-8.369809105,11.000000000, 4764,153.151,180.000,18.915,114.486
36900,-8.387111559,11.000000000, 4759,153.064,180.000,18.860,116.583
36960,-8.404414014,11.000000000, 4754,152.978,180.000,18.804,118.680
37020,-8.421716468,11.000000000, 4748,152.891,180.000,18.748,120.778
37080,-8.439018922,11.000000000, 4743,152.805,180.000,18.692,122.875
37140,-8.456321376,11.000000000, 4738,152.718,180.000,18.636,124.972
37200,-8.473623830,11.000000000, 4732,152.632,180.000,18.581,127.069
37260,-8.490926284,11.000000000, 4727,152.545,180.000,18.525,129.167
37320,-8.508228738,11.000000000, 4722,152.459,180.000,18.469,131.264
37380,-8.525531192,11.000000000, 4717,152.372,180.000,18.413,133.361
37440,-8.542833647,11.000000000, 4711,152.286,180.000,18.357,135.458
37500,-8.560136101,11.000000000, 4706,152.199,180.000,18.301,137.556
37560,-8.577438555,11.000000000, 4701,152.113,180.000,18.246,139.653
37620,-8.594741009,11.000000000, 4696,152.026,180.000,18.190,141.750
37680,-8.612043463,11.000000000, 4690,151.940,180.000,18.134,143.847
37740,-8.629345917,11.000000000, 4685,151.853,180.000,18.078,145.945
37800,-8.646648371,11.000000000, 4680,151.767,180.000,18.022,148.042
37860,-8.663950825,11.000000000, 4674,151.680,180.000,17.966,150.139
37920,-8.681253280,11.000000000, 4669,151.594,180.000,17.911,152.236
37980,-8.698555734,11.000000000, 4664,151.507,180.000,17.855,154.334
38040,-8.715858188,11.000000000, 4659,151.421,180.000,17.799,156.431
38100,-8.733160642,11.000000000, 4653,151.334,180.000,17.743,158.528
38160,-8.750463096,11.000000000, 4648,151.248,180.000,17.687,160.625
38220,-8.767765550,11.000000000, 4643,151.161,180.000,17.632,162.723
38280,-8.785068004,11.000000000, 4638,151.075,180.000,17.576,164.820
38340,-8.802370458,11.000000000, 4632,150.988,180.000,17.520,166.917
38400,-8.819672913,11.000000000, 4627,150.902,180.000,17.464,169.014
38460,-8.836975367,11.000000000, 4622,150.815,180.000,17.408,171.112
38520,-8.854277821,11.000000000, 4616,150.729,180.000,17.352,173.209
38580,-8.871580275,11.000000000, 4611,150.642,180.000,17.297,175.306
38640,-8.888882729,11.000000000, 4606,150.556,180.000,17.241,177.403
38700,-8.906185183,11.000000000, 4601,150.469,180.000,17.185,179.501
38760,-8.923487637,11.000000000, 4595,150.383,180.000,17.129,181.598
38820,-8.940790092,11.000000000, 4590,150.296,180.000,17.073,183.695
38880,-8.958092546,11.000000000, 4585,150.210,180.000,17.018,185.792
38940,-8.975395000,11.000000000, 4579,150.123,180.000,16.962,187.890
39000,-8.992697454,11.000000000, 4574,150.037,180.000,16.906,189.987
39060,-9.009999908,11.000000000, 4569,149.950,180.000,16.850,192.084
39120,-9.027302362,11.000000000, 4564,149.863,180.000,16.794,194.181
39180,-9.044604816,11.000000000, 4558,149.777,180.000,16.738,196.279
39240,-9.061907270,11.000000000, 4553,149.690,180.000,16.683,198.376
39300,-9.079209725,11.000000000, 4548,149.604,180.000,16.627,200.473
39360,-9.096512179,11.000000000, 4543,149.517,180.000,16.571,202.570
39420,-9.113814633,11.000000000, 4537,149.431,180.000,16.515,204.668
39480,-9.131117087,11.000000000, 4532,149.344,180.000,16.459,206.765
39540,-9.148419541,11.000000000, 4527,149.258,180.000,16.404,208.862
39600,-9.165721995,11.000000000, 4521,149.171,180.000,16.348,210.959
39660,-9.183024449,11.000000000, 4516,149.085,180.000,16.292,213.057
39720,-9.200326903,11.000000000, 4511,148.998,180.000,16.236,215.154
39780,-9.217629358,11.000000000, 4506,148.912,180.000,16.180,217.251
39840,-9.234931812,11.000000000, 4500,148.825,180.000,16.124,219.348
39900,-9.252234266,11.000000000, 4495,148.739,180.000,16.069,221.446
39960,-9.269536720,11.000000000, 4490,148.652,180.000,16.013,223.543
40020,-9.286839174,11.000000000, 4485,148.566,180.000,15.957,225.640
40080,-9.304141628,11.000000000, 4479,148.479,180.000,15.901,227.737
40140,-9.321444082,11.000000000, 4474,148.393,180.000,15.845,229.835
40200,-9.338746536,11.000000000, 4469,148.306,180.000,15.790,231.932
40260,-9.356048991,11.000000000, 4463,148.220,180.000,15.734,234.029
40320,-9.373351445,11.000000000, 4458,148.133,180.000,15.678,236.126
40380,-9.390653899,11.000000000, 4453,148.047,180.000,15.622,238.224
40440,-9.407956353,11.000000000, 4448,147.960,180.000,15.566,240.321
40500,-9.425258807,11.000000000, 4442,147.874,180.000,15.510,242.418
40560,-9.442561261,11.000000000, 4437,147.787,180.000,15.455,244.515
40620,-9.459863715,11.000000000, 4432,147.701,180.000,15.399,246.613
40680,-9.477166169,11.000000000, 4427,147.614,180.000,15.343,248.710
40740,-9.494468624,11.000000000, 4421,147.528,180.000,15.287,250.807
40800,-9.511771078,11.000000000, 4416,147.441,180.000,15.231,252.904
40860,-9.529073532,11.000000000, 4411,147.355,180.000,15.176,255.002
40920,-9.546375986,11.000000000, 4405,147.268,180.000,15.120,257.099
40980,-9.563678440,11.000000000, 4400,147.182,180.000,15.064,259.196
41040,-9.580980894,11.000000000, 4395,147.095,180.000,15.008,261.293
41100,-9.598283348,11.000000000, 4390,147.009,180.000,14.952,263.391
41160,-9.615585802,11.000000000, 4384,146.922,180.000,14.896,265.488
41220,-9.632888257,11.000000000, 4379,146.836,180.000,14.841,267.585
41280,-9.650190711,11.000000000, 4374,146.749,180.000,14.785,269.682
41340,-9.667493165,11.000000000, 4369,146.663,180.000,14.729,271.780
41400,-9.684795619,11.000000000, 4363,146.576,180.000,14.673,273.877
41460,-9.702098073,11.000000000, 4358,146.490,180.000,14.617,275.974
41520,-9.719400527,11.000000000, 4353,146.403,180.000,14.562,278.071
41580,-9.736702981,11.000000000, 4347,146.316,180.000,14.506,280.169
41640,-9.754005435,11.000000000, 4342,146.230,180.000,14.450,282.266
41700,-9.771307890,11.000000000, 4337,146.143,180.000,14.394,284.363
41760,-9.788610344,11.000000000, 4332,146.057,180.000,14.338,286.460
41820,-9.805912798,11.000000000, 4326,145.970,180.000,14.282,288.558
41880,-9.823215252,11.000000000, 4321,145.884,180.000,14.227,290.655
41940,-9.840517706,11.000000000, 4316,145.797,180.000,14.171,292.752
42000,-9.857820160,11.000000000, 4311,145.711,180.000,14.115,294.849
42060,-9.875122614,11.000000000, 4305,145.624,180.000,14.059,296.947
42120,-9.892425068,11.000000000, 4300,145.538,180.000,14.003,299.044
42180,-9.909727523,11.000000000, 4295,145.451,180.000,13.948,301.141
42240,-9.927029977,11.000000000, 4289,145.365,180.000,13.892,303.238
42300,-9.944332431,11.000000000, 4284,145.278,180.000,13.836,305.336
42360,-9.961634885,11.000000000, 4279,145.192,180.000,13.780,307.433
42420,-9.978937339,11.000000000, 4274,145.105,180.000,13.724,309.530
42480,-9.996239793,11.000000000, 4268,145.019,180.000,13.668,311.627
42540,-10.061169312,11.000000000, 4267,145.000,180.000,13.846,311.815
42600,-10.139323195,11.000000000, 4267,145.000,180.000,14.088,311.473
42660,-10.217477078,11.000000000, 4267,145.000,180.000,14.330,311.131
42720,-10.295630961,11.000000000, 4267,145.000,180.000,14.573,310.788
42780,-10.373784845,11.000000000, 4267,145.000,180.000,14.815,310.446
42840,-10.451938728,11.000000000, 4267,145.000,180.000,15.057,310.104
42900,-10.530092611,11.000000000, 4267,145.000,180.000,15.299,309.762
42960,-10.608246494,11.000000000, 4267,145.000,180.000,15.541,309.419
43020,-10.686400377,11.000000000, 4267,145.000,180.000,15.784,309.077
43080,-10.764554260,11.000000000, 4267,145.000,180.000,16.026,308.735
43140,-10.842708143,11.000000000, 4267,145.000,180.000,16.268,308.393
43200,-10.920862026,11.000000000, 4267,145.000,180.000,16.510,308.050
43260,-10.999015909,11.000000000, 4267,145.000,180.000,16.753,307.708
43320,-11.077169792,11.000000000, 4267,145.000,180.000,16.995,307.366
43380,-11.155323675,11.000000000, 4267,145.000,180.000,17.237,307.023
43440,-11.233477559,11.000000000, 4267,145.000,180.000,17.479,306.681
43500,-11.311631442,11.000000000, 4267,145.000,180.000,17.722,306.339
43560,-11.389785325,11.000000000, 4267,145.000,180.000,17.964,305.997
43620,-11.467939208,11.000000000, 4267,145.000,180.000,18.206,305.654
43680,-11.546093091,11.000000000, 4267,145.000,180.000,18.448,305.312
43740,-11.624246974,11.000000000, 4267,145.000,180.000,18.690,304.970
43800,-11.702400857,11.000000000, 4267,145.000,180.000,18.933,304.627
43860,-11.780554740,11.000000000, 4267,145.000,180.000,19.175,304.285
43920,-11.858708623,11.000000000, 4267,145.000,180.000,19.417,303.943
43980,-11.936862506,11.000000000, 4267,145.000,180.000,19.659,303.601
44040,-12.014977038,11.000000000, 4267,145.000,179.941,19.903,303.299
44100,-12.092926114,11.000000000, 4267,145.000,179.635,20.153,303.166
44160,-12.170875190,11.000000000, 4267,145.000,179.328,20.402,303.034
44220,-12.248824265,11.000000000, 4267,145.000,179.022,20.652,302.902
44280,-12.326773341,11.000000000, 4267,145.000,178.715,20.901,302.769
44340,-12.404722417,11.000000000, 4267,145.000,178.409,21.151,302.637
44400,-12.482671493,11.000000000, 4267,145.000,178.103,21.400,302.505
44460,-12.560620568,11.000000000, 4267,145.000,177.796,21.650,302.372
44520,-12.638569644,11.000000000, 4267,145.000,177.490,21.899,302.240
44580,-12.716518720,11.000000000, 4267,145.000,177.183,22.149,302.108
44640,-12.794467796,11.000000000, 4267,145.000,176.877,22.398,301.975
44700,-12.872416871,11.000000000, 4267,145.000,176.570,22.648,301.843
44760,-12.950365947,11.000000000, 4267,145.000,176.264,22.898,301.711
44820,-13.028315023,11.000000000, 4267,145.000,175.958,23.147,301.578
44880,-13.106264099,11.000000000, 4267,145.000,175.651,23.397,301.446
44940,-13.184213175,11.000000000, 4267,145.000,175.345,23.646,301.314
45000,-13.262162250,11.000000000, 4267,145.000,175.038,23.896,301.181
45060,-13.340111326,11.000000000, 4267,145.000,174.732,24.145,301.049
45120,-13.418060402,11.000000000, 4267,145.000,174.425,24.395,300.917
45180,-13.496009478,11.000000000, 4267,145.000,174.119,24.644,300.784
45240,-13.573958553,11.000000000, 4267,145.000,173.813,24.894,300.652
45300,-13.651907629,11.000000000, 4267,145.000,173.506,25.143,300.520
45360,-13.729856705,11.000000000, 4267,145.000,173.200,25.393,300.387
45420,-13.807805781,11.000000000, 4267,145.000,172.893,25.643,300.255
45480,-13.885754856,11.000000000, 4267,145.000,172.587,25.892,300.123
45540,-13.963703932,11.000000000, 4267,145.000,172.280,26.142,299.990
45600,-14.041653008,11.000000000, 4267,145.000,171.974,26.391,299.858
45660,-14.119602084,11.000000000, 4267,145.000,171.667,26.641,299.726
45720,-14.197551159,11.000000000, 4267,145.000,171.361,26.890,299.593
45780,-14.275500235,11.000000000, 4267,145.000,171.055,27.140,299.461
45840,-14.353449311,11.000000000, 4267,145.000,170.748,27.389,299.329
45900,-14.431398387,11.000000000, 4267,145.000,170.442,27.639,299.196
45960,-14.509347463,11.000000000, 4267,145.000,170.135,27.888,299.064
46020,-14.587296538,11.000000000, 4267,145.000,169.829,28.138,298.932
46080,-14.665245614,11.000000000, 4267,145.000,169.522,28.388,298.799
46140,-14.743194690,11.000000000, 4267,145.000,169.216,28.637,298.667
46200,-14.821143766,11.000000000, 4267,145.000,168.910,28.887,298.535
46260,-14.899092841,11.000000000, 4267,145.000,168.603,29.136,298.403
46320,-14.977041917,11.000000000, 4267,145.000,168.297,29.386,298.270
46380,-15.054990993,11.000000000, 4267,145.000,167.990,29.635,298.138
46440,-15.132940069,11.000000000, 4267,145.000,167.684,29.885,298.006
46500,-15.210889144,11.000000000, 4267,145.000,167.377,30.134,297.873
46560,-15.288838220,11.000000000, 4267,145.000,167.071,30.384,297.741
46620,-15.366787296,11.000000000, 4267,145.000,166.765,30.634,297.609
46680,-15.444736372,11.000000000, 4267,145.000,166.458,30.883,297.476
46740,-15.522685447,11.000000000, 4267,145.000,166.152,31.133,297.344
46800,-15.600634523,11.000000000, 4267,145.000,165.845,31.382,297.212
46860,-15.678583599,11.000000000, 4267,145.000,165.539,31.632,297.079
46920,-15.756532675,11.000000000, 4267,145.000,165.232,31.881,296.947
46980,-15.834481751,11.000000000, 4267,145.000,164.926,32.131,296.815
47040,-15.912430826,11.000000000, 4267,145.000,164.620,32.380,296.682
47100,-15.990379902,11.000000000, 4267,145.000,164.313,32.630,296.550
47160,-16.068328978,11.000000000, 4267,145.000,164.007,32.879,296.418
47220,-16.146278054,11.000000000, 4267,145.000,163.700,33.129,296.285
47280,-16.224227129,11.000000000, 4267,145.000,163.394,33.379,296.153
47340,-16.302176205,11.000000000, 4267,145.000,163.087,33.628,296.021
47400,-16.380125281,11.000000000, 4267,145.000,162.781,33.878,295.888
47460,-16.458074357,11.000000000, 4267,145.000,162.475,34.127,295.756
47520,-16.536023432,11.000000000, 4267,145.000,162.168,34.377,295.624
47580,-16.613972508,11.000000000, 4267,145.000,161.862,34.626,295.491
47640,-16.691921584,11.000000000, 4267,145.000,161.555,34.876,295.359
47700,-16.769870660,11.000000000, 4267,145.000,161.249,35.125,295.227
47760,-16.847819735,11.000000000, 4267,145.000,160.942,35.375,295.094
47820,-16.925768811,11.000000000, 4267,145.000,160.636,35.624,294.962
47880,-17.003717887,11.000000000, 4267,145.000,160.330,35.874,294.830
47940,-17.081666963,11.000000000, 4267,145.000,160.023,36.124,294.697
48000,-17.159616039,11.000000000, 4267,145.000,159.717,36.373,294.565
48060,-17.237565114,11.000000000, 4267,145.000,159.410,36.623,294.433
48120,-17.315514190,11.000000000, 4267,145.000,159.104,36.872,294.300
48180,-17.393463266,11.000000000, 4267,145.000,158.797,37.122,294.168
48240,-17.471412342,11.000000000, 4267,145.000,158.491,37.371,294.036
48300,-17.549361417,11.000000000, 4267,145.000,158.185,37.621,293.903
48360,-17.627310493,11.000000000, 4267,145.000,157.878,37.870,293.771
48420,-17.705259569,11.000000000, 4267,145.000,157.572,38.120,293.639
48480,-17.783208645,11.000000000, 4267,145.000,157.265,38.369,293.506
48540,-17.861157720,11.000000000, 4267,145.000,156.959,38.619,293.374
48600,-17.939106796,11.000000000, 4267,145.000,156.652,38.869,293.242
48660,-18.017055872,11.000000000, 4267,145.000,156.346,39.118,293.109
48720,-18.095004948,11.000000000, 4267,145.000,156.040,39.368,292.977
48780,-18.172954023,11.000000000, 4267,145.000,155.733,39.617,292.845
48840,-18.250903099,11.000000000, 4267,145.000,155.427,39.867,292.712
48900,-18.328852175,11.000000000, 4267,145.000,155.120,40.116,292.580
48960,-18.406801251,11.000000000, 4267,145.000,154.814,40.366,292.448
49020,-18.484750327,11.000000000, 4267,145.000,154.507,40.615,292.315
49080,-18.562699402,11.000000000, 4267,145.000,154.201,40.865,292.183
49140,-18.640648478,11.000000000, 4267,145.000,153.895,41.114,292.051
49200,-18.718597554,11.000000000, 4267,145.000,153.588,41.364,291.918
49260,-18.796546630,11.000000000, 4267,145.000,153.282,41.614,291.786
49320,-18.874495705,11.000000000, 4267,145.000,152.975,41.863,291.654
49380,-18.952444781,11.000000000, 4267,145.000,152.669,42.113,291.521
49440,-19.030393857,11.000000000, 4267,145.000,152.362,42.362,291.389
49500,-19.108342933,11.000000000, 4267,145.000,152.056,42.612,291.257
49560,-19.186292008,11.000000000, 4267,145.000,151.750,42.861,291.124
49620,-19.264241084,11.000000000, 4267,145.000,151.443,43.111,290.992
49680,-19.342190160,11.000000000, 4267,145.000,151.137,43.360,290.860
49740,-19.420139236,11.000000000, 4267,145.000,150.830,43.610,290.727
49800,-19.498088311,11.000000000, 4267,145.000,150.524,43.860,290.595
49860,-19.576037387,11.000000000, 4267,145.000,150.217,44.109,290.463
49920,-19.653986463,11.000000000, 4267,145.000,149.911,44.359,290.330
49980,-19.731935539,11.000000000, 4267,145.000,149.604,44.608,290.198
50040,-19.809884615,11.000000000, 4267,145.000,149.298,44.858,290.066
50100,-19.887833690,11.000000000, 4267,145.000,148.992,45.107,289.933
50160,-19.965782766,11.000000000, 4267,145.000,148.685,45.357,289.801
