src/Components/missions/ORACLES/Plans/ORACLES-Flt-plan_p3_20170819_RB.ict
43, 1001
jredeman
NASA Ames Research Center
Simulated flight plan
ORACLES
1,1
2017,08,19,2017,08,19
60
Start_UTC, seconds from midnight UTC, time keeping
7
1,1,1,1,1,1,1
-9999,-9999,-9999,-9999,-9999,-9999,-9999
Latitude, Degrees (North positive), Planned latitude position of the aircraft
Longitude, Degrees (East positive), Planned longitude position of the aircraft
Altitude, meters (above sea level), Planned altitude of the aircraft
speed, meters per second (m/s), Estimated speed of aircraft
Bearing, degrees from north, Direction of travel of the plane per respect to north
SZA, degrees from zenith, Elevation position of the sun in the sky per respect to zenith
AZI, degrees from north, Azimuthal position of the sun in the sky per respect to north
1
Simulated aircraft data interpolated from flight plan waypoints
21
-----------------------------------------------------------------------------
PI_CONTACT_INFO: jredeman
PLATFORM: p3
LOCATION: N/A
ASSOCIATED_DATA: N/A
INSTRUMENT_INFO: None
DATA_INFO: Compiled with flight planner: moving lines v1.2
UNCERTAINTY: Undefined
ULOD_FLAG: -7777
ULOD_VALUE: N/A
LLOD_FLAG: -8888
LLOD_VALUE: N/A
DM_CONTACT_INFO: Samuel LeBlanc, samuel.leblanc@nasa.gov
PROJECT_INFO: ORACLES
STIPULATIONS_ON_USE: None
OTHER_COMMENTS: N/A
REVISION: RB
RB: Version 2 of the flight plan ict 
  RA: First iteration of the flight plan
-----------------------------------------------------------------------------
Start_UTC,Latitude,Longitude,Altitude,speed,Bearing,SZA,AZI
25200,-7.933330000,-14.400000000,   95,150.000,99.581,91.271,76.847
25260,-7.938123874,-14.371238195,  395,148.193,98.925,91.050,76.809
25320,-7.942917748,-14.342476389,  695,146.386,98.268,90.829,76.771
25380,-7.947711622,-14.313714584,  995,144.579,97.612,90.608,76.733
25440,-7.952505496,-14.284952779, 1295,142.772,96.956,90.386,76.695
25500,-7.957299369,-14.256190974, 1595,140.965,96.299,90.165,76.657
25560,-7.962093243,-14.227429168, 1895,139.158,95.643,89.944,76.619
25620,-7.966887117,-14.198667363, 2195,137.351,94.986,89.723,76.582
25680,-7.971680991,-14.169905558, 2495,135.545,94.330,89.501,76.544
25740,-7.976474865,-14.141143753, 2795,133.738,93.674,89.280,76.506
25800,-7.981268739,-14.112381947, 3095,131.931,93.017,89.059,76.468
25860,-7.986062613,-14.083620142, 3395,130.124,92.361,88.838,76.430
25920,-7.990856487,-14.054858337, 3695,128.317,91.705,88.616,76.392
25980,-7.995650361,-14.026096532, 3995,126.510,91.048,88.395,76.354
26040,-8.000000000,-13.993486526, 4268,124.875,90.723,88.167,76.313
26100,-8.000000000,-13.923197584, 4274,124.921,93.638,87.866,76.241
26160,-8.000000000,-13.852908642, 4281,124.967,96.552,87.565,76.169
26220,-8.000000000,-13.782619700, 4288,125.013,99.467,87.264,76.097
26280,-8.000000000,-13.712330758, 4294,125.059,102.382,86.963,76.026
26340,-8.000000000,-13.642041815, 4301,125.105,105.297,86.662,75.954
26400,-8.000000000,-13.571752873, 4307,125.152,108.212,86.361,75.882
26460,-8.000000000,-13.501463931, 4314,125.198,111.126,86.061,75.810
26520,-8.000000000,-13.431174989, 4321,125.244,114.041,85.760,75.739
26580,-8.000000000,-13.360886047, 4327,125.290,116.956,85.459,75.667
26640,-8.000000000,-13.290597105, 4334,125.336,119.871,85.158,75.595
26700,-8.000000000,-13.220308163, 4340,125.382,122.786,84.857,75.524
26760,-8.000000000,-13.150019221, 4347,125.428,125.700,84.556,75.452
26820,-8.000000000,-13.079730278, 4354,125.475,128.615,84.255,75.380
26880,-8.000000000,-13.009441336, 4360,125.521,131.530,83.954,75.308
26940,-8.000000000,-12.939152394, 4367,125.567,134.445,83.654,75.237
27000,-8.000000000,-12.868863452, 4373,125.613,137.360,83.353,75.165
27060,-8.000000000,-12.798574510, 4380,125.659,140.274,83.052,75.093
27120,-8.000000000,-12.728285568, 4386,125.705,143.189,82.751,75.022
27180,-8.000000000,-12.657996626, 4393,125.751,146.104,82.450,74.950
27240,-8.000000000,-12.587707684, 4400,125.798,149.019,82.149,74.878
27300,-8.000000000,-12.517418741, 4406,125.844,151.934,81.848,74.806
27360,-8.000000000,-12.447129799, 4413,125.890,154.848,81.548,74.735
27420,-8.000000000,-12.376840857, 4419,125.936,157.763,81.247,74.663
27480,-8.000000000,-12.306551915, 4426,125.982,160.678,80.946,74.591
27540,-8.000000000,-12.236262973, 4433,126.028,163.593,80.645,74.520
27600,-8.000000000,-12.165974031, 4439,126.074,166.508,80.344,74.448
27660,-8.000000000,-12.095685089, 4446,126.121,169.422,80.043,74.376
27720,-8.000000000,-12.025396147, 4452,126.167,172.337,79.742,74.304
27780,-8.000000000,-11.955107204, 4459,126.213,175.252,79.441,74.233
27840,-8.000000000,-11.884818262, 4466,126.259,178.167,79.141,74.161
27900,-8.000000000,-11.814529320, 4472,126.305,181.082,78.840,74.089
27960,-8.000000000,-11.744240378, 4479,126.351,183.996,78.539,74.018
28020,-8.000000000,-11.673951436, 4485,126.397,186.911,78.238,73.946
28080,-8.000000000,-11.603662494, 4492,126.444,189.826,77.937,73.874
28140,-8.000000000,-11.533373552, 4499,126.490,192.741,77.636,73.802
28200,-8.000000000,-11.463084610, 4505,126.536,195.656,77.335,73.731
28260,-8.000000000,-11.392795667, 4512,126.582,198.570,77.035,73.659
28320,-8.000000000,-11.322506725, 4518,126.628,201.485,76.734,73.587
28380,-8.000000000,-11.252217783, 4525,126.674,204.400,76.433,73.516
28440,-8.000000000,-11.181928841, 4531,126.720,207.315,76.132,73.444
28500,-8.000000000,-11.111639899, 4538,126.767,210.230,75.831,73.372
28560,-8.000000000,-11.041350957, 4545,126.813,213.144,75.530,73.300
28620,-8.000000000,-10.971062015, 4551,126.859,216.059,75.229,73.229
28680,-8.000000000,-10.900773073, 4558,126.905,218.974,74.929,73.157
28740,-8.000000000,-10.830484130, 4564,126.951,221.889,74.628,73.085
28800,-8.000000000,-10.760195188, 4571,126.997,224.804,74.327,73.014
28860,-8.000000000,-10.689906246, 4578,127.043,227.718,74.026,72.942
28920,-8.000000000,-10.619617304, 4584,127.090,230.633,73.725,72.870
28980,-8.000000000,-10.549328362, 4591,127.136,233.548,73.424,72.798
29040,-8.000000000,-10.479039420, 4597,127.182,236.463,73.123,72.727
29100,-8.000000000,-10.408750478, 4604,127.228,239.378,72.822,72.655
29160,-8.000000000,-10.338461536, 4611,127.274,242.292,72.522,72.583
29220,-8.000000000,-10.268172593, 4617,127.320,245.207,72.221,72.511
29280,-8.000000000,-10.197883651, 4624,127.366,248.122,71.920,72.440
29340,-8.000000000,-10.127594709, 4630,127.413,251.037,71.619,72.368
29400,-8.000000000,-10.057305767, 4637,127.459,253.952,71.318,72.296
29460,-8.000000000,-9.987016825, 4644,127.505,256.866,71.017,72.225
29520,-8.000000000,-9.916727883, 4650,127.551,259.781,70.716,72.153
29580,-8.000000000,-9.846438941, 4657,127.597,262.696,70.416,72.081
29640,-8.000000000,-9.776149999, 4663,127.643,265.611,70.115,72.009
29700,-8.000000000,-9.705861056, 4670,127.689,268.526,69.814,71.938
29760,-8.000000000,-9.635572114, 4677,127.736,271.440,69.513,71.866
29820,-8.000000000,-9.565283172, 4683,127.782,274.355,69.212,71.794
29880,-8.000000000,-9.494994230, 4690,127.828,277.270,68.911,71.723
29940,-8.000000000,-9.424705288, 4696,127.874,280.185,68.610,71.651
30000,-8.000000000,-9.354416346, 4703,127.920,283.100,68.309,71.579
30060,-8.000000000,-9.284127404, 4709,127.966,286.014,68.009,71.507
30120,-8.000000000,-9.213838462, 4716,128.012,288.929,67.708,71.436
30180,-8.000000000,-9.143549519, 4723,128.059,291.844,67.407,71.364
30240,-8.000000000,-9.073260577, 4729,128.105,294.759,67.106,71.292
30300,-8.000000000,-9.002971635, 4736,128.151,297.674,66.805,71.221
30360,-8.000000000,-8.932682693, 4742,128.197,300.588,66.504,71.149
30420,-8.000000000,-8.862393751, 4749,128.243,303.503,66.203,71.077
30480,-8.000000000,-8.792104809, 4756,128.289,306.418,65.903,71.005
30540,-8.000000000,-8.721815867, 4762,128.335,309.333,65.602,70.934
30600,-8.000000000,-8.651526925, 4769,128.382,312.248,65.301,70.862
30660,-8.000000000,-8.581237982, 4775,128.428,315.162,65.000,70.790
30720,-8.000000000,-8.510949040, 4782,128.474,318.077,64.699,70.719
30780,-8.000000000,-8.440660098, 4789,128.520,320.992,64.398,70.647
30840,-8.000000000,-8.370371156, 4795,128.566,323.907,64.097,70.575
30900,-8.000000000,-8.300082214, 4802,128.612,326.822,63.796,70.503
30960,-8.000000000,-8.229793272, 4808,128.658,329.736,63.496,70.432
31020,-8.000000000,-8.159504330, 4815,128.705,332.651,63.195,70.360
31080,-8.000000000,-8.089215388, 4822,128.751,335.566,62.894,70.288
31140,-8.000000000,-8.018926445, 4828,128.797,338.481,62.593,70.217
31200,-8.000000000,-7.948637503, 4835,128.843,341.396,62.292,70.145
31260,-8.000000000,-7.878348561, 4841,128.889,344.310,61.991,70.073
31320,-8.000000000,-7.808059619, 4848,128.935,347.225,61.690,70.001
31380,-8.000000000,-7.737770677, 4855,128.982,350.140,61.390,69.930
31440,-8.000000000,-7.667481735, 4861,129.028,353.055,61.089,69.858
31500,-8.000000000,-7.597192793, 4868,129.074,355.970,60.788,69.786
31560,-8.000000000,-7.526903851, 4874,129.120,358.884,60.487,69.714
31620,-8.000000000,-7.500000000, 4692,128.418,356.538,60.229,69.632
31680,-8.000000000,-7.500000000, 4392,127.253,350.929,59.998,69.543
31740,-8.000000000,-7.500000000, 4092,126.087,345.320,59.767,69.454
31800,-8.000000000,-7.500000000, 3792,124.921,339.710,59.536,69.365
31860,-8.000000000,-7.500000000, 3492,123.756,334.101,59.304,69.276
31920,-8.000000000,-7.500000000, 3192,122.590,328.492,59.073,69.187
31980,-8.000000000,-7.500000000, 2892,121.425,322.883,58.842,69.098
32040,-8.000000000,-7.500000000, 2592,120.259,317.274,58.611,69.009
32100,-8.000000000,-7.500000000, 2292,119.093,311.665,58.380,68.920
32160,-8.000000000,-7.500000000, 1992,117.928,306.056,58.149,68.831
32220,-8.000000000,-7.500000000, 1692,116.762,300.447,57.917,68.742
32280,-8.000000000,-7.500000000, 1392,115.597,294.838,57.686,68.653
32340,-8.000000000,-7.500000000, 1092,114.431,289.228,57.455,68.564
32400,-8.000000000,-7.500000000,  792,113.266,283.619,57.224,68.475
32460,-8.000000000,-7.500000000,  492,112.100,278.010,56.993,68.386
32520,-8.000000000,-7.500000000,  192,110.934,272.401,56.762,68.297
32580,-8.000000000,-7.533925134,   61,110.427,275.011,56.563,68.216
32640,-8.000000000,-7.594029220,   61,110.427,283.964,56.389,68.142
32700,-8.000000000,-7.654133305,   61,110.427,292.917,56.215,68.068
32760,-8.000000000,-7.714237391,   61,110.427,301.870,56.041,67.993
32820,-8.000000000,-7.774341477,   61,110.427,310.823,55.867,67.919
32880,-8.000000000,-7.834445562,   61,110.427,319.776,55.693,67.845
32940,-8.000000000,-7.894549648,   61,110.427,328.729,55.519,67.771
33000,-8.000000000,-7.954653734,   61,110.427,337.682,55.345,67.697
33060,-8.000000000,-8.014757819,   61,110.427,346.635,55.171,67.622
33120,-8.000000000,-8.074861905,   61,110.427,355.588,54.997,67.548
33180,-8.000000000,-8.104482217,  213,109.932,331.924,54.795,67.459
33240,-8.000000000,-8.104482217,  513,108.956,276.568,54.566,67.356
33300,-8.000000000,-8.104482217,  813,107.980,221.212,54.338,67.253
33360,-8.000000000,-8.104482217, 1113,107.004,165.856,54.109,67.149
33420,-8.000000000,-8.104482217, 1413,106.029,110.501,53.881,67.046
33480,-8.000000000,-8.063079728, 1524,106.748,109.475,53.616,66.920
33540,-8.000000000,-7.997401423, 1524,108.461,140.305,53.329,66.780
33600,-8.000000000,-7.931723119, 1524,110.174,171.136,53.043,66.641
33660,-8.000000000,-7.866044814, 1524,111.887,201.966,52.757,66.502
33720,-8.000000000,-7.800366509, 1524,113.600,232.796,52.471,66.362
33780,-8.000000000,-7.734688205, 1524,115.313,263.627,52.185,66.223
33840,-8.000000000,-7.669009900, 1524,117.026,294.457,51.898,66.083
33900,-8.000000000,-7.603331596, 1524,118.739,325.287,51.612,65.944
33960,-8.000000000,-7.537653291, 1524,120.452,356.118,51.326,65.804
34020,-8.000000000,-7.529382986, 1786,118.473,287.471,51.093,65.684
34080,-8.000000000,-7.529382986, 2086,115.963,204.493,50.868,65.567
34140,-8.000000000,-7.529382986, 2386,113.452,121.515,50.643,65.449
34200,-8.000000000,-7.486305196, 2500,113.484,107.762,50.380,65.305
34260,-8.000000000,-7.416908305, 2500,115.070,136.304,50.094,65.143
34320,-8.000000000,-7.347511414, 2500,116.656,164.845,49.808,64.982
34380,-8.000000000,-7.278114523, 2500,118.242,193.386,49.522,64.821
34440,-8.000000000,-7.208717632, 2500,119.828,221.927,49.236,64.660
34500,-8.000000000,-7.139320741, 2500,121.414,250.469,48.950,64.499
34560,-8.000000000,-7.069923850, 2500,123.000,279.010,48.664,64.337
34620,-8.000000000,-7.000526959, 2500,124.586,307.551,48.378,64.176
34680,-8.000000000,-6.931130068, 2500,126.172,336.092,48.092,64.015
34740,-8.000000000,-6.872998897, 2549,127.704,355.605,47.817,63.857
34800,-8.000000000,-6.872998897, 2849,128.960,328.530,47.596,63.718
34860,-8.000000000,-6.872998897, 3149,130.215,301.455,47.375,63.578
34920,-8.000000000,-6.872998897, 3449,131.471,274.380,47.154,63.439
34980,-8.000000000,-6.872998897, 3749,132.727,247.305,46.933,63.300
35040,-8.000000000,-6.872998897, 4049,133.982,220.230,46.712,63.160
35100,-8.000000000,-6.872998897, 4349,135.238,193.156,46.491,63.021
35160,-8.000000000,-6.872998897, 4649,136.494,166.081,46.271,62.881
35220,-8.000000000,-6.872998897, 4949,137.749,139.006,46.050,62.742
35280,-8.000000000,-6.872998897, 5249,139.005,111.931,45.829,62.602
35340,-8.000000000,-6.855478525, 5486,140.038,91.166,45.601,62.414
35400,-8.000000000,-6.771112705, 5486,140.222,94.474,45.349,62.043
35460,-8.000000000,-6.686746885, 5486,140.406,97.783,45.097,61.671
35520,-8.000000000,-6.602381065, 5486,140.591,101.091,44.845,61.299
35580,-8.000000000,-6.518015245, 5486,140.775,104.399,44.593,60.928
35640,-8.000000000,-6.433649425, 5486,140.959,107.708,44.341,60.556
35700,-8.000000000,-6.349283605, 5486,141.143,111.016,44.088,60.184
35760,-8.000000000,-6.264917785, 5486,141.327,114.324,43.836,59.813
35820,-8.000000000,-6.180551965, 5486,141.511,117.633,43.584,59.441
35880,-8.000000000,-6.096186145, 5486,141.695,120.941,43.332,59.069
35940,-8.000000000,-6.011820325, 5486,141.879,124.250,43.080,58.698
36000,-8.000000000,-5.927454505, 5486,142.064,127.558,42.827,58.326
36060,-8.000000000,-5.843088685, 5486,142.248,130.866,42.575,57.954
36120,-8.000000000,-5.758722865, 5486,142.432,134.175,42.323,57.583
36180,-8.000000000,-5.674357045, 5486,142.616,137.483,42.071,57.211
36240,-8.000000000,-5.589991225, 5486,142.800,140.791,41.819,56.839
36300,-8.000000000,-5.505625405, 5486,142.984,144.100,41.567,56.468
36360,-8.000000000,-5.421259585, 5486,143.168,147.408,41.314,56.096
36420,-8.000000000,-5.336893765, 5486,143.352,150.716,41.062,55.724
36480,-8.000000000,-5.252527945, 5486,143.537,154.025,40.810,55.353
36540,-8.000000000,-5.168162125, 5486,143.721,157.333,40.558,54.981
36600,-8.000000000,-5.083796305, 5486,143.905,160.642,40.306,54.609
36660,-8.000000000,-4.999430485, 5486,144.089,163.950,40.053,54.238
36720,-8.000000000,-4.915064665, 5486,144.273,167.258,39.801,53.866
36780,-8.000000000,-4.830698845, 5486,144.457,170.567,39.549,53.494
36840,-8.000000000,-4.746333025, 5486,144.641,173.875,39.297,53.122
36900,-8.000000000,-4.661967205, 5486,144.825,177.183,39.045,52.751
36960,-8.000000000,-4.577601385, 5486,145.010,180.492,38.792,52.379
37020,-8.000000000,-4.493235565, 5486,145.194,183.800,38.540,52.007
37080,-8.000000000,-4.408869745, 5486,145.378,187.108,38.288,51.636
37140,-8.000000000,-4.324503925, 5486,145.562,190.417,38.036,51.264
37200,-8.000000000,-4.240138105, 5486,145.746,193.725,37.784,50.892
37260,-8.000000000,-4.155772285, 5486,145.930,197.033,37.532,50.521
37320,-8.000000000,-4.071406465, 5486,146.114,200.342,37.279,50.149
37380,-8.000000000,-3.987040645, 5486,146.298,203.650,37.027,49.777
37440,-8.000000000,-3.902674825, 5486,146.483,206.959,36.775,49.406
37500,-8.000000000,-3.818309005, 5486,146.667,210.267,36.523,49.034
37560,-8.000000000,-3.733943185, 5486,146.851,213.575,36.271,48.662
37620,-8.000000000,-3.649577365, 5486,147.035,216.884,36.018,48.291
37680,-8.000000000,-3.565211545, 5486,147.219,220.192,35.766,47.919
37740,-8.000000000,-3.480845725, 5486,147.403,223.500,35.514,47.547
37800,-8.000000000,-3.396479905, 5486,147.587,226.809,35.262,47.176
37860,-8.000000000,-3.312114085, 5486,147.771,230.117,35.010,46.804
37920,-8.000000000,-3.227748265, 5486,147.956,233.425,34.758,46.432
37980,-8.000000000,-3.143382445, 5486,148.140,236.734,34.505,46.061
38040,-8.000000000,-3.059016625, 5486,148.324,240.042,34.253,45.689
38100,-8.000000000,-2.974650805, 5486,148.508,243.351,34.001,45.317
38160,-8.000000000,-2.890284985, 5486,148.692,246.659,33.749,44.946
38220,-8.000000000,-2.805919165, 5486,148.876,249.967,33.497,44.574
38280,-8.000000000,-2.721553345, 5486,149.060,253.276,33.244,44.202
38340,-8.000000000,-2.637187525, 5486,149.244,256.584,32.992,43.831
38400,-8.000000000,-2.552821705, 5486,149.429,259.892,32.740,43.459
38460,-8.000000000,-2.468455885, 5486,149.613,263.201,32.488,43.087
38520,-8.000000000,-2.384090065, 5486,149.797,266.509,32.236,42.716
38580,-8.000000000,-2.299724245, 5486,149.981,269.817,31.984,42.344
38640,-8.000000000,-2.215358425, 5486,150.165,273.126,31.731,41.972
38700,-8.000000000,-2.130992605, 5486,150.349,276.434,31.479,41.601
38760,-8.000000000,-2.046626785, 5486,150.533,279.743,31.227,41.229
38820,-8.000000000,-1.962260965, 5486,150.717,283.051,30.975,40.857
38880,-8.000000000,-1.877895145, 5486,150.902,286.359,30.723,40.485
38940,-8.000000000,-1.793529325, 5486,151.086,289.668,30.470,40.114
39000,-8.000000000,-1.709163505, 5486,151.270,292.976,30.218,39.742
39060,-8.000000000,-1.624797685, 5486,151.454,296.284,29.966,39.370
39120,-8.000000000,-1.540431865, 5486,151.638,299.593,29.714,38.999
39180,-8.000000000,-1.456066045, 5486,151.822,302.901,29.462,38.627
