src/Components/missions/ORACLES/Plans/ORACLES-Flt-plan_er2_20160923_R0.ict
43, 1001
rferrare
NASA Ames Research Center
Simulated flight plan
ORACLES
1,1
2016,09,23,2016,09,23
60
Start_UTC, seconds from midnight UTC, time keeping
7
1,1,1,1,1,1,1
-9999,-9999,-9999,-9999,-9999,-9999,-9999
Latitude, Degrees (North positive), Planned latitude position of the aircraft
Longitude, Degrees (East positive), Planned longitude position of the aircraft
Altitude, meters (above sea level), Planned altitude of the aircraft
speed, meters per second (m/s), Estimated speed of aircraft
Bearing, degrees from north, Direction of travel of the plane per respect to north
SZA, degrees from zenith, Elevation position of the sun in the sky per respect to zenith
AZI, degrees from north, Azimuthal position of the sun in the sky per respect to north
1
Simulated aircraft data interpolated from flight plan waypoints
21
-----------------------------------------------------------------------------
PI_CONTACT_INFO: rferrare
PLATFORM: er2
LOCATION: N/A
ASSOCIATED_DATA: N/A
INSTRUMENT_INFO: None
DATA_INFO: Compiled with flight planner: moving lines v1.09
UNCERTAINTY: Undefined
ULOD_FLAG: -7777
ULOD_VALUE: N/A
LLOD_FLAG: -8888
LLOD_VALUE: N/A
DM_CONTACT_INFO: Samuel LeBlanc, samuel.leblanc@nasa.gov
PROJECT_INFO: ORACLES
STIPULATIONS_ON_USE: None
OTHER_COMMENTS: N/A
REVISION: RE
RE: Version 5 of the flight plan ict 
  RA: First iteration of the flight plan
-----------------------------------------------------------------------------
Start_UTC,Latitude,Longitude,Altitude,speed,Bearing,SZA,AZI
30600,-22.979716667,14.645283333,   95,150.000,268.911,43.109,60.098
30660,-22.980570465,14.576027418,  891,152.311,271.391,42.968,59.927
30720,-22.981424264,14.506771504, 1687,154.622,273.871,42.827,59.757
30780,-22.982278063,14.437515589, 2482,156.933,276.350,42.686,59.586
30840,-22.983131862,14.368259674, 3278,159.244,278.830,42.545,59.415
30900,-22.983985660,14.299003759, 4074,161.555,281.309,42.404,59.244
30960,-22.984839459,14.229747844, 4870,163.866,283.789,42.263,59.073
31020,-22.985693258,14.160491929, 5665,166.177,286.268,42.122,58.902
31080,-22.986547056,14.091236014, 6461,168.488,288.748,41.981,58.732
31140,-22.987400855,14.021980099, 7257,170.798,291.228,41.840,58.561
31200,-22.988254654,13.952724184, 8053,173.109,293.707,41.700,58.390
31260,-22.989108453,13.883468270, 8849,175.420,296.187,41.559,58.219
31320,-22.989962251,13.814212355, 9644,177.731,298.666,41.418,58.048
31380,-22.990816050,13.744956440,10440,180.042,301.146,41.277,57.878
31440,-22.991669849,13.675700525,11236,182.353,303.625,41.136,57.707
31500,-22.992523647,13.606444610,12032,184.664,306.105,40.995,57.536
31560,-22.993377446,13.537188695,12827,186.975,308.584,40.854,57.365
31620,-22.994231245,13.467932780,13623,189.286,311.064,40.713,57.194
31680,-22.995085044,13.398676865,14419,191.597,313.544,40.572,57.024
31740,-22.995938842,13.329420951,15215,193.908,316.023,40.431,56.853
31800,-22.996792641,13.260165036,16011,196.219,318.503,40.291,56.682
31860,-22.997646440,13.190909121,16806,198.530,320.982,40.150,56.511
31920,-22.998500239,13.121653206,17602,200.841,323.462,40.009,56.340
31980,-22.999354037,13.052397291,18398,203.152,325.941,39.868,56.169
32040,-22.977343809,12.984895873,19000,204.900,328.060,39.713,56.015
32100,-22.884271253,12.922847502,19000,204.900,329.059,39.517,55.911
32160,-22.791198696,12.860799131,19000,204.900,330.057,39.320,55.807
32220,-22.698126140,12.798750760,19000,204.900,331.056,39.124,55.702
32280,-22.605053583,12.736702389,19000,204.900,332.054,38.928,55.598
32340,-22.511981027,12.674654018,19000,204.900,333.053,38.731,55.494
32400,-22.418908471,12.612605647,19000,204.900,334.051,38.535,55.390
32460,-22.325835914,12.550557276,19000,204.900,335.049,38.338,55.286
32520,-22.232763358,12.488508905,19000,204.900,336.048,38.142,55.181
32580,-22.139690801,12.426460534,19000,204.900,337.046,37.945,55.077
32640,-22.046618245,12.364412163,19000,204.900,338.045,37.749,54.973
32700,-21.953545688,12.302363792,19000,204.900,339.043,37.552,54.869
32760,-21.860473132,12.240315421,19000,204.900,340.042,37.356,54.765
32820,-21.767400576,12.178267050,19000,204.900,341.040,37.159,54.660
32880,-21.674328019,12.116218679,19000,204.900,342.039,36.963,54.556
32940,-21.581255463,12.054170309,19000,204.900,343.037,36.766,54.452
33000,-21.488182906,11.992121938,19000,204.900,344.035,36.570,54.348
33060,-21.395110350,11.930073567,19000,204.900,345.034,36.373,54.244
33120,-21.302037793,11.868025196,19000,204.900,346.032,36.177,54.140
33180,-21.208965237,11.805976825,19000,204.900,347.031,35.981,54.035
33240,-21.115892681,11.743928454,19000,204.900,348.029,35.784,53.931
33300,-21.022820124,11.681880083,19000,204.900,349.028,35.588,53.827
33360,-20.929747568,11.619831712,19000,204.900,350.026,35.391,53.723
33420,-20.836675011,11.557783341,19000,204.900,351.025,35.195,53.619
33480,-20.743602455,11.495734970,19000,204.900,352.023,34.998,53.514
33540,-20.650529898,11.433686599,19000,204.900,353.021,34.802,53.410
33600,-20.557457342,11.371638228,19000,204.900,354.020,34.605,53.306
33660,-20.464384786,11.309589857,19000,204.900,355.018,34.409,53.202
33720,-20.371312229,11.247541486,19000,204.900,356.017,34.212,53.098
33780,-20.278239673,11.185493115,19000,204.900,357.015,34.016,52.994
33840,-20.185167116,11.123444744,19000,204.900,358.014,33.819,52.889
33900,-20.092094560,11.061396373,19000,204.900,359.012,33.623,52.785
33960,-19.998841541,11.000000000,19000,204.900,359.919,33.426,52.680
34020,-19.888594959,11.000000000,19000,204.900,352.185,33.175,52.452
34080,-19.778348378,11.000000000,19000,204.900,344.452,32.924,52.224
34140,-19.668101796,11.000000000,19000,204.900,336.718,32.674,51.996
34200,-19.557855215,11.000000000,19000,204.900,328.985,32.423,51.768
34260,-19.447608633,11.000000000,19000,204.900,321.251,32.172,51.540
34320,-19.337362051,11.000000000,19000,204.900,313.518,31.921,51.312
34380,-19.227115470,11.000000000,19000,204.900,305.784,31.671,51.084
34440,-19.116868888,11.000000000,19000,204.900,298.051,31.420,50.856
34500,-19.006622307,11.000000000,19000,204.900,290.318,31.169,50.628
34560,-18.896375725,11.000000000,19000,204.900,282.584,30.918,50.401
34620,-18.786129144,11.000000000,19000,204.900,274.851,30.668,50.173
34680,-18.675882562,11.000000000,19000,204.900,267.117,30.417,49.945
34740,-18.565635981,11.000000000,19000,204.900,259.384,30.166,49.717
34800,-18.455389399,11.000000000,19000,204.900,251.650,29.915,49.489
34860,-18.345142818,11.000000000,19000,204.900,243.917,29.665,49.261
34920,-18.234896236,11.000000000,19000,204.900,236.183,29.414,49.033
34980,-18.124649654,11.000000000,19000,204.900,228.450,29.163,48.805
35040,-18.014403073,11.000000000,19000,204.900,220.716,28.912,48.577
35100,-17.904156491,11.000000000,19000,204.900,212.983,28.662,48.349
35160,-17.793909910,11.000000000,19000,204.900,205.249,28.411,48.121
35220,-17.683663328,11.000000000,19000,204.900,197.516,28.160,47.893
35280,-17.573416747,11.000000000,19000,204.900,189.782,27.910,47.666
35340,-17.463170165,11.000000000,19000,204.900,182.049,27.659,47.438
35400,-17.352923584,11.000000000,19000,204.900,174.315,27.408,47.210
35460,-17.242677002,11.000000000,19000,204.900,166.582,27.157,46.982
35520,-17.132430421,11.000000000,19000,204.900,158.849,26.907,46.754
35580,-17.022183839,11.000000000,19000,204.900,151.115,26.656,46.526
35640,-16.911937258,11.000000000,19000,204.900,143.382,26.405,46.298
35700,-16.801690676,11.000000000,19000,204.900,135.648,26.154,46.070
35760,-16.691444094,11.000000000,19000,204.900,127.915,25.904,45.842
35820,-16.581197513,11.000000000,19000,204.900,120.181,25.653,45.614
35880,-16.470950931,11.000000000,19000,204.900,112.448,25.402,45.386
35940,-16.360704350,11.000000000,19000,204.900,104.714,25.151,45.158
36000,-16.250457768,11.000000000,19000,204.900,96.981,24.901,44.931
36060,-16.140211187,11.000000000,19000,204.900,89.247,24.650,44.703
36120,-16.029964605,11.000000000,19000,204.900,81.514,24.399,44.475
36180,-15.919718024,11.000000000,19000,204.900,73.780,24.148,44.247
36240,-15.809471442,11.000000000,19000,204.900,66.047,23.898,44.019
36300,-15.699224861,11.000000000,19000,204.900,58.313,23.647,43.791
36360,-15.588978279,11.000000000,19000,204.900,50.580,23.396,43.563
36420,-15.478731697,11.000000000,19000,204.900,42.846,23.145,43.335
36480,-15.368485116,11.000000000,19000,204.900,35.113,22.895,43.107
36540,-15.258238534,11.000000000,19000,204.900,27.380,22.644,42.879
36600,-15.147991953,11.000000000,19000,204.900,19.646,22.393,42.651
36660,-15.037745371,11.000000000,19000,204.900,11.913,22.142,42.423
36720,-14.928307027,11.011948829,19000,204.900,17.647,21.898,42.014
36780,-14.819289465,11.030118422,19000,204.900,30.392,21.656,41.509
36840,-14.710271903,11.048288016,19000,204.900,43.137,21.415,41.005
36900,-14.601254341,11.066457610,19000,204.900,55.883,21.173,40.500
36960,-14.492236779,11.084627203,19000,204.900,68.628,20.932,39.996
37020,-14.383219217,11.102796797,19000,204.900,81.374,20.690,39.491
37080,-14.274201656,11.120966391,19000,204.900,94.119,20.449,38.986
37140,-14.165184094,11.139135984,19000,204.900,106.865,20.208,38.482
37200,-14.056166532,11.157305578,19000,204.900,119.610,19.966,37.977
37260,-13.947148970,11.175475172,19000,204.900,132.355,19.725,37.473
37320,-13.838131408,11.193644765,19000,204.900,145.101,19.483,36.968
37380,-13.729113846,11.211814359,19000,204.900,157.846,19.242,36.464
37440,-13.620096284,11.229983953,19000,204.900,170.592,19.000,35.959
37500,-13.511078722,11.248153546,19000,204.900,183.337,18.759,35.455
37560,-13.402061160,11.266323140,19000,204.900,196.083,18.517,34.950
37620,-13.293043598,11.284492734,19000,204.900,208.828,18.276,34.446
37680,-13.184026036,11.302662327,19000,204.900,221.573,18.034,33.941
37740,-13.075008474,11.320831921,19000,204.900,234.319,17.793,33.437
37800,-12.965990912,11.339001515,19000,204.900,247.064,17.552,32.932
37860,-12.856973350,11.357171108,19000,204.900,259.810,17.310,32.428
37920,-12.747955788,11.375340702,19000,204.900,272.555,17.069,31.923
37980,-12.638938227,11.393510296,19000,204.900,285.301,16.827,31.419
38040,-12.529920665,11.411679889,19000,204.900,298.046,16.586,30.914
38100,-12.420903103,11.429849483,19000,204.900,310.792,16.344,30.410
38160,-12.311885541,11.448019077,19000,204.900,323.537,16.103,29.905
38220,-12.202867979,11.466188670,19000,204.900,336.282,15.861,29.400
38280,-12.093850417,11.484358264,19000,204.900,349.028,15.620,28.896
38340,-11.984635024,11.500000000,19000,204.900,357.234,15.385,28.346
38400,-11.874195502,11.500000000,19000,204.900,337.355,15.193,27.516
38460,-11.763755980,11.500000000,19000,204.900,317.476,15.000,26.685
38520,-11.653316459,11.500000000,19000,204.900,297.597,14.808,25.854
38580,-11.542876937,11.500000000,19000,204.900,277.718,14.615,25.024
38640,-11.432437415,11.500000000,19000,204.900,257.839,14.422,24.193
38700,-11.321997894,11.500000000,19000,204.900,237.960,14.230,23.363
38760,-11.211558372,11.500000000,19000,204.900,218.081,14.037,22.532
38820,-11.101118850,11.500000000,19000,204.900,198.201,13.845,21.702
38880,-10.990679328,11.500000000,19000,204.900,178.322,13.652,20.871
38940,-10.880239807,11.500000000,19000,204.900,158.443,13.459,20.041
39000,-10.769800285,11.500000000,19000,204.900,138.564,13.267,19.210
39060,-10.659360763,11.500000000,19000,204.900,118.685,13.074,18.380
39120,-10.548921242,11.500000000,19000,204.900,98.806,12.882,17.549
39180,-10.438481720,11.500000000,19000,204.900,78.927,12.689,16.719
39240,-10.328042198,11.500000000,19000,204.900,59.048,12.496,15.888
39300,-10.217602677,11.500000000,19000,204.900,39.168,12.304,15.058
39360,-10.107163155,11.500000000,19000,204.900,19.289,12.111,14.227
39420,-9.996827841,11.500000000,19000,204.900,0.269,11.922,13.760
39480,-9.889900936,11.500000000,19000,204.900,9.337,11.839,25.169
39540,-9.782974031,11.500000000,19000,204.900,18.405,11.756,36.578
39600,-9.676047126,11.500000000,19000,204.900,27.473,11.673,47.987
39660,-9.569120220,11.500000000,19000,204.900,36.541,11.590,59.396
39720,-9.462193315,11.500000000,19000,204.900,45.610,11.507,70.806
39780,-9.355266410,11.500000000,19000,204.900,54.678,11.423,82.215
39840,-9.248339505,11.500000000,19000,204.900,63.746,11.340,93.624
39900,-9.141412600,11.500000000,19000,204.900,72.814,11.257,105.033
39960,-9.034485695,11.500000000,19000,204.900,81.882,11.174,116.442
40020,-8.927558790,11.500000000,19000,204.900,90.950,11.091,127.852
40080,-8.820631885,11.500000000,19000,204.900,100.018,11.008,139.261
40140,-8.713704980,11.500000000,19000,204.900,109.086,10.925,150.670
40200,-8.606778075,11.500000000,19000,204.900,118.154,10.842,162.079
40260,-8.499851170,11.500000000,19000,204.900,127.223,10.759,173.488
40320,-8.392924265,11.500000000,19000,204.900,136.291,10.676,184.898
40380,-8.285997360,11.500000000,19000,204.900,145.359,10.593,196.307
40440,-8.179070455,11.500000000,19000,204.900,154.427,10.510,207.716
40500,-8.072143550,11.500000000,19000,204.900,163.495,10.427,219.125
40560,-7.965216645,11.500000000,19000,204.900,172.563,10.344,230.535
40620,-7.858289740,11.500000000,19000,204.900,181.631,10.260,241.944
40680,-7.751362835,11.500000000,19000,204.900,190.699,10.177,253.353
40740,-7.644435930,11.500000000,19000,204.900,199.767,10.094,264.762
40800,-7.537509025,11.500000000,19000,204.900,208.836,10.011,276.171
40860,-7.430582120,11.500000000,19000,204.900,217.904,9.928,287.581
40920,-7.323655215,11.500000000,19000,204.900,226.972,9.845,298.990
40980,-7.216728310,11.500000000,19000,204.900,236.040,9.762,310.399
41040,-7.109801405,11.500000000,19000,204.900,245.108,9.679,321.808
41100,-7.002874500,11.500000000,19000,204.900,254.176,9.596,333.217
41160,-7.027132455,11.395992255,19000,204.900,253.346,9.713,333.217
41220,-7.055014458,11.289111245,19000,204.900,252.243,9.835,332.900
41280,-7.082896461,11.182230235,19000,204.900,251.140,9.957,332.584
41340,-7.110778463,11.075349224,19000,204.900,250.037,10.079,332.268
41400,-7.138660466,10.968468214,19000,204.900,248.933,10.201,331.952
41460,-7.166542469,10.861587204,19000,204.900,247.830,10.323,331.636
41520,-7.194424471,10.754706193,19000,204.900,246.727,10.446,331.320
41580,-7.222306474,10.647825183,19000,204.900,245.624,10.568,331.004
41640,-7.250188477,10.540944173,19000,204.900,244.521,10.690,330.688
41700,-7.278070479,10.434063162,19000,204.900,243.417,10.812,330.372
41760,-7.305952482,10.327182152,19000,204.900,242.314,10.934,330.055
41820,-7.333834485,10.220301141,19000,204.900,241.211,11.057,329.739
41880,-7.361716488,10.113420131,19000,204.900,240.108,11.179,329.423
41940,-7.389598490,10.006539121,19000,204.900,239.005,11.301,329.107
42000,-7.417480493,9.899658110,19000,204.900,237.901,11.423,328.791
42060,-7.445362496,9.792777100,19000,204.900,236.798,11.545,328.475
42120,-7.473244498,9.685896090,19000,204.900,235.695,11.668,328.159
42180,-7.501126501,9.579015079,19000,204.900,234.592,11.790,327.843
42240,-7.529008504,9.472134069,19000,204.900,233.488,11.912,327.527
42300,-7.556890506,9.365253058,19000,204.900,232.385,12.034,327.211
42360,-7.584772509,9.258372048,19000,204.900,231.282,12.156,326.894
42420,-7.612654512,9.151491038,19000,204.900,230.179,12.278,326.578
42480,-7.640536515,9.044610027,19000,204.900,229.076,12.401,326.262
42540,-7.668418517,8.937729017,19000,204.900,227.972,12.523,325.946
42600,-7.696300520,8.830848007,19000,204.900,226.869,12.645,325.630
42660,-7.724182523,8.723966996,19000,204.900,225.766,12.767,325.314
42720,-7.752064525,8.617085986,19000,204.900,224.663,12.889,324.998
42780,-7.779946528,8.510204976,19000,204.900,223.559,13.012,324.682
42840,-7.807828531,8.403323965,19000,204.900,222.456,13.134,324.366
42900,-7.835710534,8.296442955,19000,204.900,221.353,13.256,324.050
42960,-7.863592536,8.189561944,19000,204.900,220.250,13.378,323.733
43020,-7.891474539,8.082680934,19000,204.900,219.147,13.500,323.417
43080,-7.919356542,7.975799924,19000,204.900,218.043,13.623,323.101
43140,-7.947238544,7.868918913,19000,204.900,216.940,13.745,322.785
43200,-7.975120547,7.762037903,19000,204.900,215.837,13.867,322.469
43260,-8.003002550,7.655156893,19000,204.900,214.734,13.989,322.153
43320,-8.030884552,7.548275882,19000,204.900,213.630,14.111,321.837
43380,-8.058766555,7.441394872,19000,204.900,212.527,14.233,321.521
43440,-8.086648558,7.334513861,19000,204.900,211.424,14.356,321.205
43500,-8.114530561,7.227632851,19000,204.900,210.321,14.478,320.889
43560,-8.142412563,7.120751841,19000,204.900,209.218,14.600,320.572
43620,-8.170294566,7.013870830,19000,204.900,208.114,14.722,320.256
43680,-8.198176569,6.906989820,19000,204.900,207.011,14.844,319.940
43740,-8.226058571,6.800108810,19000,204.900,205.908,14.967,319.624
43800,-8.253940574,6.693227799,19000,204.900,204.805,15.089,319.308
43860,-8.281822577,6.586346789,19000,204.900,203.702,15.211,318.992
43920,-8.309704580,6.479465779,19000,204.900,202.598,15.333,318.676
43980,-8.337586582,6.372584768,19000,204.900,201.495,15.455,318.360
44040,-8.365468585,6.265703758,19000,204.900,200.392,15.578,318.044
44100,-8.393350588,6.158822747,19000,204.900,199.289,15.700,317.728
44160,-8.421232590,6.051941737,19000,204.900,198.185,15.822,317.411
44220,-8.449114593,5.945060727,19000,204.900,197.082,15.944,317.095
44280,-8.476996596,5.838179716,19000,204.900,195.979,16.066,316.779
44340,-8.504878598,5.731298706,19000,204.900,194.876,16.188,316.463
44400,-8.532760601,5.624417696,19000,204.900,193.773,16.311,316.147
44460,-8.560642604,5.517536685,19000,204.900,192.669,16.433,315.831
44520,-8.588524607,5.410655675,19000,204.900,191.566,16.555,315.515
