src/Components/missions/ORACLES/Plans/ORACLES-Flt-plan_p3_20170828_RA.ict
42, 1001
pz
NASA Ames Research Center
Simulated flight plan
ORACLES-2017
1,1
2017,08,28,2017,08,28
60
Start_UTC, seconds from midnight UTC, time keeping
7
1,1,1,1,1,1,1
-9999,-9999,-9999,-9999,-9999,-9999,-9999
Latitude, Degrees (North positive), Planned latitude position of the aircraft
Longitude, Degrees (East positive), Planned longitude position of the aircraft
Altitude, meters (above sea level), Planned altitude of the aircraft
speed, meters per second (m/s), Estimated speed of aircraft
Bearing, degrees from north, Direction of travel of the plane per respect to north
SZA, degrees from zenith, Elevation position of the sun in the sky per respect to zenith
AZI, degrees from north, Azimuthal position of the sun in the sky per respect to north
1
Simulated aircraft data interpolated from flight plan waypoints
20
-----------------------------------------------------------------------------
PI_CONTACT_INFO: pz
PLATFORM: p3
LOCATION: N/A
ASSOCIATED_DATA: N/A
INSTRUMENT_INFO: None
DATA_INFO: Compiled with flight planner: moving lines v1.1
UNCERTAINTY: Undefined
ULOD_FLAG: -7777
ULOD_VALUE: N/A
LLOD_FLAG: -8888
LLOD_VALUE: N/A
DM_CONTACT_INFO: Samuel LeBlanc, samuel.leblanc@nasa.gov
PROJECT_INFO: ORACLES-2017
STIPULATIONS_ON_USE: None
OTHER_COMMENTS: N/A
REVISION: RA
RA: First iteration of the flight plan
-----------------------------------------------------------------------------
Start_UTC,Latitude,Longitude,Altitude,speed,Bearing,SZA,AZI
29947,0.000000000,5.433000000, 4877,129.138,270.000,50.745,77.574
30007,0.000000000,5.355310944, 4877,131.829,253.852,50.577,77.544
30067,0.000000000,5.277621889, 4877,134.520,237.704,50.409,77.513
30127,0.000000000,5.199932833, 4877,137.212,221.556,50.241,77.483
30187,0.000000000,5.122243778, 4877,139.903,205.409,50.073,77.452
30247,0.000000000,5.044554722, 4877,142.594,189.261,49.905,77.421
30307,-0.033134333,5.000000000, 4877,144.138,180.542,49.733,77.273
30367,-0.110823389,5.000000000, 4877,144.138,181.813,49.556,76.967
30427,-0.188512444,5.000000000, 4877,144.138,183.085,49.378,76.661
30487,-0.266201500,5.000000000, 4877,144.138,184.356,49.201,76.356
30547,-0.343890555,5.000000000, 4877,144.138,185.627,49.023,76.050
30607,-0.421579611,5.000000000, 4877,144.138,186.899,48.846,75.744
30667,-0.499268667,5.000000000, 4877,144.138,188.170,48.668,75.438
30727,-0.576957722,5.000000000, 4877,144.138,189.441,48.491,75.132
30787,-0.654646778,5.000000000, 4877,144.138,190.712,48.313,74.826
30847,-0.732335833,5.000000000, 4877,144.138,191.984,48.136,74.520
30907,-0.810024889,5.000000000, 4877,144.138,193.255,47.958,74.214
30967,-0.887713944,5.000000000, 4877,144.138,194.526,47.781,73.908
31027,-0.965403000,5.000000000, 4877,144.138,195.798,47.603,73.603
31087,-1.043092055,5.000000000, 4877,144.138,197.069,47.426,73.297
31147,-1.120781111,5.000000000, 4877,144.138,198.340,47.248,72.991
31207,-1.198470167,5.000000000, 4877,144.138,199.611,47.070,72.685
31267,-1.276159222,5.000000000, 4877,144.138,200.883,46.893,72.379
31327,-1.353848278,5.000000000, 4877,144.138,202.154,46.715,72.073
31387,-1.431537333,5.000000000, 4877,144.138,203.425,46.538,71.767
31447,-1.509226389,5.000000000, 4877,144.138,204.696,46.360,71.461
31507,-1.586915444,5.000000000, 4877,144.138,205.968,46.183,71.155
31567,-1.664604500,5.000000000, 4877,144.138,207.239,46.005,70.850
31627,-1.742293555,5.000000000, 4877,144.138,208.510,45.828,70.544
31687,-1.819982611,5.000000000, 4877,144.138,209.782,45.650,70.238
31747,-1.897671666,5.000000000, 4877,144.138,211.053,45.473,69.932
31807,-1.975360722,5.000000000, 4877,144.138,212.324,45.295,69.626
31867,-2.053049778,5.000000000, 4877,144.138,213.595,45.118,69.320
31927,-2.130738833,5.000000000, 4877,144.138,214.867,44.940,69.014
31987,-2.208427889,5.000000000, 4877,144.138,216.138,44.763,68.708
32047,-2.286116944,5.000000000, 4877,144.138,217.409,44.585,68.402
32107,-2.363806000,5.000000000, 4877,144.138,218.680,44.407,68.097
32167,-2.441495055,5.000000000, 4877,144.138,219.952,44.230,67.791
32227,-2.519184111,5.000000000, 4877,144.138,221.223,44.052,67.485
32287,-2.596873166,5.000000000, 4877,144.138,222.494,43.875,67.179
32347,-2.674562222,5.000000000, 4877,144.138,223.766,43.697,66.873
32407,-2.752251277,5.000000000, 4877,144.138,225.037,43.520,66.567
32467,-2.829940333,5.000000000, 4877,144.138,226.308,43.342,66.261
32527,-2.907629389,5.000000000, 4877,144.138,227.579,43.165,65.955
32587,-2.985318444,5.000000000, 4877,144.138,228.851,42.987,65.649
32647,-3.063007500,5.000000000, 4877,144.138,230.122,42.810,65.344
32707,-3.140696555,5.000000000, 4877,144.138,231.393,42.632,65.038
32767,-3.218385611,5.000000000, 4877,144.138,232.664,42.455,64.732
32827,-3.296074666,5.000000000, 4877,144.138,233.936,42.277,64.426
32887,-3.373763722,5.000000000, 4877,144.138,235.207,42.100,64.120
32947,-3.451452777,5.000000000, 4877,144.138,236.478,41.922,63.814
33007,-3.529141833,5.000000000, 4877,144.138,237.750,41.745,63.508
33067,-3.606830889,5.000000000, 4877,144.138,239.021,41.567,63.202
33127,-3.684519944,5.000000000, 4877,144.138,240.292,41.389,62.897
33187,-3.762209000,5.000000000, 4877,144.138,241.563,41.212,62.591
33247,-3.839898055,5.000000000, 4877,144.138,242.835,41.034,62.285
33307,-3.917587111,5.000000000, 4877,144.138,244.106,40.857,61.979
33367,-3.995276166,5.000000000, 4877,144.138,245.377,40.679,61.673
33427,-4.072965222,5.000000000, 4877,144.138,246.649,40.502,61.367
33487,-4.150654277,5.000000000, 4877,144.138,247.920,40.324,61.061
33547,-4.228343333,5.000000000, 4877,144.138,249.191,40.147,60.755
33607,-4.306032388,5.000000000, 4877,144.138,250.462,39.969,60.449
33667,-4.383721444,5.000000000, 4877,144.138,251.734,39.792,60.144
33727,-4.461410500,5.000000000, 4877,144.138,253.005,39.614,59.838
33787,-4.539099555,5.000000000, 4877,144.138,254.276,39.437,59.532
33847,-4.616788611,5.000000000, 4877,144.138,255.547,39.259,59.226
33907,-4.694477666,5.000000000, 4877,144.138,256.819,39.082,58.920
33967,-4.772166722,5.000000000, 4877,144.138,258.090,38.904,58.614
34027,-4.849855777,5.000000000, 4877,144.138,259.361,38.726,58.308
34087,-4.927544833,5.000000000, 4877,144.138,260.633,38.549,58.002
34147,-5.005233888,5.000000000, 4877,144.138,261.904,38.371,57.696
34207,-5.082922944,5.000000000, 4877,144.138,263.175,38.194,57.391
34267,-5.160611999,5.000000000, 4877,144.138,264.446,38.016,57.085
34327,-5.238301055,5.000000000, 4877,144.138,265.718,37.839,56.779
34387,-5.315990111,5.000000000, 4877,144.138,266.989,37.661,56.473
34447,-5.393679166,5.000000000, 4877,144.138,268.260,37.484,56.167
34507,-5.471368222,5.000000000, 4877,144.138,269.531,37.306,55.861
34567,-5.549057277,5.000000000, 4877,144.138,270.803,37.129,55.555
34627,-5.626746333,5.000000000, 4877,144.138,272.074,36.951,55.249
34687,-5.704435388,5.000000000, 4877,144.138,273.345,36.774,54.943
34747,-5.782124444,5.000000000, 4877,144.138,274.617,36.596,54.638
34807,-5.859813499,5.000000000, 4877,144.138,275.888,36.419,54.332
34867,-5.937502555,5.000000000, 4877,144.138,277.159,36.241,54.026
34927,-6.015191611,5.000000000, 4877,144.138,278.430,36.064,53.720
34987,-6.092880666,5.000000000, 4877,144.138,279.702,35.886,53.414
35047,-6.170569722,5.000000000, 4877,144.138,280.973,35.708,53.108
35107,-6.248258777,5.000000000, 4877,144.138,282.244,35.531,52.802
35167,-6.325947833,5.000000000, 4877,144.138,283.516,35.353,52.496
35227,-6.403636888,5.000000000, 4877,144.138,284.787,35.176,52.190
35287,-6.481325944,5.000000000, 4877,144.138,286.058,34.998,51.885
35347,-6.559014999,5.000000000, 4877,144.138,287.329,34.821,51.579
35407,-6.636704055,5.000000000, 4877,144.138,288.601,34.643,51.273
35467,-6.714393110,5.000000000, 4877,144.138,289.872,34.466,50.967
35527,-6.792082166,5.000000000, 4877,144.138,291.143,34.288,50.661
35587,-6.869771222,5.000000000, 4877,144.138,292.414,34.111,50.355
35647,-6.947460277,5.000000000, 4877,144.138,293.686,33.933,50.049
35707,-7.025149333,5.000000000, 4877,144.138,294.957,33.756,49.743
35767,-7.102838388,5.000000000, 4877,144.138,296.228,33.578,49.437
35827,-7.180527444,5.000000000, 4877,144.138,297.500,33.401,49.132
35887,-7.258216499,5.000000000, 4877,144.138,298.771,33.223,48.826
35947,-7.335905555,5.000000000, 4877,144.138,300.042,33.045,48.520
36007,-7.413594610,5.000000000, 4877,144.138,301.313,32.868,48.214
36067,-7.491283666,5.000000000, 4877,144.138,302.585,32.690,47.908
36127,-7.568972721,5.000000000, 4877,144.138,303.856,32.513,47.602
36187,-7.646661777,5.000000000, 4877,144.138,305.127,32.335,47.296
36247,-7.724350833,5.000000000, 4877,144.138,306.398,32.158,46.990
36307,-7.802039888,5.000000000, 4877,144.138,307.670,31.980,46.684
36367,-7.879728944,5.000000000, 4877,144.138,308.941,31.803,46.379
36427,-7.957417999,5.000000000, 4877,144.138,310.212,31.625,46.073
36487,-8.035107055,5.000000000, 4877,144.138,311.484,31.448,45.767
36547,-8.112796110,5.000000000, 4877,144.138,312.755,31.270,45.461
36607,-8.190485166,5.000000000, 4877,144.138,314.026,31.093,45.155
36667,-8.268174221,5.000000000, 4877,144.138,315.297,30.915,44.849
36727,-8.345863277,5.000000000, 4877,144.138,316.569,30.738,44.543
36787,-8.423552333,5.000000000, 4877,144.138,317.840,30.560,44.237
36847,-8.501241388,5.000000000, 4877,144.138,319.111,30.382,43.931
36907,-8.578930444,5.000000000, 4877,144.138,320.382,30.205,43.626
36967,-8.656619499,5.000000000, 4877,144.138,321.654,30.027,43.320
37027,-8.734308555,5.000000000, 4877,144.138,322.925,29.850,43.014
37087,-8.811997610,5.000000000, 4877,144.138,324.196,29.672,42.708
37147,-8.889686666,5.000000000, 4877,144.138,325.468,29.495,42.402
37207,-8.967375721,5.000000000, 4877,144.138,326.739,29.317,42.096
37267,-9.045064777,5.000000000, 4877,144.138,328.010,29.140,41.790
37327,-9.122753832,5.000000000, 4877,144.138,329.281,28.962,41.484
37387,-9.200442888,5.000000000, 4877,144.138,330.553,28.785,41.179
37447,-9.278131944,5.000000000, 4877,144.138,331.824,28.607,40.873
37507,-9.355820999,5.000000000, 4877,144.138,333.095,28.430,40.567
37567,-9.433510055,5.000000000, 4877,144.138,334.367,28.252,40.261
37627,-9.511199110,5.000000000, 4877,144.138,335.638,28.075,39.955
37687,-9.588888166,5.000000000, 4877,144.138,336.909,27.897,39.649
37747,-9.666577221,5.000000000, 4877,144.138,338.180,27.720,39.343
37807,-9.744266277,5.000000000, 4877,144.138,339.452,27.542,39.037
37867,-9.821955332,5.000000000, 4877,144.138,340.723,27.364,38.731
37927,-9.899644388,5.000000000, 4877,144.138,341.994,27.187,38.426
37987,-9.977333443,5.000000000, 4877,144.138,343.265,27.009,38.120
38047,-10.055022499,5.000000000, 4877,144.138,344.537,26.832,37.814
38107,-10.132711555,5.000000000, 4877,144.138,345.808,26.654,37.508
38167,-10.210400610,5.000000000, 4877,144.138,347.079,26.477,37.202
38227,-10.288089666,5.000000000, 4877,144.138,348.351,26.299,36.896
38287,-10.365778721,5.000000000, 4877,144.138,349.622,26.122,36.590
38347,-10.443467777,5.000000000, 4877,144.138,350.893,25.944,36.284
38407,-10.521156832,5.000000000, 4877,144.138,352.164,25.767,35.978
38467,-10.598845888,5.000000000, 4877,144.138,353.436,25.589,35.673
38527,-10.676534943,5.000000000, 4877,144.138,354.707,25.412,35.367
38587,-10.754223999,5.000000000, 4877,144.138,355.978,25.234,35.061
38647,-10.831913055,5.000000000, 4877,144.138,357.249,25.057,34.755
38707,-10.909602110,5.000000000, 4877,144.138,358.521,24.879,34.449
38767,-10.987291166,5.000000000, 4877,144.138,359.792,24.701,34.143
38827,-11.000000000,5.000000000, 4654,142.576,360.000,24.572,33.643
38887,-11.000000000,5.000000000, 4387,140.708,360.000,24.451,33.104
38947,-11.000000000,5.000000000, 4120,138.841,360.000,24.331,32.565
39007,-11.000000000,5.000000000, 3853,136.974,360.000,24.210,32.027
39067,-11.000000000,5.000000000, 3587,135.106,360.000,24.090,31.488
39127,-11.000000000,5.000000000, 3320,133.239,360.000,23.970,30.950
39187,-11.000000000,5.000000000, 3053,131.372,360.000,23.849,30.411
39247,-11.000000000,5.000000000, 2786,129.504,360.000,23.729,29.873
39307,-11.000000000,5.000000000, 2520,127.637,360.000,23.608,29.334
39367,-11.000000000,5.000000000, 2253,125.770,360.000,23.488,28.795
39427,-11.000000000,5.000000000, 1986,123.902,360.000,23.367,28.257
39487,-11.000000000,5.000000000, 1719,122.035,360.000,23.247,27.718
39547,-11.000000000,5.000000000, 1453,120.168,360.000,23.127,27.180
39607,-11.000000000,5.000000000, 1186,118.300,360.000,23.006,26.641
39667,-11.000000000,5.000000000,  919,116.433,360.000,22.886,26.103
39727,-11.000000000,5.000000000,  652,114.565,360.000,22.765,25.564
39787,-11.000000000,5.000000000,  385,112.698,360.000,22.645,25.026
39847,-11.000000000,5.000000000,  119,110.831,360.000,22.524,24.487
39907,-10.953359923,5.000000000,   61,110.427,360.000,22.384,23.928
39967,-10.893840772,5.000000000,   61,110.427,360.000,22.238,23.364
40027,-10.834321620,5.000000000,   61,110.427,360.000,22.092,22.800
40087,-10.774802469,5.000000000,   61,110.427,360.000,21.946,22.235
40147,-10.715283317,5.000000000,   61,110.427,360.000,21.800,21.671
40207,-10.655764166,5.000000000,   61,110.427,360.000,21.655,21.107
40267,-10.596245014,5.000000000,   61,110.427,360.000,21.509,20.542
40327,-10.536725863,5.000000000,   61,110.427,360.000,21.363,19.978
40387,-10.477206712,5.000000000,   61,110.427,360.000,21.217,19.414
40447,-10.417687560,5.000000000,   61,110.427,360.000,21.071,18.849
40507,-10.361890944,5.000000000,  180,109.178,360.000,20.941,18.242
40567,-10.307668319,5.000000000,  350,107.402,360.000,20.817,17.616
40627,-10.253445693,5.000000000,  520,105.626,360.000,20.693,16.990
40687,-10.199223068,5.000000000,  689,103.850,360.000,20.569,16.364
40747,-10.145000443,5.000000000,  859,102.074,360.000,20.445,15.739
40807,-10.089402741,5.000000000, 1000,100.759,360.000,20.325,15.100
40867,-10.027095232,5.000000000, 1000,101.694,360.000,20.221,14.401
40927,-9.964787722,5.000000000, 1000,102.628,360.000,20.118,13.702
40987,-9.902480213,5.000000000, 1000,103.563,360.000,20.015,13.002
41047,-9.840172703,5.000000000, 1000,104.497,360.000,19.912,12.303
41107,-9.777865194,5.000000000, 1000,105.432,360.000,19.808,11.604
41167,-9.715557684,5.000000000, 1000,106.367,360.000,19.705,10.905
41227,-9.653250174,5.000000000, 1000,107.301,360.000,19.602,10.205
41287,-9.590942665,5.000000000, 1000,108.236,360.000,19.499,9.506
41347,-9.528635155,5.000000000, 1000,109.170,360.000,19.395,8.807
41407,-9.466327646,5.000000000, 1000,110.105,360.000,19.292,8.108
41467,-9.404020136,5.000000000, 1000,111.040,360.000,19.189,7.408
41527,-9.341712627,5.000000000, 1000,111.974,360.000,19.086,6.709
41587,-9.279405117,5.000000000, 1000,112.909,360.000,18.982,6.010
41647,-9.217097608,5.000000000, 1000,113.844,360.000,18.879,5.310
41707,-9.154790098,5.000000000, 1000,114.778,360.000,18.776,4.611
41767,-9.092391547,5.000000000,  985,115.707,360.000,18.676,3.905
41827,-9.029329448,5.000000000,  859,116.589,360.000,18.598,3.146
41887,-8.966267350,5.000000000,  800,117.000,360.000,18.544,10.455
41947,-8.903205251,5.000000000,  800,117.000,360.000,18.510,24.779
42007,-8.840143152,5.000000000,  800,117.000,360.000,18.476,39.102
42067,-8.777081053,5.000000000,  800,117.000,360.000,18.443,53.425
42127,-8.714018954,5.000000000,  800,117.000,360.000,18.409,67.748
42187,-8.650956856,5.000000000,  800,117.000,360.000,18.375,82.071
42247,-8.587894757,5.000000000,  800,117.000,360.000,18.342,96.394
42307,-8.524832658,5.000000000,  800,117.000,360.000,18.308,110.718
42367,-8.461770559,5.000000000,  800,117.000,360.000,18.274,125.041
42427,-8.398708461,5.000000000,  800,117.000,360.000,18.241,139.364
42487,-8.335646362,5.000000000,  800,117.000,360.000,18.207,153.687
42547,-8.272584263,5.000000000,  800,117.000,360.000,18.173,168.010
42607,-8.209522164,5.000000000,  800,117.000,360.000,18.139,182.333
42667,-8.146460065,5.000000000,  800,117.000,360.000,18.106,196.657
42727,-8.083397967,5.000000000,  800,117.000,360.000,18.072,210.980
42787,-8.020335868,5.000000000,  800,117.000,360.000,18.038,225.303
42847,-7.957273769,5.000000000,  800,117.000,360.000,18.005,239.626
42907,-7.894211670,5.000000000,  800,117.000,360.000,17.971,253.949
42967,-7.831149572,5.000000000,  800,117.000,360.000,17.937,268.272
43027,-7.768087473,5.000000000,  800,117.000,360.000,17.904,282.596
43087,-7.705025374,5.000000000,  800,117.000,360.000,17.870,296.919
43147,-7.641963275,5.000000000,  800,117.000,360.000,17.836,311.242
43207,-7.578901177,5.000000000,  800,117.000,360.000,17.802,325.565
43267,-7.515839078,5.000000000,  800,117.000,360.000,17.769,339.888
43327,-7.455429944,5.000000000,  635,115.535,360.000,17.775,342.867
43387,-7.395910642,5.000000000,  415,113.579,360.000,17.794,342.041
43447,-7.336391339,5.000000000,  195,111.623,360.000,17.814,341.215
43507,-7.276872037,5.000000000,   61,110.427,360.000,17.839,340.394
43567,-7.217352734,5.000000000,   61,110.427,360.000,17.874,339.582
43627,-7.157833432,5.000000000,   61,110.427,360.000,17.908,338.770
43687,-7.098314130,5.000000000,   61,110.427,360.000,17.943,337.957
43747,-7.038794827,5.000000000,   61,110.427,360.000,17.977,337.145
43807,-6.981367751,5.000000000,  145,110.405,357.205,18.029,336.362
43867,-6.927857181,5.000000000,  388,110.341,349.179,18.115,335.633
43927,-6.874346612,5.000000000,  631,110.278,341.152,18.200,334.903
43987,-6.820836042,5.000000000,  873,110.214,333.125,18.285,334.174
44047,-6.767325473,5.000000000, 1116,110.150,325.099,18.370,333.445
44107,-6.713814903,5.000000000, 1358,110.087,317.072,18.455,332.716
