src/Components/missions/ORACLES/Plans/ORACLES-Flt-plan_er2_20160920_ABlegs.ict
42, 1001
Samuel LeBlanc
NASA Ames Research Center
Simulated flight plan
ORACLES
1,1
2016,09,20,2016,09,20
60
Start_UTC, seconds from midnight UTC, time keeping
7
1,1,1,1,1,1,1
-9999,-9999,-9999,-9999,-9999,-9999,-9999
Latitude, Degrees (North positive), Planned latitude position of the aircraft
Longitude, Degrees (East positive), Planned longitude position of the aircraft
Altitude, meters (above sea level), Planned altitude of the aircraft
speed, meters per second (m/s), Estimated speed of aircraft
Bearing, degrees from north, Direction of travel of the plane per respect to north
SZA, degrees from zenith, Elevation position of the sun in the sky per respect to zenith
AZI, degrees from north, Azimuthal position of the sun in the sky per respect to north
1
Simulated aircraft data interpolated from flight plan waypoints
20
-----------------------------------------------------------------------------
PI_CONTACT_INFO: Samuel LeBlanc, samuel.leblanc@nasa.gov
PLATFORM: er2
LOCATION: N/A
ASSOCIATED_DATA: N/A
INSTRUMENT_INFO: None
DATA_INFO: Compiled with flight planner: moving lines v1.07
UNCERTAINTY: Undefined
ULOD_FLAG: -7777
ULOD_VALUE: N/A
LLOD_FLAG: -8888
LLOD_VALUE: N/A
DM_CONTACT_INFO: See PI
PROJECT_INFO: ORACLES
STIPULATIONS_ON_USE: None
OTHER_COMMENTS: N/A
REVISION: RA
RA: First iteration of the flight plan
-----------------------------------------------------------------------------
Start_UTC,Latitude,Longitude,Altitude,speed,Bearing,SZA,AZI
[from data line 235]
39300,-16.461242560,7.500000000,19000,204.900,290.756,19.290,22.530
39360,-16.567546445,7.500000000,19000,204.900,295.540,19.279,21.703
39420,-16.673850330,7.500000000,19000,204.900,300.323,19.268,20.877
39480,-16.780154214,7.500000000,19000,204.900,305.107,19.256,20.050
39540,-16.886458099,7.500000000,19000,204.900,309.891,19.245,19.224
39600,-16.992761984,7.500000000,19000,204.900,314.674,19.234,18.398
39660,-17.099065868,7.500000000,19000,204.900,319.458,19.223,17.571
39720,-17.205369753,7.500000000,19000,204.900,324.242,19.211,16.745
39780,-17.311673638,7.500000000,19000,204.900,329.025,19.200,15.918
39840,-17.417977522,7.500000000,19000,204.900,333.809,19.189,15.092
39900,-17.524281407,7.500000000,19000,204.900,338.593,19.178,14.266
39960,-17.630585292,7.500000000,19000,204.900,343.376,19.167,13.439
40020,-17.736889177,7.500000000,19000,204.900,348.160,19.155,12.613
40080,-17.843193061,7.500000000,19000,204.900,352.944,19.144,11.787
40140,-17.949496946,7.500000000,19000,204.900,357.727,19.133,10.960
40200,-17.946181659,7.500000000,19000,204.900,359.845,19.087,14.955
40260,-17.843654535,7.500000000,19000,204.900,359.550,19.008,23.312
40320,-17.741127411,7.500000000,19000,204.900,359.254,18.930,31.670
40380,-17.638600287,7.500000000,19000,204.900,358.959,18.852,40.027
40440,-17.536073163,7.500000000,19000,204.900,358.664,18.774,48.385
40500,-17.433546039,7.500000000,19000,204.900,358.369,18.696,56.742
40560,-17.331018915,7.500000000,19000,204.900,358.073,18.618,65.099
40620,-17.228491791,7.500000000,19000,204.900,357.778,18.540,73.457
40680,-17.125964667,7.500000000,19000,204.900,357.483,18.461,81.814
40740,-17.023437543,7.500000000,19000,204.900,357.188,18.383,90.172
40800,-16.920910419,7.500000000,19000,204.900,356.892,18.305,98.529
40860,-16.818383295,7.500000000,19000,204.900,356.597,18.227,106.887
40920,-16.715856171,7.500000000,19000,204.900,356.302,18.149,115.244
40980,-16.613329047,7.500000000,19000,204.900,356.007,18.071,123.602
41040,-16.510801923,7.500000000,19000,204.900,355.711,17.993,131.959
41100,-16.408274799,7.500000000,19000,204.900,355.416,17.914,140.317
41160,-16.305747675,7.500000000,19000,204.900,355.121,17.836,148.674
41220,-16.203220551,7.500000000,19000,204.900,354.825,17.758,157.032
41280,-16.100693427,7.500000000,19000,204.900,354.530,17.680,165.389
41340,-15.998166303,7.500000000,19000,204.900,354.235,17.602,173.747
41400,-15.895639179,7.500000000,19000,204.900,353.940,17.524,182.104
41460,-15.793112055,7.500000000,19000,204.900,353.644,17.446,190.462
41520,-15.690584931,7.500000000,19000,204.900,353.349,17.368,198.819
41580,-15.588057807,7.500000000,19000,204.900,353.054,17.289,207.177
41640,-15.485530683,7.500000000,19000,204.900,352.759,17.211,215.534
41700,-15.383003559,7.500000000,19000,204.900,352.463,17.133,223.892
41760,-15.280476435,7.500000000,19000,204.900,352.168,17.055,232.249
41820,-15.177949311,7.500000000,19000,204.900,351.873,16.977,240.607
41880,-15.075422187,7.500000000,19000,204.900,351.578,16.899,248.964
41940,-14.972895063,7.500000000,19000,204.900,351.282,16.821,257.322
42000,-14.870367939,7.500000000,19000,204.900,350.987,16.742,265.679
42060,-14.767840815,7.500000000,19000,204.900,350.692,16.664,274.037
42120,-14.665313691,7.500000000,19000,204.900,350.396,16.586,282.394
42180,-14.562786567,7.500000000,19000,204.900,350.101,16.508,290.752
42240,-14.460259443,7.500000000,19000,204.900,349.806,16.430,299.109
42300,-14.357732319,7.500000000,19000,204.900,349.511,16.352,307.467
42360,-14.255205195,7.500000000,19000,204.900,349.215,16.274,315.824
42420,-14.152678071,7.500000000,19000,204.900,348.920,16.195,324.182
42480,-14.050150947,7.500000000,19000,204.900,348.625,16.117,332.539
42540,-13.947517845,7.489112946,19000,204.900,345.366,16.104,336.191
42600,-13.844783269,7.467801382,19000,204.900,339.269,16.153,335.337
42660,-13.742048693,7.446489817,19000,204.900,333.172,16.203,334.482
42720,-13.639314116,7.425178252,19000,204.900,327.076,16.252,333.628
42780,-13.536579540,7.403866687,19000,204.900,320.979,16.301,332.773
42840,-13.433844963,7.382555123,19000,204.900,314.882,16.350,331.919
42900,-13.331110387,7.361243558,19000,204.900,308.785,16.400,331.065
42960,-13.228375811,7.339931993,19000,204.900,302.688,16.449,330.210
43020,-13.125641234,7.318620428,19000,204.900,296.592,16.498,329.356
43080,-13.022906658,7.297308864,19000,204.900,290.495,16.547,328.502
43140,-12.920172081,7.275997299,19000,204.900,284.398,16.596,327.647
43200,-12.817437505,7.254685734,19000,204.900,278.301,16.646,326.793
43260,-12.714702929,7.233374169,19000,204.900,272.204,16.695,325.939
43320,-12.611968352,7.212062604,19000,204.900,266.108,16.744,325.084
43380,-12.509233776,7.190751040,19000,204.900,260.011,16.793,324.230
43440,-12.406499200,7.169439475,19000,204.900,253.914,16.842,323.376
43500,-12.303764623,7.148127910,19000,204.900,247.817,16.892,322.521
43560,-12.201030047,7.126816345,19000,204.900,241.720,16.941,321.667
43620,-12.098295470,7.105504781,19000,204.900,235.624,16.990,320.813
43680,-11.995560894,7.084193216,19000,204.900,229.527,17.039,319.958
43740,-11.892826318,7.062881651,19000,204.900,223.430,17.088,319.104
43800,-11.790091741,7.041570086,19000,204.900,217.333,17.138,318.249
43860,-11.687357165,7.020258522,19000,204.900,211.237,17.187,317.395
43920,-11.584622588,6.998946957,19000,204.900,205.140,17.236,316.541
43980,-11.481888012,6.977635392,19000,204.900,199.043,17.285,315.686
44040,-11.379153436,6.956323827,19000,204.900,192.946,17.335,314.832
44100,-11.276418859,6.935012263,19000,204.900,186.849,17.384,313.978
44160,-11.173684283,6.913700698,19000,204.900,180.753,17.433,313.123
44220,-11.070949706,6.892389133,19000,204.900,174.656,17.482,312.269
44280,-10.968215130,6.871077568,19000,204.900,168.559,17.531,311.415
44340,-11.055655946,6.890407031,19000,204.900,167.963,17.787,311.097
44400,-11.163638636,6.914126352,19000,204.900,167.960,18.064,310.838
44460,-11.271621327,6.937845672,19000,204.900,167.958,18.342,310.578
44520,-11.379604017,6.961564993,19000,204.900,167.956,18.619,310.318
44580,-11.487586708,6.985284314,19000,204.900,167.953,18.897,310.059
44640,-11.595569398,7.009003634,19000,204.900,167.951,19.174,309.799
44700,-11.703552089,7.032722955,19000,204.900,167.949,19.452,309.540
44760,-11.811534780,7.056442276,19000,204.900,167.946,19.730,309.280
44820,-11.919517470,7.080161596,19000,204.900,167.944,20.007,309.021
44880,-12.027500161,7.103880917,19000,204.900,167.942,20.285,308.761
44940,-12.135482851,7.127600238,19000,204.900,167.939,20.562,308.502
45000,-12.243465542,7.151319558,19000,204.900,167.937,20.840,308.242
45060,-12.351448233,7.175038879,19000,204.900,167.934,21.117,307.983
45120,-12.459430923,7.198758200,19000,204.900,167.932,21.395,307.723
45180,-12.567413614,7.222477520,19000,204.900,167.930,21.673,307.463
45240,-12.675396304,7.246196841,19000,204.900,167.927,21.950,307.204
45300,-12.783378995,7.269916162,19000,204.900,167.925,22.228,306.944
45360,-12.891361685,7.293635482,19000,204.900,167.923,22.505,306.685
45420,-12.999344376,7.317354803,19000,204.900,167.920,22.783,306.425
45480,-13.107327067,7.341074124,19000,204.900,167.918,23.060,306.166
45540,-13.215309757,7.364793444,19000,204.900,167.916,23.338,305.906
45600,-13.323292448,7.388512765,19000,204.900,167.913,23.615,305.647
45660,-13.431275138,7.412232086,19000,204.900,167.911,23.893,305.387
45720,-13.539257829,7.435951406,19000,204.900,167.909,24.171,305.128
45780,-13.647240520,7.459670727,19000,204.900,167.906,24.448,304.868
45840,-13.755223210,7.483390048,19000,204.900,167.904,24.726,304.609
45900,-13.863205901,7.507109368,19000,204.900,167.902,25.003,304.349
45960,-13.971188591,7.530828689,19000,204.900,167.899,25.281,304.089
46020,-14.079150843,7.554871611,19000,204.900,167.897,25.562,303.916
46080,-14.187112408,7.578925409,19000,204.900,167.895,25.843,303.745
46140,-14.295073973,7.602979208,19000,204.900,167.892,26.124,303.575
46200,-14.403035538,7.627033006,19000,204.900,167.890,26.406,303.404
46260,-14.510997103,7.651086805,19000,204.900,167.888,26.687,303.233
46320,-14.618958668,7.675140603,19000,204.900,167.886,26.968,303.063
46380,-14.726920232,7.699194402,19000,204.900,167.883,27.249,302.892
46440,-14.834881797,7.723248200,19000,204.900,167.881,27.530,302.722
46500,-14.942843362,7.747301999,19000,204.900,167.879,27.812,302.551
46560,-15.050804927,7.771355797,19000,204.900,167.876,28.093,302.380
46620,-15.158766492,7.795409595,19000,204.900,167.874,28.374,302.210
46680,-15.266728057,7.819463394,19000,204.900,167.872,28.655,302.039
46740,-15.374689622,7.843517192,19000,204.900,167.869,28.937,301.869
46800,-15.482651187,7.867570991,19000,204.900,167.867,29.218,301.698
46860,-15.590612752,7.891624789,19000,204.900,167.865,29.499,301.527
46920,-15.698574316,7.915678588,19000,204.900,167.862,29.780,301.357
46980,-15.806532109,7.939797511,19000,204.900,167.860,30.061,301.193
47040,-15.914475995,7.964156530,19000,204.900,167.856,30.343,301.053
47100,-16.022419882,7.988515549,19000,204.900,167.852,30.624,300.913
47160,-16.130363768,8.012874567,19000,204.900,167.848,30.905,300.774
47220,-16.238307654,8.037233586,19000,204.900,167.844,31.187,300.634
47280,-16.346251541,8.061592604,19000,204.900,167.840,31.468,300.494
47340,-16.454195427,8.085951623,19000,204.900,167.836,31.749,300.355
47400,-16.562139313,8.110310641,19000,204.900,167.832,32.031,300.215
47460,-16.670083200,8.134669660,19000,204.900,167.828,32.312,300.075
47520,-16.778027086,8.159028679,19000,204.900,167.824,32.593,299.936
47580,-16.885970972,8.183387697,19000,204.900,167.820,32.875,299.796
47640,-16.993914858,8.207746716,19000,204.900,167.816,33.156,299.656
47700,-17.101858745,8.232105734,19000,204.900,167.812,33.437,299.517
47760,-17.209802631,8.256464753,19000,204.900,167.808,33.719,299.377
47820,-17.317746517,8.280823772,19000,204.900,167.804,34.000,299.237
47880,-17.425690404,8.305182790,19000,204.900,167.800,34.281,299.097
47940,-17.533634290,8.329541809,19000,204.900,167.796,34.563,298.958
48000,-17.641571563,8.354002188,19000,204.900,167.793,34.844,298.824
48060,-17.749501195,8.378579691,19000,204.900,167.790,35.125,298.697
48120,-17.857430828,8.403157194,19000,204.900,167.788,35.406,298.570
48180,-17.965360460,8.427734697,19000,204.900,167.785,35.687,298.443
48240,-18.073290092,8.452312200,19000,204.900,167.783,35.968,298.317
48300,-18.181219724,8.476889703,19000,204.900,167.780,36.249,298.190
48360,-18.289145798,8.501568373,19000,204.900,167.776,36.529,298.067
48420,-18.397071395,8.526260631,19000,204.900,167.771,36.809,297.946
48480,-18.504996991,8.550952890,19000,204.900,167.766,37.089,297.824
48540,-18.612922588,8.575645148,19000,204.900,167.761,37.369,297.702
48600,-18.720848184,8.600337406,19000,204.900,167.756,37.649,297.581
48660,-18.828767936,8.625072693,19000,204.900,167.753,37.929,297.460
48720,-18.936674108,8.649907956,19000,204.900,167.757,38.209,297.341
48780,-19.044580279,8.674743219,19000,204.900,167.760,38.489,297.222
48840,-19.152486451,8.699578483,19000,204.900,167.763,38.770,297.104
48900,-19.260392623,8.724413746,19000,204.900,167.767,39.050,296.985
48960,-19.368298795,8.749249009,19000,204.900,167.770,39.330,296.866
49020,-19.474266337,8.773815883,19000,204.900,165.666,39.608,296.750
49080,-19.579480401,8.798278444,19000,204.900,162.742,39.885,296.635
49140,-19.684694465,8.822741006,19000,204.900,159.818,40.163,296.519
49200,-19.789908529,8.847203567,19000,204.900,156.894,40.440,296.404
49260,-19.895122593,8.871666128,19000,204.900,153.971,40.717,296.289
49320,-20.000336658,8.896128689,19000,204.900,151.047,40.995,296.173
49380,-20.105550722,8.920591250,19000,204.900,148.123,41.272,296.058
49440,-20.210764786,8.945053811,19000,204.900,145.200,41.549,295.943
49500,-20.315978850,8.969516373,19000,204.900,142.276,41.827,295.827
49560,-20.421192914,8.993978934,19000,204.900,139.352,42.104,295.712
49620,-20.526406978,9.018441495,19000,204.900,136.429,42.381,295.596
49680,-20.631621042,9.042904056,19000,204.900,133.505,42.658,295.481
49740,-20.736835106,9.067366617,19000,204.900,130.581,42.936,295.366
49800,-20.842049170,9.091829179,19000,204.900,127.657,43.213,295.250
49860,-20.947263234,9.116291740,19000,204.900,124.734,43.490,295.135
49920,-21.052477299,9.140754301,19000,204.900,121.810,43.768,295.020
49980,-21.157691363,9.165216862,19000,204.900,118.886,44.045,294.904
50040,-21.232041291,9.234755051,19000,204.900,117.156,44.349,294.744
50100,-21.281655366,9.340418800,19000,204.900,116.381,44.673,294.547
50160,-21.331269441,9.446082548,19000,204.900,115.606,44.998,294.351
50220,-21.380883516,9.551746297,19000,204.900,114.832,45.323,294.154
50280,-21.430497590,9.657410045,19000,204.900,114.057,45.648,293.957
50340,-21.480111665,9.763073794,19000,204.900,113.283,45.973,293.761
50400,-21.529725740,9.868737542,19000,204.900,112.508,46.297,293.564
50460,-21.579339815,9.974401290,19000,204.900,111.734,46.622,293.368
50520,-21.628953889,10.080065039,19000,204.900,110.959,46.947,293.171
50580,-21.678567964,10.185728787,19000,204.900,110.184,47.272,292.974
50640,-21.728182039,10.291392536,19000,204.900,109.410,47.596,292.778
50700,-21.777796114,10.397056284,19000,204.900,108.635,47.921,292.581
50760,-21.827410188,10.502720033,19000,204.900,107.861,48.246,292.385
50820,-21.877024263,10.608383781,19000,204.900,107.086,48.571,292.188
50880,-21.926638338,10.714047530,19000,204.900,106.312,48.895,291.991
50940,-21.976252412,10.819711278,19000,204.900,105.537,49.220,291.795
51000,-22.025866487,10.925375027,19000,204.900,104.762,49.545,291.598
51060,-22.075480562,11.031038775,19000,204.900,103.988,49.870,291.402
51120,-22.125094637,11.136702524,19000,204.900,103.213,50.195,291.205
51180,-22.174708711,11.242366272,19000,204.900,102.439,50.519,291.009
51240,-22.224322786,11.348030020,19000,204.900,101.664,50.844,290.812
51300,-22.273936861,11.453693769,19000,204.900,100.889,51.169,290.615
51360,-22.323550936,11.559357517,19000,204.900,100.115,51.494,290.419
51420,-22.373165010,11.665021266,19000,204.900,99.340,51.818,290.222
51480,-22.422779085,11.770685014,19000,204.900,98.566,52.143,290.026
51540,-22.472393160,11.876348763,19000,204.900,97.791,52.468,289.829
51600,-22.522007234,11.982012511,19000,204.900,97.017,52.793,289.632
51660,-22.571621309,12.087676260,19000,204.900,96.242,53.118,289.436
51720,-22.621235384,12.193340008,19000,204.900,95.467,53.442,289.239
51780,-22.670849459,12.299003757,19000,204.900,94.693,53.767,289.043
51840,-22.720463533,12.404667505,19000,204.900,93.918,54.092,288.846
51900,-22.770077608,12.510331254,19000,204.900,93.144,54.417,288.649
51960,-22.819691683,12.615995002,19000,204.900,92.369,54.741,288.453
52020,-22.869305758,12.721658750,19000,204.900,91.595,55.066,288.256
52080,-22.918919832,12.827322499,19000,204.900,90.820,55.391,288.060
52140,-22.968533907,12.932986247,19000,204.900,90.045,55.716,287.863
52200,-22.999813417,13.015134685,18826,203.665,89.548,56.016,287.683
52260,-22.999303325,13.056510821,18351,200.290,89.532,56.275,287.530
52320,-22.998793233,13.097886958,17875,196.914,89.516,56.534,287.378
52380,-22.998283141,13.139263095,17400,193.539,89.500,56.793,287.225
52440,-22.997773049,13.180639231,16924,190.163,89.484,57.052,287.073
52500,-22.997262957,13.222015368,16449,186.788,89.467,57.311,286.921
52560,-22.996752865,13.263391505,15974,183.412,89.451,57.570,286.768
52620,-22.996242773,13.304767641,15498,180.036,89.435,57.828,286.616
52680,-22.995732681,13.346143778,15023,176.661,89.419,58.087,286.464
52740,-22.995222589,13.387519915,14547,173.285,89.403,58.346,286.311
52800,-22.994712497,13.428896051,14072,169.910,89.387,58.605,286.159
52860,-22.994202405,13.470272188,13596,166.534,89.370,58.864,286.006
52920,-22.993692313,13.511648325,13121,163.159,89.354,59.123,285.854
52980,-22.993182221,13.553024461,12646,159.783,89.338,59.382,285.702
53040,-22.992672129,13.594400598,12170,156.408,89.322,59.640,285.549
53100,-22.992162037,13.635776735,11695,153.032,89.306,59.899,285.397
