src/Components/missions/ORACLES/Plans/ORACLES-Flt-plan_er2_20160920_AClegs.ict
42, 1001
Samuel LeBlanc
NASA Ames Research Center
Simulated flight plan
ORACLES
1,1
2016,09,20,2016,09,20
60
Start_UTC, seconds from midnight UTC, time keeping
7
1,1,1,1,1,1,1
-9999,-9999,-9999,-9999,-9999,-9999,-9999
Latitude, Degrees (North positive), Planned latitude position of the aircraft
Longitude, Degrees (East positive), Planned longitude position of the aircraft
Altitude, meters (above sea level), Planned altitude of the aircraft
speed, meters per second (m/s), Estimated speed of aircraft
Bearing, degrees from north, Direction of travel of the plane per respect to north
SZA, degrees from zenith, Elevation position of the sun in the sky per respect to zenith
AZI, degrees from north, Azimuthal position of the sun in the sky per respect to north
1
Simulated aircraft data interpolated from flight plan waypoints
20
-----------------------------------------------------------------------------
PI_CONTACT_INFO: Samuel LeBlanc, samuel.leblanc@nasa.gov
PLATFORM: er2
LOCATION: N/A
ASSOCIATED_DATA: N/A
INSTRUMENT_INFO: None
DATA_INFO: Compiled with flight planner: moving lines v1.07
UNCERTAINTY: Undefined
ULOD_FLAG: -7777
ULOD_VALUE: N/A
LLOD_FLAG: -8888
LLOD_VALUE: N/A
DM_CONTACT_INFO: See PI
PROJECT_INFO: ORACLES
STIPULATIONS_ON_USE: None
OTHER_COMMENTS: N/A
REVISION: RA
RA: First iteration of the flight plan
-----------------------------------------------------------------------------
Start_UTC,Latitude,Longitude,Altitude,speed,Bearing,SZA,AZI
[from data line 466]
53160,-22.997127963,13.232965418,16323,185.894,89.463,59.748,285.400
53220,-22.996617871,13.274341555,15848,182.519,89.447,60.008,285.255
53280,-22.996107779,13.315717692,15372,179.143,89.431,60.269,285.109
53340,-22.995597687,13.357093828,14897,175.768,89.415,60.529,284.963
53400,-22.995087595,13.398469965,14421,172.392,89.398,60.789,284.818
53460,-22.994577503,13.439846102,13946,169.016,89.382,61.050,284.672
53520,-22.994067411,13.481222238,13471,165.641,89.366,61.310,284.527
53580,-22.993557319,13.522598375,12995,162.265,89.350,61.571,284.381
53640,-22.993047227,13.563974512,12520,158.890,89.334,61.831,284.235
53700,-22.992537135,13.605350648,12044,155.514,89.318,62.092,284.090
53760,-22.992027043,13.646726785,11569,152.139,89.302,62.352,283.944
53820,-22.991516951,13.688102922,11093,148.763,89.285,62.613,283.798
53880,-22.991006859,13.729479058,10618,145.388,89.269,62.873,283.653
53940,-22.990496767,13.770855195,10143,142.012,89.253,63.134,283.507
54000,-22.989986675,13.812231332, 9667,138.637,89.237,63.394,283.362
54060,-22.989476583,13.853607468, 9192,135.261,89.221,63.655,283.216
54120,-22.988966491,13.894983605, 8716,131.885,89.205,63.915,283.070
54180,-22.988456399,13.936359742, 8241,128.510,89.188,64.175,282.925
54240,-22.987946307,13.977735878, 7765,125.134,89.172,64.436,282.779
54300,-22.987436215,14.019112015, 7290,121.759,89.156,64.696,282.634
54360,-22.986926123,14.060488152, 6815,118.383,89.140,64.957,282.488
54420,-22.986416031,14.101864288, 6339,115.008,89.124,65.217,282.342
54480,-22.985905939,14.143240425, 5864,111.632,89.108,65.478,282.197
54540,-22.985395848,14.184616562, 5388,108.257,89.091,65.738,282.051
54600,-22.984885756,14.225992698, 4913,104.881,89.075,65.999,281.906
54660,-22.984375664,14.267368835, 4437,101.506,89.059,66.259,281.760
54720,-22.983865572,14.308744972, 3962,98.130,89.043,66.520,281.614
54780,-22.983355480,14.350121108, 3487,94.754,89.027,66.780,281.469
54840,-22.982845388,14.391497245, 3011,91.379,89.011,67.041,281.323
54900,-22.982335296,14.432873382, 2536,88.003,88.994,67.301,281.178
54960,-22.981825204,14.474249518, 2060,84.628,88.978,67.561,281.032
55020,-22.981315112,14.515625655, 1585,81.252,88.962,67.822,280.886
55080,-22.980805020,14.557001792, 1109,77.877,88.946,68.082,280.741
55140,-22.980294928,14.598377928,  634,74.501,88.930,68.343,280.595
55200,-22.979784836,14.639754065,  159,71.126,88.914,68.603,280.450
