src/Components/missions/ORACLES/Plans/ORACLES-Flt-plan_p3_20160925_R0.ict
42, 1001
pz
NASA Ames Research Center
Simulated flight plan
ORACLES
1,1
2016,09,25,2016,09,25
60
Start_UTC, seconds from midnight UTC, time keeping
7
1,1,1,1,1,1,1
-9999,-9999,-9999,-9999,-9999,-9999,-9999
Latitude, Degrees (North positive), Planned latitude position of the aircraft
Longitude, Degrees (East positive), Planned longitude position of the aircraft
Altitude, meters (above sea level), Planned altitude of the aircraft
speed, meters per second (m/s), Estimated speed of aircraft
Bearing, degrees from north, Direction of travel of the plane per respect to north
SZA, degrees from zenith, Elevation position of the sun in the sky per respect to zenith
AZI, degrees from north, Azimuthal position of the sun in the sky per respect to north
1
Simulated aircraft data interpolated from flight plan waypoints
20
-----------------------------------------------------------------------------
PI_CONTACT_INFO: pz
PLATFORM: p3
LOCATION: N/A
ASSOCIATED_DATA: N/A
INSTRUMENT_INFO: None
DATA_INFO: Compiled with flight planner: moving lines v1.09
UNCERTAINTY: Undefined
ULOD_FLAG: -7777
ULOD_VALUE: N/A
LLOD_FLAG: -8888
LLOD_VALUE: N/A
DM_CONTACT_INFO: Samuel LeBlanc, samuel.leblanc@nasa.gov
PROJECT_INFO: ORACLES
STIPULATIONS_ON_USE: None
OTHER_COMMENTS: N/A
REVISION: RA
RA: First iteration of the flight plan
-----------------------------------------------------------------------------
Start_UTC,Latitude,Longitude,Altitude,speed,Bearing,SZA,AZI
25200,-22.979716667,14.645283333,   95,150.000,268.911,60.529,77.493
25260,-22.980651798,14.569430133,  367,149.539,271.106,60.373,77.403
25320,-22.981586929,14.493576933,  639,149.078,273.300,60.218,77.312
25380,-22.982522060,14.417723732,  912,148.617,275.494,60.062,77.221
25440,-22.983457191,14.341870532, 1184,148.156,277.688,59.906,77.130
25500,-22.984392323,14.266017332, 1456,147.695,279.882,59.751,77.039
25560,-22.985327454,14.190164131, 1728,147.234,282.077,59.595,76.948
25620,-22.986262585,14.114310931, 2001,146.773,284.271,59.440,76.857
25680,-22.987197716,14.038457730, 2273,146.312,286.465,59.284,76.766
25740,-22.988132847,13.962604530, 2545,145.851,288.659,59.128,76.675
25800,-22.989067978,13.886751330, 2817,145.390,290.853,58.973,76.585
25860,-22.990003110,13.810898129, 3090,144.929,293.048,58.817,76.494
25920,-22.990938241,13.735044929, 3362,144.468,295.242,58.662,76.403
25980,-22.991873372,13.659191729, 3634,144.007,297.436,58.506,76.312
26040,-22.992808503,13.583338528, 3906,143.546,299.630,58.350,76.221
26100,-22.993743634,13.507485328, 4179,143.084,301.825,58.195,76.130
26160,-22.994678766,13.431632128, 4451,142.623,304.019,58.039,76.039
26220,-22.995613897,13.355778927, 4723,142.162,306.213,57.883,75.948
26280,-22.996549028,13.279925727, 4995,141.701,308.407,57.728,75.857
26340,-22.997484159,13.204072527, 5268,141.240,310.601,57.572,75.766
26400,-22.998419290,13.128219326, 5540,140.779,312.796,57.417,75.676
26460,-22.999354421,13.052366126, 5812,140.318,314.990,57.261,75.585
26520,-22.981816381,12.981816381, 6000,140.091,316.505,57.096,75.502
26580,-22.923091071,12.923091071, 6000,140.385,316.505,56.908,75.437
26640,-22.864365761,12.864365761, 6000,140.678,316.505,56.721,75.372
26700,-22.805640450,12.805640450, 6000,140.972,316.506,56.534,75.308
26760,-22.746915140,12.746915140, 6000,141.265,316.506,56.347,75.243
26820,-22.688189830,12.688189830, 6000,141.559,316.506,56.159,75.178
26880,-22.629464520,12.629464520, 6000,141.853,316.507,55.972,75.114
26940,-22.570739210,12.570739210, 6000,142.146,316.507,55.785,75.049
27000,-22.512013900,12.512013900, 6000,142.440,316.508,55.598,74.984
27060,-22.453288590,12.453288590, 6000,142.734,316.508,55.410,74.919
27120,-22.394563280,12.394563280, 6000,143.027,316.508,55.223,74.855
27180,-22.335837970,12.335837970, 6000,143.321,316.509,55.036,74.790
27240,-22.277112660,12.277112660, 6000,143.614,316.509,54.848,74.725
27300,-22.218387350,12.218387350, 6000,143.908,316.509,54.661,74.660
27360,-22.159662040,12.159662040, 6000,144.202,316.510,54.474,74.596
27420,-22.100936730,12.100936730, 6000,144.495,316.510,54.287,74.531
27480,-22.042211420,12.042211420, 6000,144.789,316.510,54.099,74.466
27540,-21.983486110,11.983486110, 6000,145.083,316.511,53.912,74.402
27600,-21.924760800,11.924760800, 6000,145.376,316.511,53.725,74.337
27660,-21.866035490,11.866035490, 6000,145.670,316.512,53.538,74.272
27720,-21.807310180,11.807310180, 6000,145.963,316.512,53.350,74.207
27780,-21.748584870,11.748584870, 6000,146.257,316.512,53.163,74.143
27840,-21.689859560,11.689859560, 6000,146.551,316.513,52.976,74.078
27900,-21.631134250,11.631134250, 6000,146.844,316.513,52.789,74.013
27960,-21.572408940,11.572408940, 6000,147.138,316.513,52.601,73.948
28020,-21.513683630,11.513683630, 6000,147.432,316.514,52.414,73.884
28080,-21.454958320,11.454958320, 6000,147.725,316.514,52.227,73.819
28140,-21.396233010,11.396233010, 6000,148.019,316.515,52.040,73.754
28200,-21.337507700,11.337507700, 6000,148.312,316.515,51.852,73.690
28260,-21.278782390,11.278782390, 6000,148.606,316.515,51.665,73.625
28320,-21.220057080,11.220057080, 6000,148.900,316.516,51.478,73.560
28380,-21.161331770,11.161331770, 6000,149.193,316.516,51.291,73.495
28440,-21.102606460,11.102606460, 6000,149.487,316.516,51.103,73.431
28500,-21.043881150,11.043881150, 6000,149.781,316.517,50.916,73.366
28560,-20.985155840,10.985155840, 6000,150.074,316.517,50.729,73.301
28620,-20.926430530,10.926430530, 6000,150.368,316.517,50.542,73.236
28680,-20.867705220,10.867705220, 6000,150.661,316.518,50.354,73.172
28740,-20.808979910,10.808979910, 6000,150.955,316.518,50.167,73.107
28800,-20.750254600,10.750254600, 6000,151.249,316.519,49.980,73.042
28860,-20.691529290,10.691529290, 6000,151.542,316.519,49.793,72.978
28920,-20.632803980,10.632803980, 6000,151.836,316.519,49.605,72.913
28980,-20.574078670,10.574078670, 6000,152.130,316.520,49.418,72.848
29040,-20.515353360,10.515353360, 6000,152.423,316.520,49.231,72.783
29100,-20.456628050,10.456628050, 6000,152.717,316.520,49.044,72.719
29160,-20.397902740,10.397902740, 6000,153.010,316.521,48.856,72.654
29220,-20.339177430,10.339177430, 6000,153.304,316.521,48.669,72.589
29280,-20.280452120,10.280452120, 6000,153.598,316.521,48.482,72.524
29340,-20.221726810,10.221726810, 6000,153.891,316.522,48.295,72.460
29400,-20.163001500,10.163001500, 6000,154.185,316.522,48.107,72.395
29460,-20.104276190,10.104276190, 6000,154.479,316.523,47.920,72.330
29520,-20.045550880,10.045550880, 6000,154.772,316.523,47.733,72.266
29580,-19.986365304,9.986365304, 6000,155.000,316.521,47.545,72.202
29640,-19.925588352,9.925588352, 6000,155.000,316.511,47.357,72.140
29700,-19.864811399,9.864811399, 6000,155.000,316.501,47.168,72.079
29760,-19.804034447,9.804034447, 6000,155.000,316.491,46.980,72.018
29820,-19.743257494,9.743257494, 6000,155.000,316.481,46.791,71.957
29880,-19.682480541,9.682480541, 6000,155.000,316.471,46.603,71.896
29940,-19.621703589,9.621703589, 6000,155.000,316.461,46.415,71.834
30000,-19.560926636,9.560926636, 6000,155.000,316.451,46.226,71.773
30060,-19.500149684,9.500149684, 6000,155.000,316.441,46.038,71.712
30120,-19.439372731,9.439372731, 6000,155.000,316.431,45.849,71.651
30180,-19.378595778,9.378595778, 6000,155.000,316.422,45.661,71.590
30240,-19.317818826,9.317818826, 6000,155.000,316.412,45.472,71.529
30300,-19.257041873,9.257041873, 6000,155.000,316.402,45.284,71.467
30360,-19.196264920,9.196264920, 6000,155.000,316.392,45.095,71.406
30420,-19.135487968,9.135487968, 6000,155.000,316.382,44.907,71.345
30480,-19.074711015,9.074711015, 6000,155.000,316.372,44.719,71.284
30540,-19.013934063,9.013934063, 6000,155.000,316.362,44.530,71.223
30600,-18.953891716,8.953891716, 5908,154.908,316.352,44.340,71.160
30660,-18.894067888,8.894067888, 5788,154.788,316.343,44.150,71.096
30720,-18.834244060,8.834244060, 5668,154.668,316.334,43.960,71.033
30780,-18.774420232,8.774420232, 5549,154.549,316.325,43.770,70.969
30840,-18.714596404,8.714596404, 5429,154.429,316.316,43.580,70.905
30900,-18.654772576,8.654772576, 5310,154.310,316.306,43.390,70.842
30960,-18.594948749,8.594948749, 5190,154.190,316.297,43.200,70.778
31020,-18.535124921,8.535124921, 5070,154.070,316.288,43.010,70.715
31080,-18.475301093,8.475301093, 4951,153.951,316.279,42.820,70.651
31140,-18.415477265,8.415477265, 4831,153.831,316.270,42.630,70.588
31200,-18.355653437,8.355653437, 4711,153.711,316.260,42.440,70.524
31260,-18.295829609,8.295829609, 4592,153.592,316.251,42.250,70.461
31320,-18.236005781,8.236005781, 4472,153.472,316.242,42.059,70.397
31380,-18.176181953,8.176181953, 4352,153.352,316.233,41.869,70.334
31440,-18.116358125,8.116358125, 4233,153.233,316.224,41.679,70.270
31500,-18.056534297,8.056534297, 4113,153.113,316.214,41.489,70.207
31560,-17.996719272,7.996719272, 4000,153.000,316.205,41.299,70.143
31620,-17.937055526,7.937055526, 4000,153.000,316.197,41.108,70.077
31680,-17.877391780,7.877391780, 4000,153.000,316.188,40.917,70.011
31740,-17.817728034,7.817728034, 4000,153.000,316.179,40.726,69.945
31800,-17.758064288,7.758064288, 4000,153.000,316.171,40.535,69.879
31860,-17.698400541,7.698400541, 4000,153.000,316.162,40.344,69.814
31920,-17.638736795,7.638736795, 4000,153.000,316.153,40.153,69.748
31980,-17.579073049,7.579073049, 4000,153.000,316.145,39.961,69.682
32040,-17.519409303,7.519409303, 4000,153.000,316.136,39.770,69.616
32100,-17.459745557,7.459745557, 4000,153.000,316.128,39.579,69.550
32160,-17.400081811,7.400081811, 4000,153.000,316.119,39.388,69.484
32220,-17.340418065,7.340418065, 4000,153.000,316.110,39.197,69.418
32280,-17.280754319,7.280754319, 4000,153.000,316.102,39.006,69.352
32340,-17.221090573,7.221090573, 4000,153.000,316.093,38.815,69.287
32400,-17.161426827,7.161426827, 4000,153.000,316.085,38.624,69.221
32460,-17.101763081,7.101763081, 4000,153.000,316.076,38.433,69.155
32520,-17.042099335,7.042099335, 4000,153.000,316.067,38.241,69.089
32580,-16.983968393,6.983968393, 4032,152.792,316.059,38.049,69.019
32640,-16.929511359,6.929511359, 4141,152.084,316.052,37.855,68.938
32700,-16.875054324,6.875054324, 4250,151.376,316.044,37.660,68.857
32760,-16.820597290,6.820597290, 4359,150.668,316.037,37.466,68.777
32820,-16.766140256,6.766140256, 4468,149.960,316.030,37.271,68.696
32880,-16.711683222,6.711683222, 4577,149.252,316.022,37.077,68.615
32940,-16.657226188,6.657226188, 4686,148.544,316.015,36.882,68.534
33000,-16.602769154,6.602769154, 4794,147.836,316.008,36.688,68.454
33060,-16.548312120,6.548312120, 4903,147.128,316.000,36.494,68.373
33120,-16.493855086,6.493855086, 5012,146.420,315.993,36.299,68.292
33180,-16.439398052,6.439398052, 5121,145.712,315.986,36.105,68.212
33240,-16.384941018,6.384941018, 5230,145.004,315.978,35.910,68.131
33300,-16.330483984,6.330483984, 5339,144.296,315.971,35.716,68.050
33360,-16.276026950,6.276026950, 5448,143.588,315.964,35.521,67.969
33420,-16.221569916,6.221569916, 5557,142.880,315.956,35.327,67.889
33480,-16.167112882,6.167112882, 5666,142.172,315.949,35.132,67.808
33540,-16.112655848,6.112655848, 5775,141.465,315.942,34.938,67.727
33600,-16.058198814,6.058198814, 5884,140.757,315.934,34.743,67.646
33660,-16.003741780,6.003741780, 5993,140.049,315.927,34.549,67.566
33720,-15.943986159,5.943986159, 6000,140.840,315.919,34.357,67.490
33780,-15.883839607,5.883839607, 6000,141.742,315.912,34.165,67.414
33840,-15.823693055,5.823693055, 6000,142.645,315.904,33.973,67.339
33900,-15.763546503,5.763546503, 6000,143.547,315.897,33.781,67.263
33960,-15.703399951,5.703399951, 6000,144.449,315.889,33.589,67.188
34020,-15.643253399,5.643253399, 6000,145.351,315.882,33.397,67.113
34080,-15.583106848,5.583106848, 6000,146.253,315.874,33.206,67.037
34140,-15.522960296,5.522960296, 6000,147.156,315.867,33.014,66.962
34200,-15.462813744,5.462813744, 6000,148.058,315.859,32.822,66.886
34260,-15.402667192,5.402667192, 6000,148.960,315.851,32.630,66.811
34320,-15.342520640,5.342520640, 6000,149.862,315.844,32.438,66.735
34380,-15.282374088,5.282374088, 6000,150.764,315.836,32.246,66.660
34440,-15.222227537,5.222227537, 6000,151.667,315.829,32.054,66.584
34500,-15.162080985,5.162080985, 6000,152.569,315.821,31.862,66.509
34560,-15.101934433,5.101934433, 6000,153.471,315.814,31.671,66.433
34620,-15.041787881,5.041787881, 6000,154.373,315.806,31.479,66.358
34680,-14.981682472,4.981682472, 6000,155.000,315.800,31.287,66.279
34740,-14.921670709,4.921670709, 6000,155.000,315.799,31.094,66.195
34800,-14.861658947,4.861658947, 6000,155.000,315.797,30.902,66.110
34860,-14.801647185,4.801647185, 6000,155.000,315.795,30.709,66.026
34920,-14.741635423,4.741635423, 6000,155.000,315.794,30.517,65.941
34980,-14.681623661,4.681623661, 6000,155.000,315.792,30.324,65.857
35040,-14.621611899,4.621611899, 6000,155.000,315.790,30.132,65.772
35100,-14.561600137,4.561600137, 6000,155.000,315.789,29.939,65.687
35160,-14.501588375,4.501588375, 6000,155.000,315.787,29.747,65.603
35220,-14.441576613,4.441576613, 6000,155.000,315.785,29.555,65.518
35280,-14.381564851,4.381564851, 6000,155.000,315.784,29.362,65.434
35340,-14.321553089,4.321553089, 6000,155.000,315.782,29.170,65.349
35400,-14.261541327,4.261541327, 6000,155.000,315.780,28.977,65.265
35460,-14.201529565,4.201529565, 6000,155.000,315.779,28.785,65.180
35520,-14.141517803,4.141517803, 6000,155.000,315.777,28.592,65.096
35580,-14.081506041,4.081506041, 6000,155.000,315.775,28.400,65.011
35640,-14.021494279,4.021494279, 6000,155.000,315.774,28.207,64.926
35700,-13.983402188,3.983402188, 5807,154.051,315.771,28.006,64.763
35760,-13.957542141,3.957542141, 5507,152.571,315.768,27.801,64.554
35820,-13.931682093,3.931682093, 5208,151.092,315.765,27.595,64.346
35880,-13.905822046,3.905822046, 4908,149.613,315.762,27.389,64.138
35940,-13.879961998,3.879961998, 4608,148.134,315.759,27.183,63.930
36000,-13.854101951,3.854101951, 4308,146.655,315.756,26.978,63.722
36060,-13.828241903,3.828241903, 4008,145.175,315.753,26.772,63.514
36120,-13.802381856,3.802381856, 3708,143.696,315.750,26.566,63.306
36180,-13.776521808,3.776521808, 3408,142.217,315.747,26.360,63.098
36240,-13.750661761,3.750661761, 3108,140.738,315.744,26.155,62.890
36300,-13.724801713,3.724801713, 2808,139.259,315.741,25.949,62.681
36360,-13.698941666,3.698941666, 2508,137.779,315.738,25.743,62.473
36420,-13.673081618,3.673081618, 2208,136.300,315.735,25.537,62.265
36480,-13.647221571,3.647221571, 1908,134.821,315.732,25.332,62.057
36540,-13.621361523,3.621361523, 1608,133.342,315.729,25.126,61.849
36600,-13.595501476,3.595501476, 1308,131.863,315.726,24.920,61.641
36660,-13.569641428,3.569641428, 1008,130.383,315.723,24.714,61.433
36720,-13.543781381,3.543781381,  708,128.904,315.720,24.509,61.225
36780,-13.517921334,3.517921334,  408,127.425,315.717,24.303,61.016
36840,-13.485012948,3.485012948,  200,126.400,315.715,24.101,60.818
36900,-13.436193218,3.436193218,  200,126.400,315.716,23.906,60.642
36960,-13.387373487,3.387373487,  200,126.400,315.716,23.712,60.466
37020,-13.338553757,3.338553757,  200,126.400,315.716,23.518,60.290
37080,-13.289734027,3.289734027,  200,126.400,315.717,23.323,60.114
37140,-13.240914296,3.240914296,  200,126.400,315.717,23.129,59.937
37200,-13.192094566,3.192094566,  200,126.400,315.717,22.935,59.761
37260,-13.143274836,3.143274836,  200,126.400,315.717,22.741,59.585
37320,-13.094455105,3.094455105,  200,126.400,315.718,22.546,59.409
37380,-13.045635375,3.045635375,  200,126.400,315.718,22.352,59.233
37440,-12.997143244,2.997143244,  206,126.154,315.717,22.158,59.054
37500,-12.953345969,2.953345969,  293,122.388,315.695,21.964,58.843
37560,-12.909548695,2.909548695,  381,118.621,315.673,21.769,58.631
37620,-12.865751420,2.865751420,  468,114.855,315.651,21.575,58.419
37680,-12.818267338,2.818267338,  500,114.452,315.644,21.383,58.206
37740,-12.768712629,2.768712629,  500,115.939,315.645,21.191,57.992
37800,-12.719157921,2.719157921,  500,117.425,315.646,21.000,57.778
37860,-12.669603212,2.669603212,  500,118.912,315.647,20.809,57.564
37920,-12.620048503,2.620048503,  500,120.399,315.649,20.617,57.350
37980,-12.570493795,2.570493795,  500,121.885,315.650,20.426,57.136
38040,-12.520939086,2.520939086,  500,123.372,315.651,20.235,56.922
38100,-12.471384378,2.471384378,  500,124.858,315.652,20.043,56.708
38160,-12.421829669,2.421829669,  500,126.345,315.653,19.852,56.494
38220,-12.372274961,2.372274961,  500,127.832,315.654,19.660,56.280
38280,-12.329356340,2.329356340,  665,126.559,315.638,19.468,56.024
38340,-12.291856340,2.291856340,  965,123.034,315.607,19.275,55.735
38400,-12.254356340,2.254356340, 1265,119.509,315.576,19.082,55.446
38460,-12.204339760,2.204339760, 1300,120.345,315.569,18.894,55.181
38520,-12.152678024,2.152678024, 1300,121.754,315.565,18.706,54.919
38580,-12.101016288,2.101016288, 1300,123.163,315.560,18.519,54.657
38640,-12.049354552,2.049354552, 1300,124.572,315.556,18.331,54.394
38700,-11.997692816,1.997692816, 1300,125.981,315.551,18.143,54.132
38760,-11.946031080,1.946031080, 1300,127.390,315.547,17.956,53.870
38820,-11.894369344,1.894369344, 1300,128.799,315.543,17.768,53.608
38880,-11.842707608,1.842707608, 1300,130.208,315.538,17.581,53.346
38940,-11.791045872,1.791045872, 1300,131.617,315.534,17.393,53.084
39000,-11.739384136,1.739384136, 1300,133.026,315.529,17.205,52.822
39060,-11.687634363,1.687634363, 1357,134.127,315.522,17.019,52.546
39120,-11.635602187,1.635602187, 1596,134.242,315.507,16.835,52.226
39180,-11.583570011,1.583570011, 1836,134.356,315.492,16.651,51.906
