src/Components/missions/ORACLES/Plans/ORACLES-Flt-plan_er2_20160920_BClegs.ict
42, 1001
Samuel LeBlanc
NASA Ames Research Center
Simulated flight plan
ORACLES
1,1
2016,09,20,2016,09,20
60
Start_UTC, seconds from midnight UTC, time keeping
7
1,1,1,1,1,1,1
-9999,-9999,-9999,-9999,-9999,-9999,-9999
Latitude, Degrees (North positive), Planned latitude position of the aircraft
Longitude, Degrees (East positive), Planned longitude position of the aircraft
Altitude, meters (above sea level), Planned altitude of the aircraft
speed, meters per second (m/s), Estimated speed of aircraft
Bearing, degrees from north, Direction of travel of the plane per respect to north
SZA, degrees from zenith, Elevation position of the sun in the sky per respect to zenith
AZI, degrees from north, Azimuthal position of the sun in the sky per respect to north
1
Simulated aircraft data interpolated from flight plan waypoints
20
-----------------------------------------------------------------------------
PI_CONTACT_INFO: Samuel LeBlanc, samuel.leblanc@nasa.gov
PLATFORM: er2
LOCATION: N/A
ASSOCIATED_DATA: N/A
INSTRUMENT_INFO: None
DATA_INFO: Compiled with flight planner: moving lines v1.07
UNCERTAINTY: Undefined
ULOD_FLAG: -7777
ULOD_VALUE: N/A
LLOD_FLAG: -8888
LLOD_VALUE: N/A
DM_CONTACT_INFO: See PI
PROJECT_INFO: ORACLES
STIPULATIONS_ON_USE: None
OTHER_COMMENTS: N/A
REVISION: RA
RA: First iteration of the flight plan
-----------------------------------------------------------------------------
Start_UTC,Latitude,Longitude,Altitude,speed,Bearing,SZA,AZI
[from data line 233]
39180,-16.480562140,9.000000000,19000,204.900,291.625,18.971,19.735
39240,-16.586866025,9.000000000,19000,204.900,296.409,18.972,18.892
39300,-16.693169909,9.000000000,19000,204.900,301.193,18.973,18.048
39360,-16.799473794,9.000000000,19000,204.900,305.976,18.974,17.205
39420,-16.905777679,9.000000000,19000,204.900,310.760,18.975,16.361
39480,-17.012081564,9.000000000,19000,204.900,315.544,18.975,15.518
39540,-17.118385448,9.000000000,19000,204.900,320.327,18.976,14.674
39600,-17.224689333,9.000000000,19000,204.900,325.111,18.977,13.831
39660,-17.330993218,9.000000000,19000,204.900,329.895,18.978,12.987
39720,-17.437297102,9.000000000,19000,204.900,334.678,18.979,12.144
39780,-17.543600987,9.000000000,19000,204.900,339.462,18.980,11.301
39840,-17.649904872,9.000000000,19000,204.900,344.246,18.981,10.457
39900,-17.756208756,9.000000000,19000,204.900,349.029,18.982,9.614
39960,-17.862512641,9.000000000,19000,204.900,353.813,18.983,8.770
40020,-17.968816526,9.000000000,19000,204.900,358.597,18.984,7.927
40080,-17.927548465,9.000000000,19000,204.900,359.373,18.939,13.581
40140,-17.825021341,9.000000000,19000,204.900,358.486,18.874,21.933
40200,-17.722494217,9.000000000,19000,204.900,357.599,18.810,30.285
40260,-17.619967093,9.000000000,19000,204.900,356.712,18.745,38.637
40320,-17.517439969,9.000000000,19000,204.900,355.825,18.681,46.989
40380,-17.414912845,9.000000000,19000,204.900,354.938,18.617,55.341
40440,-17.312385721,9.000000000,19000,204.900,354.051,18.552,63.693
40500,-17.209858597,9.000000000,19000,204.900,353.163,18.488,72.045
40560,-17.107331473,9.000000000,19000,204.900,352.276,18.423,80.397
40620,-17.004804349,9.000000000,19000,204.900,351.389,18.359,88.749
40680,-16.902277225,9.000000000,19000,204.900,350.502,18.294,97.101
40740,-16.799750101,9.000000000,19000,204.900,349.615,18.230,105.453
40800,-16.697222977,9.000000000,19000,204.900,348.728,18.165,113.804
40860,-16.594695853,9.000000000,19000,204.900,347.841,18.101,122.156
40920,-16.492168729,9.000000000,19000,204.900,346.954,18.036,130.508
40980,-16.389641605,9.000000000,19000,204.900,346.067,17.972,138.860
41040,-16.287114481,9.000000000,19000,204.900,345.179,17.908,147.212
41100,-16.184587357,9.000000000,19000,204.900,344.292,17.843,155.564
41160,-16.082060233,9.000000000,19000,204.900,343.405,17.779,163.916
41220,-15.979533109,9.000000000,19000,204.900,342.518,17.714,172.268
41280,-15.877005985,9.000000000,19000,204.900,341.631,17.650,180.620
41340,-15.774478861,9.000000000,19000,204.900,340.744,17.585,188.972
41400,-15.671951736,9.000000000,19000,204.900,339.857,17.521,197.324
41460,-15.569424612,9.000000000,19000,204.900,338.970,17.456,205.676
41520,-15.466897488,9.000000000,19000,204.900,338.083,17.392,214.028
41580,-15.364370364,9.000000000,19000,204.900,337.196,17.327,222.380
41640,-15.261843240,9.000000000,19000,204.900,336.308,17.263,230.732
41700,-15.159316116,9.000000000,19000,204.900,335.421,17.199,239.083
41760,-15.056788992,9.000000000,19000,204.900,334.534,17.134,247.435
41820,-14.954261868,9.000000000,19000,204.900,333.647,17.070,255.787
41880,-14.851734744,9.000000000,19000,204.900,332.760,17.005,264.139
41940,-14.749207620,9.000000000,19000,204.900,331.873,16.941,272.491
42000,-14.646680496,9.000000000,19000,204.900,330.986,16.876,280.843
42060,-14.544153372,9.000000000,19000,204.900,330.099,16.812,289.195
42120,-14.441626248,9.000000000,19000,204.900,329.212,16.747,297.547
42180,-14.339099124,9.000000000,19000,204.900,328.325,16.683,305.899
42240,-14.236572000,9.000000000,19000,204.900,327.437,16.619,314.251
42300,-14.134044876,9.000000000,19000,204.900,326.550,16.554,322.603
42360,-14.031517752,9.000000000,19000,204.900,325.663,16.490,330.955
42420,-13.939591751,8.957679670,19000,204.900,322.264,16.502,333.048
42480,-13.852371094,8.896575318,19000,204.900,317.750,16.549,332.364
42540,-13.765150437,8.835470965,19000,204.900,313.236,16.597,331.679
42600,-13.677929780,8.774366613,19000,204.900,308.722,16.644,330.995
42660,-13.590709124,8.713262260,19000,204.900,304.208,16.691,330.311
42720,-13.503488467,8.652157907,19000,204.900,299.694,16.738,329.626
42780,-13.416267810,8.591053555,19000,204.900,295.180,16.785,328.942
42840,-13.329047153,8.529949202,19000,204.900,290.666,16.832,328.257
42900,-13.241826496,8.468844850,19000,204.900,286.152,16.879,327.573
42960,-13.154605840,8.407740497,19000,204.900,281.638,16.926,326.889
43020,-13.067385183,8.346636145,19000,204.900,277.124,16.973,326.204
43080,-12.980164526,8.285531792,19000,204.900,272.610,17.020,325.520
43140,-12.892943869,8.224427439,19000,204.900,268.096,17.067,324.836
43200,-12.805723212,8.163323087,19000,204.900,263.582,17.114,324.151
43260,-12.718502555,8.102218734,19000,204.900,259.068,17.161,323.467
43320,-12.631281899,8.041114382,19000,204.900,254.554,17.208,322.782
43380,-12.544061242,7.980010029,19000,204.900,250.040,17.255,322.098
43440,-12.456840585,7.918905676,19000,204.900,245.526,17.303,321.414
43500,-12.369619928,7.857801324,19000,204.900,241.012,17.350,320.729
43560,-12.282399271,7.796696971,19000,204.900,236.498,17.397,320.045
43620,-12.195178615,7.735592619,19000,204.900,231.983,17.444,319.360
43680,-12.107957958,7.674488266,19000,204.900,227.469,17.491,318.676
43740,-12.020737301,7.613383914,19000,204.900,222.955,17.538,317.992
43800,-11.933516644,7.552279561,19000,204.900,218.441,17.585,317.307
43860,-11.846295987,7.491175208,19000,204.900,213.927,17.632,316.623
43920,-11.759075330,7.430070856,19000,204.900,209.413,17.679,315.938
43980,-11.671854674,7.368966503,19000,204.900,204.899,17.726,315.254
44040,-11.584634017,7.307862151,19000,204.900,200.385,17.773,314.570
44100,-11.497413360,7.246757798,19000,204.900,195.871,17.820,313.885
44160,-11.410192703,7.185653445,19000,204.900,191.357,17.867,313.201
44220,-11.322972046,7.124549093,19000,204.900,186.843,17.914,312.517
44280,-11.235751390,7.063444740,19000,204.900,182.329,17.961,311.832
44340,-11.148530733,7.002340388,19000,204.900,177.815,18.008,311.148
44400,-11.061310076,6.941236035,19000,204.900,173.301,18.056,310.463
44460,-10.974089419,6.880131683,19000,204.900,168.787,18.103,309.779
44520,-11.046510949,6.888398255,19000,204.900,167.963,18.340,309.460
44580,-11.154493640,6.912117575,19000,204.900,167.960,18.619,309.223
44640,-11.262476330,6.935836896,19000,204.900,167.958,18.898,308.986
44700,-11.370459021,6.959556217,19000,204.900,167.956,19.178,308.748
44760,-11.478441711,6.983275537,19000,204.900,167.953,19.457,308.511
44820,-11.586424402,7.006994858,19000,204.900,167.951,19.737,308.274
44880,-11.694407092,7.030714179,19000,204.900,167.949,20.016,308.036
44940,-11.802389783,7.054433499,19000,204.900,167.946,20.295,307.799
45000,-11.910372474,7.078152820,19000,204.900,167.944,20.575,307.562
45060,-12.018355164,7.101872141,19000,204.900,167.942,20.854,307.324
45120,-12.126337855,7.125591461,19000,204.900,167.939,21.134,307.087
45180,-12.234320545,7.149310782,19000,204.900,167.937,21.413,306.850
45240,-12.342303236,7.173030102,19000,204.900,167.935,21.692,306.612
45300,-12.450285927,7.196749423,19000,204.900,167.932,21.972,306.375
45360,-12.558268617,7.220468744,19000,204.900,167.930,22.251,306.138
45420,-12.666251308,7.244188064,19000,204.900,167.928,22.531,305.900
45480,-12.774233998,7.267907385,19000,204.900,167.925,22.810,305.663
45540,-12.882216689,7.291626706,19000,204.900,167.923,23.089,305.426
45600,-12.990199380,7.315346026,19000,204.900,167.921,23.369,305.188
45660,-13.098182070,7.339065347,19000,204.900,167.918,23.648,304.951
45720,-13.206164761,7.362784668,19000,204.900,167.916,23.928,304.714
45780,-13.314147451,7.386503988,19000,204.900,167.914,24.207,304.477
45840,-13.422130142,7.410223309,19000,204.900,167.911,24.486,304.239
45900,-13.530112832,7.433942630,19000,204.900,167.909,24.766,304.002
45960,-13.638095523,7.457661950,19000,204.900,167.907,25.045,303.765
46020,-13.746078214,7.481381271,19000,204.900,167.904,25.325,303.527
46080,-13.854060904,7.505100592,19000,204.900,167.902,25.604,303.290
46140,-13.962043595,7.528819912,19000,204.900,167.900,25.883,303.053
46200,-14.070007636,7.552834508,19000,204.900,167.897,26.165,302.885
46260,-14.177969201,7.576888306,19000,204.900,167.895,26.447,302.726
46320,-14.285930766,7.600942104,19000,204.900,167.893,26.729,302.567
46380,-14.393892330,7.624995903,19000,204.900,167.890,27.010,302.408
46440,-14.501853895,7.649049701,19000,204.900,167.888,27.292,302.249
46500,-14.609815460,7.673103500,19000,204.900,167.886,27.574,302.090
46560,-14.717777025,7.697157298,19000,204.900,167.883,27.856,301.931
46620,-14.825738590,7.721211097,19000,204.900,167.881,28.138,301.772
46680,-14.933700155,7.745264895,19000,204.900,167.879,28.420,301.613
46740,-15.041661720,7.769318694,19000,204.900,167.877,28.701,301.454
46800,-15.149623285,7.793372492,19000,204.900,167.874,28.983,301.295
46860,-15.257584849,7.817426291,19000,204.900,167.872,29.265,301.136
46920,-15.365546414,7.841480089,19000,204.900,167.870,29.547,300.977
46980,-15.473507979,7.865533887,19000,204.900,167.867,29.829,300.818
47040,-15.581469544,7.889587686,19000,204.900,167.865,30.111,300.660
47100,-15.689431109,7.913641484,19000,204.900,167.863,30.393,300.501
47160,-15.797390399,7.937734559,19000,204.900,167.860,30.674,300.345
47220,-15.905334285,7.962093578,19000,204.900,167.856,30.956,300.213
47280,-16.013278172,7.986452596,19000,204.900,167.852,31.238,300.081
47340,-16.121222058,8.010811615,19000,204.900,167.848,31.520,299.949
47400,-16.229165944,8.035170633,19000,204.900,167.844,31.802,299.816
47460,-16.337109830,8.059529652,19000,204.900,167.840,32.084,299.684
47520,-16.445053717,8.083888671,19000,204.900,167.836,32.365,299.552
47580,-16.552997603,8.108247689,19000,204.900,167.832,32.647,299.420
47640,-16.660941489,8.132606708,19000,204.900,167.828,32.929,299.288
47700,-16.768885376,8.156965726,19000,204.900,167.824,33.211,299.156
47760,-16.876829262,8.181324745,19000,204.900,167.820,33.493,299.023
47820,-16.984773148,8.205683764,19000,204.900,167.816,33.775,298.891
47880,-17.092717034,8.230042782,19000,204.900,167.812,34.056,298.759
47940,-17.200660921,8.254401801,19000,204.900,167.808,34.338,298.627
48000,-17.308604807,8.278760819,19000,204.900,167.804,34.620,298.495
48060,-17.416548693,8.303119838,19000,204.900,167.800,34.902,298.363
48120,-17.524492580,8.327478856,19000,204.900,167.796,35.184,298.230
48180,-17.632431060,8.351920733,19000,204.900,167.793,35.465,298.103
48240,-17.740360692,8.376498236,19000,204.900,167.790,35.747,297.981
48300,-17.848290325,8.401075739,19000,204.900,167.788,36.028,297.860
48360,-17.956219957,8.425653242,19000,204.900,167.785,36.309,297.739
48420,-18.064149589,8.450230745,19000,204.900,167.783,36.591,297.618
48480,-18.172079221,8.474808248,19000,204.900,167.780,36.872,297.497
48540,-18.280005637,8.499477199,19000,204.900,167.776,37.153,297.379
48600,-18.387931233,8.524169457,19000,204.900,167.771,37.434,297.262
48660,-18.495856830,8.548861715,19000,204.900,167.766,37.715,297.145
48720,-18.603782426,8.573553974,19000,204.900,167.761,37.996,297.028
48780,-18.711708023,8.598246232,19000,204.900,167.756,38.277,296.911
48840,-18.819629419,8.622969408,19000,204.900,167.753,38.557,296.794
48900,-18.927535591,8.647804671,19000,204.900,167.757,38.837,296.681
48960,-19.035441763,8.672639934,19000,204.900,167.760,39.117,296.567
49020,-19.143347935,8.697475197,19000,204.900,167.763,39.397,296.454
49080,-19.251254107,8.722310460,19000,204.900,167.766,39.677,296.340
49140,-19.359160279,8.747145723,19000,204.900,167.770,39.956,296.227
49200,-19.465355814,8.771744162,19000,204.900,165.913,40.235,296.115
49260,-19.570569878,8.796206723,19000,204.900,162.989,40.512,296.003
49320,-19.675783942,8.820669284,19000,204.900,160.066,40.790,295.891
49380,-19.780998006,8.845131845,19000,204.900,157.142,41.067,295.780
49440,-19.886212070,8.869594407,19000,204.900,154.218,41.345,295.668
49500,-19.991426135,8.894056968,19000,204.900,151.295,41.622,295.556
49560,-20.096640199,8.918519529,19000,204.900,148.371,41.900,295.445
49620,-20.201854263,8.942982090,19000,204.900,145.447,42.177,295.333
49680,-20.307068327,8.967444651,19000,204.900,142.524,42.455,295.221
49740,-20.412282391,8.991907213,19000,204.900,139.600,42.732,295.110
49800,-20.517496455,9.016369774,19000,204.900,136.676,43.010,294.998
49860,-20.622710519,9.040832335,19000,204.900,133.752,43.287,294.887
49920,-20.727924583,9.065294896,19000,204.900,130.829,43.565,294.775
49980,-20.833138647,9.089757457,19000,204.900,127.905,43.842,294.663
50040,-20.938352711,9.114220019,19000,204.900,124.981,44.119,294.552
50100,-21.043566775,9.138682580,19000,204.900,122.058,44.397,294.440
50160,-21.148780840,9.163145141,19000,204.900,119.134,44.674,294.328
50220,-21.227839502,9.225806445,19000,204.900,117.221,44.974,294.178
50280,-21.277453577,9.331470193,19000,204.900,116.447,45.300,293.986
50340,-21.327067651,9.437133942,19000,204.900,115.672,45.625,293.793
50400,-21.376681726,9.542797690,19000,204.900,114.897,45.951,293.600
50460,-21.426295801,9.648461438,19000,204.900,114.123,46.276,293.407
50520,-21.475909876,9.754125187,19000,204.900,113.348,46.601,293.215
50580,-21.525523950,9.859788935,19000,204.900,112.574,46.927,293.022
50640,-21.575138025,9.965452684,19000,204.900,111.799,47.252,292.829
50700,-21.624752100,10.071116432,19000,204.900,111.025,47.578,292.636
50760,-21.674366174,10.176780181,19000,204.900,110.250,47.903,292.444
50820,-21.723980249,10.282443929,19000,204.900,109.475,48.228,292.251
50880,-21.773594324,10.388107678,19000,204.900,108.701,48.554,292.058
50940,-21.823208399,10.493771426,19000,204.900,107.926,48.879,291.865
51000,-21.872822473,10.599435175,19000,204.900,107.152,49.205,291.673
51060,-21.922436548,10.705098923,19000,204.900,106.377,49.530,291.480
51120,-21.972050623,10.810762672,19000,204.900,105.603,49.855,291.287
51180,-22.021664698,10.916426420,19000,204.900,104.828,50.181,291.094
51240,-22.071278772,11.022090169,19000,204.900,104.053,50.506,290.902
51300,-22.120892847,11.127753917,19000,204.900,103.279,50.832,290.709
51360,-22.170506922,11.233417665,19000,204.900,102.504,51.157,290.516
51420,-22.220120997,11.339081414,19000,204.900,101.730,51.483,290.323
51480,-22.269735071,11.444745162,19000,204.900,100.955,51.808,290.131
51540,-22.319349146,11.550408911,19000,204.900,100.180,52.133,289.938
51600,-22.368963221,11.656072659,19000,204.900,99.406,52.459,289.745
51660,-22.418577295,11.761736408,19000,204.900,98.631,52.784,289.552
51720,-22.468191370,11.867400156,19000,204.900,97.857,53.110,289.360
51780,-22.517805445,11.973063905,19000,204.900,97.082,53.435,289.167
51840,-22.567419520,12.078727653,19000,204.900,96.308,53.760,288.974
51900,-22.617033594,12.184391402,19000,204.900,95.533,54.086,288.781
51960,-22.666647669,12.290055150,19000,204.900,94.758,54.411,288.589
52020,-22.716261744,12.395718899,19000,204.900,93.984,54.737,288.396
52080,-22.765875819,12.501382647,19000,204.900,93.209,55.062,288.203
52140,-22.815489893,12.607046395,19000,204.900,92.435,55.387,288.010
52200,-22.865103968,12.712710144,19000,204.900,91.660,55.713,287.818
52260,-22.914718043,12.818373892,19000,204.900,90.886,56.038,287.625
52320,-22.964332117,12.924037641,19000,204.900,90.111,56.364,287.432
52380,-22.999856616,13.011630562,18866,203.951,89.550,56.670,287.251
52440,-22.999346524,13.053006698,18391,200.576,89.533,56.930,287.101
52500,-22.998836433,13.094382835,17916,197.200,89.517,57.189,286.951
52560,-22.998326341,13.135758972,17440,193.825,89.501,57.448,286.800
52620,-22.997816249,13.177135108,16965,190.449,89.485,57.708,286.650
52680,-22.997306157,13.218511245,16489,187.073,89.469,57.967,286.500
52740,-22.996796065,13.259887382,16014,183.698,89.453,58.226,286.349
52800,-22.996285973,13.301263518,15538,180.322,89.436,58.486,286.199
52860,-22.995775881,13.342639655,15063,176.947,89.420,58.745,286.049
52920,-22.995265789,13.384015792,14587,173.571,89.404,59.004,285.898
52980,-22.994755697,13.425391928,14112,170.196,89.388,59.264,285.748
