src/Components/missions/ORACLES/Plans/ORACLES-Flt-plan_p3_20170826_RG.ict
43, 1001
jredeman
NASA Ames Research Center
Simulated flight plan
ORACLES
1,1
2017,08,26,2017,08,26
60
Start_UTC, seconds from midnight UTC, time keeping
7
1,1,1,1,1,1,1
-9999,-9999,-9999,-9999,-9999,-9999,-9999
Latitude, Degrees (North positive), Planned latitude position of the aircraft
Longitude, Degrees (East positive), Planned longitude position of the aircraft
Altitude, meters (above sea level), Planned altitude of the aircraft
speed, meters per second (m/s), Estimated speed of aircraft
Bearing, degrees from north, Direction of travel of the plane per respect to north
SZA, degrees from zenith, Elevation position of the sun in the sky per respect to zenith
AZI, degrees from north, Azimuthal position of the sun in the sky per respect to north
1
Simulated aircraft data interpolated from flight plan waypoints
21
-----------------------------------------------------------------------------
PI_CONTACT_INFO: jredeman
PLATFORM: p3
LOCATION: N/A
ASSOCIATED_DATA: N/A
INSTRUMENT_INFO: None
DATA_INFO: Compiled with flight planner: moving lines v1.2
UNCERTAINTY: Undefined
ULOD_FLAG: -7777
ULOD_VALUE: N/A
LLOD_FLAG: -8888
LLOD_VALUE: N/A
DM_CONTACT_INFO: Samuel LeBlanc, samuel.leblanc@nasa.gov
PROJECT_INFO: ORACLES
STIPULATIONS_ON_USE: None
OTHER_COMMENTS: N/A
REVISION: RG
RG: Version 7 of the flight plan ict 
  RA: First iteration of the flight plan
-----------------------------------------------------------------------------
Start_UTC,Latitude,Longitude,Altitude,speed,Bearing,SZA,AZI
[from data line 477]
57420,-4.000000000,3.404995736, 5486,155.000,126.491,63.642,284.350
57480,-4.000000000,3.391095381, 5486,155.000,125.241,63.867,284.281
57540,-4.000000000,3.377195025, 5486,155.000,123.991,64.093,284.211
57600,-4.000000000,3.363294670, 5486,155.000,122.741,64.319,284.141
57660,-4.000000000,3.349394315, 5486,155.000,121.491,64.544,284.071
57720,-4.000000000,3.335493960, 5486,155.000,120.241,64.770,284.001
57780,-4.000000000,3.321593605, 5486,155.000,118.991,64.995,283.931
57840,-4.000000000,3.307693249, 5486,155.000,117.741,65.221,283.862
57900,-4.000000000,3.293792894, 5486,155.000,116.491,65.447,283.792
57960,-4.000000000,3.279892539, 5486,155.000,115.241,65.672,283.722
58020,-4.000000000,3.265992184, 5486,155.000,113.991,65.898,283.652
58080,-4.000000000,3.252091829, 5486,155.000,112.740,66.124,283.582
58140,-4.000000000,3.238191473, 5486,155.000,111.490,66.349,283.512
58200,-4.000000000,3.224291118, 5486,155.000,110.240,66.575,283.442
58260,-4.000000000,3.210390763, 5486,155.000,108.990,66.800,283.373
58320,-4.000000000,3.196490408, 5486,155.000,107.740,67.026,283.303
58380,-4.000000000,3.182590052, 5486,155.000,106.490,67.252,283.233
58440,-4.000000000,3.168689697, 5486,155.000,105.240,67.477,283.163
58500,-4.000000000,3.154789342, 5486,155.000,103.990,67.703,283.093
58560,-4.000000000,3.140888987, 5486,155.000,102.740,67.929,283.023
58620,-4.000000000,3.126988632, 5486,155.000,101.490,68.154,282.954
58680,-4.000000000,3.113088276, 5486,155.000,100.240,68.380,282.884
58740,-4.000000000,3.099187921, 5486,155.000,98.990,68.605,282.814
58800,-4.000000000,3.085287566, 5486,155.000,97.740,68.831,282.744
58860,-4.000000000,3.071387211, 5486,155.000,96.490,69.057,282.674
58920,-4.000000000,3.057486855, 5486,155.000,95.240,69.282,282.604
58980,-4.000000000,3.043586500, 5486,155.000,93.990,69.508,282.534
59040,-4.000000000,3.029686145, 5486,155.000,92.739,69.734,282.465
59100,-4.000000000,3.015785790, 5486,155.000,91.489,69.959,282.395
59160,-4.000000000,3.001885435, 5486,155.000,90.239,70.185,282.325
59220,-4.000000000,3.072388334, 5486,155.000,99.840,70.496,282.278
59280,-4.000000000,3.156136166, 5486,155.000,111.143,70.821,282.235
59340,-4.000000000,3.239883999, 5486,155.000,122.446,71.146,282.192
59400,-4.000000000,3.323631831, 5486,155.000,133.749,71.470,282.150
59460,-4.000000000,3.407379663, 5486,155.000,145.052,71.795,282.107
59520,-4.000000000,3.491127495, 5486,155.000,156.355,72.120,282.064
59580,-4.000000000,3.574875327, 5486,155.000,167.658,72.445,282.021
59640,-4.000000000,3.658623160, 5486,155.000,178.961,72.770,281.978
59700,-4.000000000,3.742370992, 5486,155.000,190.264,73.094,281.935
59760,-4.000000000,3.826118824, 5486,155.000,201.567,73.419,281.892
59820,-4.000000000,3.909866656, 5486,155.000,212.870,73.744,281.849
59880,-4.000000000,3.993614489, 5486,155.000,224.173,74.069,281.806
59940,-4.000000000,4.077362321, 5486,155.000,235.476,74.393,281.763
60000,-4.000000000,4.161110153, 5486,155.000,246.779,74.718,281.720
60060,-4.000000000,4.244857985, 5486,155.000,258.082,75.043,281.677
60120,-4.000000000,4.328605817, 5486,155.000,269.385,75.368,281.634
60180,-4.000000000,4.412353650, 5486,155.000,280.688,75.693,281.591
60240,-4.000000000,4.496101482, 5486,155.000,291.991,76.017,281.548
60300,-4.000000000,4.579849314, 5486,155.000,303.294,76.342,281.505
60360,-4.000000000,4.663597146, 5486,155.000,314.597,76.667,281.462
60420,-4.000000000,4.747344979, 5486,155.000,325.900,76.992,281.419
60480,-4.000000000,4.831092811, 5486,155.000,337.203,77.316,281.377
60540,-4.000000000,4.914840643, 5486,155.000,348.506,77.641,281.334
60600,-4.000000000,4.998588475, 5486,155.000,359.809,77.966,281.291
60660,-3.917864280,5.000000000, 5486,155.000,354.456,78.192,281.267
60720,-3.834320474,5.000000000, 5486,155.000,348.817,78.416,281.243
60780,-3.750776668,5.000000000, 5486,155.000,343.177,78.640,281.220
60840,-3.667232862,5.000000000, 5486,155.000,337.538,78.865,281.196
60900,-3.583689056,5.000000000, 5486,155.000,331.899,79.089,281.173
60960,-3.500145250,5.000000000, 5486,155.000,326.260,79.313,281.149
61020,-3.416601444,5.000000000, 5486,155.000,320.621,79.537,281.125
61080,-3.333057638,5.000000000, 5486,155.000,314.981,79.761,281.102
61140,-3.249513831,5.000000000, 5486,155.000,309.342,79.986,281.078
61200,-3.165970025,5.000000000, 5486,155.000,303.703,80.210,281.055
61260,-3.082426219,5.000000000, 5486,155.000,298.064,80.434,281.031
61320,-2.998882413,5.000000000, 5486,155.000,292.425,80.658,281.008
61380,-2.915338607,5.000000000, 5486,155.000,286.785,80.882,280.984
61440,-2.831794801,5.000000000, 5486,155.000,281.146,81.107,280.960
61500,-2.748250995,5.000000000, 5486,155.000,275.507,81.331,280.937
61560,-2.664707189,5.000000000, 5486,155.000,269.868,81.555,280.913
61620,-2.581163383,5.000000000, 5486,155.000,264.229,81.779,280.890
61680,-2.497619577,5.000000000, 5486,155.000,258.589,82.003,280.866
61740,-2.414075771,5.000000000, 5486,155.000,252.950,82.228,280.843
61800,-2.330531965,5.000000000, 5486,155.000,247.311,82.452,280.819
61860,-2.246988159,5.000000000, 5486,155.000,241.672,82.676,280.796
61920,-2.163444353,5.000000000, 5486,155.000,236.032,82.900,280.772
61980,-2.079900547,5.000000000, 5486,155.000,230.393,83.124,280.748
62040,-1.996356741,5.000000000, 5486,155.000,224.754,83.349,280.725
62100,-1.912812934,5.000000000, 5486,155.000,219.115,83.573,280.701
62160,-1.829269128,5.000000000, 5486,155.000,213.476,83.797,280.678
62220,-1.745725322,5.000000000, 5486,155.000,207.836,84.021,280.654
62280,-1.662181516,5.000000000, 5486,155.000,202.197,84.245,280.631
62340,-1.578637710,5.000000000, 5486,155.000,196.558,84.470,280.607
62400,-1.495093904,5.000000000, 5486,155.000,190.919,84.694,280.583
62460,-1.411550098,5.000000000, 5486,155.000,185.280,84.918,280.560
62520,-1.328006292,5.000000000, 5486,155.000,179.640,85.142,280.536
62580,-1.244462486,5.000000000, 5486,155.000,174.001,85.367,280.513
62640,-1.160918680,5.000000000, 5486,155.000,168.362,85.591,280.489
62700,-1.077374874,5.000000000, 5486,155.000,162.723,85.815,280.466
62760,-0.993831068,5.000000000, 5486,155.000,157.084,86.039,280.442
62820,-0.910287262,5.000000000, 5486,155.000,151.444,86.263,280.419
62880,-0.826743456,5.000000000, 5486,155.000,145.805,86.488,280.395
62940,-0.743199650,5.000000000, 5486,155.000,140.166,86.712,280.371
63000,-0.659655843,5.000000000, 5486,155.000,134.527,86.936,280.348
63060,-0.576112037,5.000000000, 5486,155.000,128.888,87.160,280.324
63120,-0.492568231,5.000000000, 5486,155.000,123.248,87.384,280.301
63180,-0.409024425,5.000000000, 5486,155.000,117.609,87.609,280.277
63240,-0.325480619,5.000000000, 5486,155.000,111.970,87.833,280.254
63300,-0.241936813,5.000000000, 5486,155.000,106.331,88.057,280.230
63360,-0.158393007,5.000000000, 5486,155.000,100.692,88.281,280.206
63420,-0.074849201,5.000000000, 5486,155.000,95.052,88.505,280.183
63480,0.000000000,5.008694605, 5486,155.000,89.669,88.736,280.162
63540,0.000000000,5.092238411, 5486,155.000,86.484,89.018,280.161
63600,0.000000000,5.175782217, 5486,155.000,83.300,89.301,280.161
63660,0.000000000,5.259326023, 5486,155.000,80.115,89.584,280.161
63720,0.000000000,5.342869829, 5486,155.000,76.930,89.866,280.160
63780,0.000000000,5.426413635, 5486,155.000,73.746,90.149,280.160
63840,0.015558281,5.485773381, 5264,153.175,73.484,90.470,280.165
63900,0.032514209,5.542960600, 5023,151.187,73.484,90.795,280.171
63960,0.049470136,5.600147820, 4781,149.198,73.484,91.120,280.177
64020,0.066426064,5.657335039, 4539,147.209,73.484,91.445,280.183
64080,0.083381992,5.714522259, 4297,145.220,73.484,91.770,280.189
64140,0.100337919,5.771709478, 4055,143.232,73.485,92.095,280.195
64200,0.117293847,5.828896698, 3813,141.243,73.485,92.420,280.201
64260,0.134249774,5.886083917, 3572,139.254,73.485,92.745,280.207
64320,0.151205702,5.943271137, 3330,137.266,73.485,93.070,280.213
64380,0.168161630,6.000458356, 3088,135.277,73.485,93.395,280.218
64440,0.185117557,6.057645576, 2846,133.288,73.486,93.720,280.224
64500,0.202073485,6.114832795, 2604,131.300,73.486,94.045,280.230
64560,0.219029412,6.172020015, 2362,129.311,73.486,94.370,280.236
64620,0.235985340,6.229207234, 2121,127.322,73.486,94.695,280.242
64680,0.252941268,6.286394454, 1879,125.333,73.486,95.020,280.248
64740,0.269897195,6.343581673, 1637,123.345,73.486,95.345,280.254
64800,0.286853123,6.400768893, 1395,121.356,73.487,95.670,280.260
64860,0.303809050,6.457956112, 1153,119.367,73.487,95.995,280.266
64920,0.320764978,6.515143332,  911,117.379,73.487,96.320,280.271
64980,0.337720906,6.572330552,  670,115.390,73.487,96.645,280.277
65040,0.354676833,6.629517771,  428,113.401,73.487,96.970,280.283
65100,0.371632761,6.686704991,  186,111.412,73.488,97.295,280.289
