src/Components/missions/ORACLES/Plans/ORACLES-Flt-plan_p3_20170902_RA.ict
42, 1001
sarahdoherty
NASA Ames Research Center
Simulated flight plan
ORACLES-2017
1,1
2017,09,02,2017,09,02
60
Start_UTC, seconds from midnight UTC, time keeping
7
1,1,1,1,1,1,1
-9999,-9999,-9999,-9999,-9999,-9999,-9999
Latitude, Degrees (North positive), Planned latitude position of the aircraft
Longitude, Degrees (East positive), Planned longitude position of the aircraft
Altitude, meters (above sea level), Planned altitude of the aircraft
speed, meters per second (m/s), Estimated speed of aircraft
Bearing, degrees from north, Direction of travel of the plane per respect to north
SZA, degrees from zenith, Elevation position of the sun in the sky per respect to zenith
AZI, degrees from north, Azimuthal position of the sun in the sky per respect to north
1
Simulated aircraft data interpolated from flight plan waypoints
20
-----------------------------------------------------------------------------
PI_CONTACT_INFO: sarahdoherty
PLATFORM: p3
LOCATION: N/A
ASSOCIATED_DATA: N/A
INSTRUMENT_INFO: None
DATA_INFO: Compiled with flight planner: moving lines v1.2
UNCERTAINTY: Undefined
ULOD_FLAG: -7777
ULOD_VALUE: N/A
LLOD_FLAG: -8888
LLOD_VALUE: N/A
DM_CONTACT_INFO: Samuel LeBlanc, samuel.leblanc@nasa.gov
PROJECT_INFO: ORACLES-2017
STIPULATIONS_ON_USE: None
OTHER_COMMENTS: N/A
REVISION: RA
RA: First iteration of the flight plan
-----------------------------------------------------------------------------
Start_UTC,Latitude,Longitude,Altitude,speed,Bearing,SZA,AZI
25200,0.378006000,6.708200000,   95,150.000,253.491,68.332,81.740
25260,0.359727068,6.646536179,  253,148.556,254.290,68.149,81.721
25320,0.341448136,6.584872359,  410,147.113,255.088,67.965,81.702
25380,0.323169204,6.523208538,  568,145.669,255.886,67.782,81.683
25440,0.304890272,6.461544718,  725,144.225,256.685,67.599,81.664
25500,0.286611340,6.399880897,  883,142.782,257.483,67.416,81.645
25560,0.268332408,6.338217076, 1040,141.338,258.281,67.233,81.626
25620,0.250053476,6.276553256, 1198,139.895,259.079,67.049,81.607
25680,0.231774543,6.214889435, 1355,138.451,259.878,66.866,81.588
25740,0.213495611,6.153225615, 1513,137.007,260.676,66.683,81.569
25800,0.195216679,6.091561794, 1670,135.564,261.474,66.500,81.550
25860,0.176937747,6.029897973, 1828,134.120,262.273,66.317,81.531
25920,0.158658815,5.968234153, 1985,132.676,263.071,66.133,81.512
25980,0.140379883,5.906570332, 2143,131.233,263.869,65.950,81.493
26040,0.122100951,5.844906512, 2300,129.789,264.667,65.767,81.474
26100,0.103822019,5.783242691, 2458,128.346,265.466,65.584,81.455
26160,0.085543087,5.721578870, 2616,126.902,266.264,65.401,81.436
26220,0.067264155,5.659915050, 2773,125.458,267.062,65.217,81.417
26280,0.048985223,5.598251229, 2931,124.015,267.861,65.034,81.398
26340,0.030706291,5.536587409, 3088,122.571,268.659,64.851,81.379
26400,0.012427359,5.474923588, 3246,121.127,269.457,64.668,81.360
26460,0.000000000,5.412354330, 3353,120.861,265.709,64.485,81.342
26520,0.000000000,5.347862136, 3353,123.095,252.304,64.301,81.329
26580,0.000000000,5.283369941, 3353,125.329,238.899,64.118,81.315
26640,0.000000000,5.218877747, 3353,127.564,225.494,63.935,81.302
26700,0.000000000,5.154385553, 3353,129.798,212.089,63.751,81.289
26760,0.000000000,5.089893359, 3353,132.032,198.685,63.568,81.275
26820,0.000000000,5.025401165, 3353,134.266,185.280,63.385,81.262
26880,-0.042933575,5.000000000, 3350,135.126,180.771,63.173,81.198
26940,-0.113765184,5.000000000, 3346,135.094,182.043,62.943,81.103
27000,-0.184596793,5.000000000, 3342,135.062,183.315,62.713,81.007
27060,-0.255428401,5.000000000, 3337,135.029,184.587,62.483,80.911
27120,-0.326260010,5.000000000, 3333,134.997,185.858,62.252,80.816
27180,-0.397091619,5.000000000, 3329,134.964,187.130,62.022,80.720
27240,-0.467923228,5.000000000, 3324,134.932,188.402,61.792,80.624
27300,-0.538754836,5.000000000, 3320,134.900,189.674,61.562,80.529
27360,-0.609586445,5.000000000, 3316,134.867,190.946,61.332,80.433
27420,-0.680418054,5.000000000, 3311,134.835,192.218,61.101,80.338
27480,-0.751249663,5.000000000, 3307,134.803,193.490,60.871,80.242
27540,-0.822081271,5.000000000, 3303,134.770,194.762,60.641,80.146
27600,-0.892912880,5.000000000, 3298,134.738,196.033,60.411,80.051
27660,-0.963744489,5.000000000, 3294,134.705,197.305,60.181,79.955
27720,-1.034576098,5.000000000, 3290,134.673,198.577,59.951,79.859
27780,-1.105407706,5.000000000, 3285,134.641,199.849,59.720,79.764
27840,-1.176239315,5.000000000, 3281,134.608,201.121,59.490,79.668
27900,-1.247070924,5.000000000, 3277,134.576,202.393,59.260,79.572
27960,-1.317902533,5.000000000, 3272,134.543,203.665,59.030,79.477
28020,-1.388734142,5.000000000, 3268,134.511,204.937,58.800,79.381
28080,-1.459565750,5.000000000, 3264,134.479,206.209,58.569,79.285
28140,-1.530397359,5.000000000, 3260,134.446,207.480,58.339,79.190
28200,-1.601228968,5.000000000, 3255,134.414,208.752,58.109,79.094
28260,-1.672060577,5.000000000, 3251,134.382,210.024,57.879,78.998
28320,-1.742892185,5.000000000, 3247,134.349,211.296,57.649,78.903
28380,-1.813723794,5.000000000, 3242,134.317,212.568,57.419,78.807
28440,-1.884555403,5.000000000, 3238,134.284,213.840,57.188,78.712
28500,-1.955387012,5.000000000, 3234,134.252,215.112,56.958,78.616
28560,-2.026218620,5.000000000, 3229,134.220,216.384,56.728,78.520
28620,-2.097050229,5.000000000, 3225,134.187,217.655,56.498,78.425
28680,-2.167881838,5.000000000, 3221,134.155,218.927,56.268,78.329
28740,-2.238713447,5.000000000, 3216,134.122,220.199,56.037,78.233
28800,-2.309545055,5.000000000, 3212,134.090,221.471,55.807,78.138
28860,-2.380376664,5.000000000, 3208,134.058,222.743,55.577,78.042
28920,-2.451208273,5.000000000, 3203,134.025,224.015,55.347,77.946
28980,-2.522039882,5.000000000, 3199,133.993,225.287,55.117,77.851
29040,-2.592871490,5.000000000, 3195,133.961,226.559,54.887,77.755
29100,-2.663703099,5.000000000, 3190,133.928,227.831,54.656,77.659
29160,-2.734534708,5.000000000, 3186,133.896,229.102,54.426,77.564
29220,-2.805366317,5.000000000, 3182,133.863,230.374,54.196,77.468
29280,-2.876197926,5.000000000, 3177,133.831,231.646,53.966,77.372
29340,-2.947029534,5.000000000, 3173,133.799,232.918,53.736,77.277
29400,-3.017861143,5.000000000, 3169,133.766,234.190,53.505,77.181
29460,-3.088692752,5.000000000, 3165,133.734,235.462,53.275,77.086
29520,-3.159524361,5.000000000, 3160,133.701,236.734,53.045,76.990
29580,-3.230355969,5.000000000, 3156,133.669,238.006,52.815,76.894
29640,-3.301187578,5.000000000, 3152,133.637,239.277,52.585,76.799
29700,-3.372019187,5.000000000, 3147,133.604,240.549,52.355,76.703
29760,-3.442850796,5.000000000, 3143,133.572,241.821,52.124,76.607
29820,-3.513682404,5.000000000, 3139,133.540,243.093,51.894,76.512
29880,-3.584514013,5.000000000, 3134,133.507,244.365,51.664,76.416
29940,-3.655345622,5.000000000, 3130,133.475,245.637,51.434,76.320
30000,-3.726177231,5.000000000, 3126,133.442,246.909,51.204,76.225
30060,-3.797008839,5.000000000, 3121,133.410,248.181,50.973,76.129
30120,-3.867840448,5.000000000, 3117,133.378,249.452,50.743,76.033
30180,-3.938672057,5.000000000, 3113,133.345,250.724,50.513,75.938
30240,-4.009503666,5.000000000, 3108,133.313,251.996,50.283,75.842
30300,-4.080335274,5.000000000, 3104,133.280,253.268,50.053,75.746
30360,-4.151166883,5.000000000, 3100,133.248,254.540,49.823,75.651
30420,-4.221998492,5.000000000, 3095,133.216,255.812,49.592,75.555
30480,-4.292830101,5.000000000, 3091,133.183,257.084,49.362,75.460
30540,-4.363661710,5.000000000, 3087,133.151,258.356,49.132,75.364
30600,-4.434493318,5.000000000, 3082,133.119,259.628,48.902,75.268
30660,-4.505324927,5.000000000, 3078,133.086,260.899,48.672,75.173
30720,-4.576156536,5.000000000, 3074,133.054,262.171,48.441,75.077
30780,-4.646988145,5.000000000, 3070,133.021,263.443,48.211,74.981
30840,-4.717819753,5.000000000, 3065,132.989,264.715,47.981,74.886
30900,-4.788651362,5.000000000, 3061,132.957,265.987,47.751,74.790
30960,-4.859482971,5.000000000, 3057,132.924,267.259,47.521,74.694
31020,-4.930314580,5.000000000, 3052,132.892,268.531,47.291,74.599
31080,-5.000000000,4.998916890, 3048,132.858,269.782,47.061,74.503
31140,-5.000000000,4.931983385, 3031,132.736,269.782,46.888,74.419
31200,-5.000000000,4.865049880, 3015,132.613,269.782,46.715,74.335
31260,-5.000000000,4.798116375, 2999,132.491,269.782,46.542,74.251
31320,-5.000000000,4.731182870, 2982,132.368,269.782,46.369,74.167
31380,-5.000000000,4.664249365, 2966,132.246,269.782,46.196,74.083
31440,-5.000000000,4.597315860, 2950,132.124,269.782,46.023,73.999
31500,-5.000000000,4.530382355, 2933,132.001,269.782,45.850,73.915
31560,-5.000000000,4.463448850, 2917,131.879,269.782,45.676,73.831
31620,-5.000000000,4.396515345, 2901,131.756,269.782,45.503,73.747
31680,-5.000000000,4.329581840, 2885,131.634,269.782,45.330,73.663
31740,-5.000000000,4.262648335, 2868,131.512,269.782,45.157,73.580
31800,-5.000000000,4.195714830, 2852,131.389,269.782,44.984,73.496
31860,-5.000000000,4.128781324, 2836,131.267,269.782,44.811,73.412
31920,-5.000000000,4.061847819, 2819,131.144,269.782,44.638,73.328
31980,-5.000000000,3.994914314, 2803,131.022,269.782,44.465,73.244
32040,-5.000000000,3.927980809, 2787,130.899,269.782,44.292,73.160
32100,-5.000000000,3.861047304, 2770,130.777,269.782,44.118,73.076
32160,-5.000000000,3.794113799, 2754,130.655,269.782,43.945,72.992
32220,-5.000000000,3.727180294, 2738,130.532,269.782,43.772,72.908
32280,-5.000000000,3.660246789, 2721,130.410,269.782,43.599,72.824
32340,-5.000000000,3.593313284, 2705,130.287,269.782,43.426,72.740
32400,-5.000000000,3.526379779, 2689,130.165,269.782,43.253,72.656
32460,-5.000000000,3.459446274, 2672,130.043,269.782,43.080,72.572
32520,-5.000000000,3.392512769, 2656,129.920,269.782,42.907,72.488
32580,-5.000000000,3.325579264, 2640,129.798,269.782,42.734,72.404
32640,-5.000000000,3.258645759, 2623,129.675,269.782,42.560,72.320
32700,-5.000000000,3.191712254, 2607,129.553,269.782,42.387,72.236
32760,-5.000000000,3.124778749, 2591,129.431,269.782,42.214,72.152
32820,-5.000000000,3.057845243, 2574,129.308,269.782,42.041,72.068
32880,-5.000000000,2.990911738, 2558,129.186,269.782,41.868,71.984
32940,-5.000000000,2.923978233, 2542,129.063,269.782,41.695,71.900
33000,-5.000000000,2.857044728, 2525,128.941,269.782,41.522,71.816
33060,-5.000000000,2.790111223, 2509,128.819,269.782,41.349,71.732
33120,-5.000000000,2.723177718, 2493,128.696,269.782,41.176,71.648
33180,-5.000000000,2.656244213, 2476,128.574,269.782,41.003,71.564
33240,-5.000000000,2.589310708, 2460,128.451,269.782,40.829,71.480
33300,-5.000000000,2.522377203, 2444,128.329,269.782,40.656,71.396
33360,-5.000000000,2.455443698, 2428,128.207,269.782,40.483,71.312
33420,-5.000000000,2.388510193, 2411,128.084,269.782,40.310,71.228
33480,-5.000000000,2.321576688, 2395,127.962,269.782,40.137,71.144
33540,-5.000000000,2.254643183, 2379,127.839,269.782,39.964,71.060
33600,-5.000000000,2.187709678, 2362,127.717,269.782,39.791,70.976
33660,-5.000000000,2.120776173, 2346,127.594,269.782,39.618,70.892
33720,-5.000000000,2.053842668, 2330,127.472,269.782,39.445,70.808
33780,-5.000000000,1.986909162, 2313,127.350,269.782,39.271,70.724
33840,-5.000000000,1.919975657, 2297,127.227,269.782,39.098,70.640
33900,-5.000000000,1.853042152, 2281,127.105,269.782,38.925,70.556
33960,-5.000000000,1.786108647, 2264,126.982,269.782,38.752,70.472
34020,-5.000000000,1.719175142, 2248,126.860,269.782,38.579,70.388
34080,-5.000000000,1.652241637, 2232,126.738,269.782,38.406,70.304
34140,-5.000000000,1.585308132, 2215,126.615,269.782,38.233,70.220
34200,-5.000000000,1.518374627, 2199,126.493,269.782,38.060,70.136
34260,-5.000000000,1.451441122, 2183,126.370,269.782,37.887,70.052
34320,-5.000000000,1.384507617, 2166,126.248,269.782,37.713,69.968
34380,-5.000000000,1.317574112, 2150,126.126,269.782,37.540,69.884
34440,-5.000000000,1.250640607, 2134,126.003,269.782,37.367,69.801
34500,-5.000000000,1.183707102, 2117,125.881,269.782,37.194,69.717
34560,-5.000000000,1.116773597, 2101,125.758,269.782,37.021,69.633
34620,-5.000000000,1.049840092, 2085,125.636,269.782,36.848,69.549
34680,-5.000000000,0.982906586, 2068,125.514,269.782,36.675,69.465
34740,-5.000000000,0.915973081, 2052,125.391,269.782,36.502,69.381
34800,-5.000000000,0.849039576, 2036,125.269,269.782,36.329,69.297
34860,-5.000000000,0.782106071, 2020,125.146,269.782,36.155,69.213
34920,-5.000000000,0.715172566, 2003,125.024,269.782,35.982,69.129
34980,-5.000000000,0.648239061, 1987,124.901,269.782,35.809,69.045
35040,-5.000000000,0.581305556, 1971,124.779,269.782,35.636,68.961
35100,-5.000000000,0.514372051, 1954,124.657,269.782,35.463,68.877
35160,-5.000000000,0.447438546, 1938,124.534,269.782,35.290,68.793
35220,-5.000000000,0.380505041, 1922,124.412,269.782,35.117,68.709
35280,-5.000000000,0.313571536, 1905,124.289,269.782,34.944,68.625
35340,-5.000000000,0.246638031, 1889,124.167,269.782,34.771,68.541
35400,-5.000000000,0.179704526, 1873,124.045,269.782,34.598,68.457
35460,-5.000000000,0.112771021, 1856,123.922,269.782,34.424,68.373
35520,-5.000000000,0.045837516, 1840,123.800,269.782,34.251,68.289
35580,-5.000000000,-0.021095567, 1829,123.716,269.781,34.082,68.175
35640,-5.000000000,-0.088027731, 1829,123.716,269.779,33.920,67.995
35700,-5.000000000,-0.154959895, 1829,123.716,269.777,33.759,67.816
35760,-5.000000000,-0.221892060, 1829,123.716,269.774,33.597,67.637
35820,-5.000000000,-0.288824224, 1829,123.716,269.772,33.436,67.457
35880,-5.000000000,-0.355756388, 1829,123.716,269.770,33.274,67.278
35940,-5.000000000,-0.422688553, 1829,123.716,269.767,33.113,67.098
36000,-5.000000000,-0.489620717, 1829,123.716,269.765,32.951,66.919
36060,-5.000000000,-0.556552881, 1829,123.716,269.762,32.790,66.739
36120,-5.000000000,-0.623485046, 1829,123.716,269.760,32.628,66.560
36180,-5.000000000,-0.690417210, 1829,123.716,269.758,32.467,66.380
36240,-5.000000000,-0.757349374, 1829,123.716,269.755,32.305,66.201
36300,-5.000000000,-0.824281539, 1829,123.716,269.753,32.144,66.022
36360,-5.000000000,-0.891213703, 1829,123.716,269.751,31.982,65.842
36420,-5.000000000,-0.958145867, 1829,123.716,269.748,31.821,65.663
36480,-5.000000000,-1.025078031, 1829,123.716,269.746,31.659,65.483
36540,-5.000000000,-1.092010196, 1829,123.716,269.744,31.498,65.304
36600,-5.000000000,-1.158942360, 1829,123.716,269.741,31.336,65.124
36660,-5.000000000,-1.225874524, 1829,123.716,269.739,31.175,64.945
36720,-5.000000000,-1.292806689, 1829,123.716,269.737,31.013,64.765
36780,-5.000000000,-1.359738853, 1829,123.716,269.734,30.852,64.586
36840,-5.000000000,-1.426671017, 1829,123.716,269.732,30.690,64.407
36900,-5.000000000,-1.493603182, 1829,123.716,269.730,30.529,64.227
36960,-5.000000000,-1.560535346, 1829,123.716,269.727,30.367,64.048
37020,-5.000000000,-1.627467510, 1829,123.716,269.725,30.206,63.868
37080,-5.000000000,-1.694399674, 1829,123.716,269.723,30.044,63.689
37140,-5.000000000,-1.761331839, 1829,123.716,269.720,29.883,63.509
37200,-5.000000000,-1.828264003, 1829,123.716,269.718,29.721,63.330
37260,-5.000000000,-1.895196167, 1829,123.716,269.716,29.560,63.150
37320,-5.000000000,-1.962128332, 1829,123.716,269.713,29.398,62.971
37380,-5.000000000,-2.029060496, 1829,123.716,269.711,29.237,62.792
37440,-5.000000000,-2.095992660, 1829,123.716,269.709,29.075,62.612
37500,-5.000000000,-2.162924825, 1829,123.716,269.706,28.914,62.433
37560,-5.000000000,-2.229856989, 1829,123.716,269.704,28.752,62.253
37620,-5.000000000,-2.296789153, 1829,123.716,269.702,28.591,62.074
37680,-5.000000000,-2.363721317, 1829,123.716,269.699,28.429,61.894
37740,-5.000000000,-2.430653482, 1829,123.716,269.697,28.268,61.715
37800,-5.000000000,-2.497585646, 1829,123.716,269.695,28.106,61.535
37860,-5.000000000,-2.564517810, 1829,123.716,269.692,27.945,61.356
37920,-5.000000000,-2.631449975, 1829,123.716,269.690,27.783,61.177
37980,-5.000000000,-2.698382139, 1829,123.716,269.688,27.622,60.997
38040,-5.000000000,-2.765314303, 1829,123.716,269.685,27.460,60.818
38100,-5.000000000,-2.832246468, 1829,123.716,269.683,27.299,60.638
38160,-5.000000000,-2.899178632, 1829,123.716,269.681,27.137,60.459
38220,-5.000000000,-2.966110796, 1829,123.716,269.678,26.976,60.279
38280,-5.000000000,-3.033042961, 1829,123.716,269.676,26.814,60.100
38340,-5.000000000,-3.099975125, 1829,123.716,269.673,26.653,59.920
38400,-5.000000000,-3.166907289, 1829,123.716,269.671,26.491,59.741
38460,-5.000000000,-3.233839453, 1829,123.716,269.669,26.330,59.562
38520,-5.000000000,-3.300771618, 1829,123.716,269.666,26.168,59.382
38580,-5.000000000,-3.367703782, 1829,123.716,269.664,26.007,59.203
38640,-5.000000000,-3.434635946, 1829,123.716,269.662,25.845,59.023
38700,-5.000000000,-3.501568111, 1829,123.716,269.659,25.684,58.844
38760,-5.000000000,-3.568500275, 1829,123.716,269.657,25.522,58.664
38820,-5.000000000,-3.635432439, 1829,123.716,269.655,25.361,58.485
38880,-5.000000000,-3.702364604, 1829,123.716,269.652,25.199,58.305
38940,-5.000000000,-3.769296768, 1829,123.716,269.650,25.038,58.126
39000,-5.000000000,-3.836228932, 1829,123.716,269.648,24.876,57.947
39060,-5.000000000,-3.903161096, 1829,123.716,269.645,24.715,57.767
39120,-5.000000000,-3.970093261, 1829,123.716,269.643,24.553,57.588
39180,-5.000000000,-4.037025425, 1829,123.716,269.641,24.392,57.408
39240,-5.000000000,-4.103957589, 1829,123.716,269.638,24.230,57.229
39300,-5.000000000,-4.170889754, 1829,123.716,269.636,24.069,57.049
39360,-5.000000000,-4.237821918, 1829,123.716,269.634,23.907,56.870
39420,-5.000000000,-4.304754082, 1829,123.716,269.631,23.746,56.690
