src/Components/missions/ORACLES/Plans/ORACLES-Flt-plan_p3_20160922_R0.ict
42, 1001
Samuel LeBlanc
NASA Ames Research Center
Simulated flight plan
ORACLES
1,1
2016,09,22,2016,09,22
60
Start_UTC, seconds from midnight UTC, time keeping
7
1,1,1,1,1,1,1
-9999,-9999,-9999,-9999,-9999,-9999,-9999
Latitude, Degrees (North positive), Planned latitude position of the aircraft
Longitude, Degrees (East positive), Planned longitude position of the aircraft
Altitude, meters (above sea level), Planned altitude of the aircraft
speed, meters per second (m/s), Estimated speed of aircraft
Bearing, degrees from north, Direction of travel of the plane per respect to north
SZA, degrees from zenith, Elevation position of the sun in the sky per respect to zenith
AZI, degrees from north, Azimuthal position of the sun in the sky per respect to north
1
Simulated aircraft data interpolated from flight plan waypoints
20
-----------------------------------------------------------------------------
PI_CONTACT_INFO: Samuel LeBlanc, samuel.leblanc@nasa.gov
PLATFORM: p3
LOCATION: N/A
ASSOCIATED_DATA: N/A
INSTRUMENT_INFO: None
DATA_INFO: Compiled with flight planner: moving lines v1.02
UNCERTAINTY: Undefined
ULOD_FLAG: -7777
ULOD_VALUE: N/A
LLOD_FLAG: -8888
LLOD_VALUE: N/A
DM_CONTACT_INFO: See PI
PROJECT_INFO: ORACLES
STIPULATIONS_ON_USE: None
OTHER_COMMENTS: N/A
REVISION: RA
RA: First iteration of the flight plan
-----------------------------------------------------------------------------
Start_UTC,Latitude,Longitude,Altitude,speed,Bearing,SZA,AZI
25200,-22.979716667,14.645283333,   95,150.000,268.911,65.877,70.461
25260,-22.980718131,14.564049481,  312,149.580,271.261,65.732,70.369
25320,-22.981719596,14.482815629,  530,149.161,273.611,65.586,70.277
25380,-22.982721061,14.401581778,  747,148.741,275.961,65.441,70.185
25440,-22.983722526,14.320347926,  965,148.321,278.311,65.296,70.093
25500,-22.984723991,14.239114074, 1182,147.902,280.661,65.151,70.001
25560,-22.985725455,14.157880222, 1400,147.482,283.011,65.006,69.908
25620,-22.986726920,14.076646370, 1617,147.062,285.360,64.861,69.816
25680,-22.987728385,13.995412518, 1835,146.643,287.710,64.716,69.724
25740,-22.988729850,13.914178666, 2052,146.223,290.060,64.571,69.632
25800,-22.989731314,13.832944814, 2270,145.803,292.410,64.425,69.540
25860,-22.990732779,13.751710962, 2487,145.384,294.760,64.280,69.448
25920,-22.991734244,13.670477110, 2705,144.964,297.110,64.135,69.356
25980,-22.992735709,13.589243258, 2922,144.544,299.459,63.990,69.263
26040,-22.993737173,13.508009406, 3140,144.125,301.809,63.845,69.171
26100,-22.994738638,13.426775554, 3357,143.705,304.159,63.700,69.079
26160,-22.995740103,13.345541703, 3575,143.285,306.509,63.555,68.987
26220,-22.996741568,13.264307851, 3792,142.865,308.859,63.410,68.895
26280,-22.997743033,13.183073999, 4010,142.446,311.209,63.264,68.803
26340,-22.998744497,13.101840147, 4227,142.026,313.559,63.119,68.711
26400,-22.999745962,13.020606295, 4445,141.606,315.908,62.974,68.618
26460,-22.954275365,12.954275365, 4500,141.729,316.484,62.799,68.537
26520,-22.893009689,12.893009689, 4500,142.035,316.457,62.613,68.460
26580,-22.831744013,12.831744013, 4500,142.341,316.430,62.428,68.383
26640,-22.770478337,12.770478337, 4500,142.648,316.402,62.243,68.306
26700,-22.709212661,12.709212661, 4500,142.954,316.375,62.057,68.228
26760,-22.647946985,12.647946985, 4500,143.260,316.348,61.872,68.151
26820,-22.586681309,12.586681309, 4500,143.567,316.321,61.686,68.074
26880,-22.525415633,12.525415633, 4500,143.873,316.294,61.501,67.996
26940,-22.464149957,12.464149957, 4500,144.179,316.266,61.315,67.919
27000,-22.402884282,12.402884282, 4500,144.486,316.239,61.130,67.842
27060,-22.341618606,12.341618606, 4500,144.792,316.212,60.944,67.764
27120,-22.280352930,12.280352930, 4500,145.098,316.185,60.759,67.687
27180,-22.219087254,12.219087254, 4500,145.405,316.157,60.574,67.610
27240,-22.157821578,12.157821578, 4500,145.711,316.130,60.388,67.533
27300,-22.096555902,12.096555902, 4500,146.017,316.103,60.203,67.455
27360,-22.035290226,12.035290226, 4500,146.324,316.076,60.017,67.378
27420,-21.974024550,11.974024550, 4500,146.630,316.048,59.832,67.301
27480,-21.912758874,11.912758874, 4500,146.936,316.021,59.646,67.223
27540,-21.851493199,11.851493199, 4500,147.243,315.994,59.461,67.146
27600,-21.790227523,11.790227523, 4500,147.549,315.967,59.275,67.069
27660,-21.728961847,11.728961847, 4500,147.855,315.939,59.090,66.991
27720,-21.667696171,11.667696171, 4500,148.162,315.912,58.904,66.914
27780,-21.606430495,11.606430495, 4500,148.468,315.885,58.719,66.837
27840,-21.545164819,11.545164819, 4500,148.774,315.858,58.534,66.760
27900,-21.483899143,11.483899143, 4500,149.081,315.830,58.348,66.682
27960,-21.422633467,11.422633467, 4500,149.387,315.803,58.163,66.605
28020,-21.361367791,11.361367791, 4500,149.693,315.776,57.977,66.528
28080,-21.300102116,11.300102116, 4500,149.999,315.749,57.792,66.450
28140,-21.238836440,11.238836440, 4500,150.306,315.722,57.606,66.373
28200,-21.177570764,11.177570764, 4500,150.612,315.694,57.421,66.296
28260,-21.116305088,11.116305088, 4500,150.918,315.667,57.235,66.219
28320,-21.055039412,11.055039412, 4500,151.225,315.640,57.050,66.141
28380,-20.993773736,10.993773736, 4500,151.531,315.613,56.865,66.064
28440,-20.932508060,10.932508060, 4500,151.837,315.585,56.679,65.987
28500,-20.871242384,10.871242384, 4500,152.144,315.558,56.494,65.909
28560,-20.809976708,10.809976708, 4500,152.450,315.531,56.308,65.832
28620,-20.748711033,10.748711033, 4500,152.756,315.504,56.123,65.755
28680,-20.687445357,10.687445357, 4500,153.063,315.476,55.937,65.677
28740,-20.626179681,10.626179681, 4500,153.369,315.449,55.752,65.600
28800,-20.564914005,10.564914005, 4500,153.675,315.422,55.566,65.523
28860,-20.503648329,10.503648329, 4500,153.982,315.395,55.381,65.446
28920,-20.442382653,10.442382653, 4500,154.288,315.367,55.196,65.368
28980,-20.381116977,10.381116977, 4500,154.594,315.340,55.010,65.291
29040,-20.319851301,10.319851301, 4500,154.901,315.313,54.825,65.214
29100,-20.258585625,10.258585625, 4500,155.207,315.286,54.639,65.136
29160,-20.197319950,10.197319950, 4500,155.513,315.258,54.454,65.059
29220,-20.136054274,10.136054274, 4500,155.820,315.231,54.268,64.982
29280,-20.074788598,10.074788598, 4500,156.126,315.204,54.083,64.904
29340,-20.013522922,10.013522922, 4500,156.432,315.177,53.897,64.827
29400,-19.962556900,9.960657578, 4271,154.895,315.171,53.708,64.735
29460,-19.914508210,9.910171591, 3976,152.835,315.171,53.518,64.638
29520,-19.866459520,9.859685604, 3682,150.775,315.171,53.328,64.541
29580,-19.818410829,9.809199618, 3388,148.716,315.171,53.138,64.445
29640,-19.770362139,9.758713631, 3094,146.656,315.172,52.948,64.348
29700,-19.722313449,9.708227644, 2799,144.596,315.172,52.758,64.251
29760,-19.674264758,9.657741657, 2505,142.537,315.172,52.568,64.154
29820,-19.626216068,9.607255670, 2211,140.477,315.172,52.378,64.058
29880,-19.578167378,9.556769683, 1917,138.417,315.172,52.188,63.961
29940,-19.530118687,9.506283696, 1623,136.358,315.173,51.998,63.864
30000,-19.482069997,9.455797709, 1328,134.298,315.173,51.808,63.767
30060,-19.434021307,9.405311722, 1034,132.238,315.173,51.618,63.671
30120,-19.385972616,9.354825735,  740,130.178,315.173,51.428,63.574
30180,-19.337923926,9.304339748,  446,128.119,315.173,51.238,63.477
30240,-19.289875235,9.253853761,  151,126.059,315.173,51.048,63.380
30300,-19.237325540,9.199232526,  154,125.782,315.213,50.860,63.284
30360,-19.182938893,9.142923612,  279,126.232,315.269,50.672,63.187
30420,-19.128552246,9.086614698,  403,126.682,315.324,50.484,63.090
30480,-19.074165599,9.030305784,  528,127.132,315.380,50.297,62.993
30540,-19.019778952,8.973996870,  652,127.582,315.435,50.109,62.897
30600,-18.965392305,8.917687956,  777,128.033,315.491,49.921,62.800
30660,-18.911005658,8.861379042,  901,128.483,315.547,49.734,62.703
30720,-18.856619012,8.805070128, 1026,128.933,315.602,49.546,62.607
30780,-18.802232365,8.748761214, 1150,129.383,315.658,49.358,62.510
30840,-18.747845718,8.692452300, 1275,129.833,315.714,49.171,62.413
30900,-18.693459071,8.636143386, 1399,130.284,315.769,48.983,62.316
30960,-18.639072424,8.579834472, 1523,130.734,315.825,48.796,62.220
31020,-18.584685777,8.523525558, 1648,131.184,315.881,48.608,62.123
31080,-18.530299130,8.467216644, 1772,131.634,315.936,48.420,62.026
31140,-18.475912484,8.410907730, 1897,132.084,315.992,48.233,61.929
31200,-18.421525837,8.354598816, 2021,132.535,316.047,48.045,61.833
31260,-18.367139190,8.298289902, 2146,132.985,316.103,47.857,61.736
31320,-18.312752543,8.241980988, 2270,133.435,316.159,47.670,61.639
31380,-18.258365896,8.185672074, 2395,133.885,316.214,47.482,61.543
31440,-18.203979249,8.129363160, 2519,134.335,316.270,47.294,61.446
31500,-18.149592602,8.073054246, 2644,134.785,316.326,47.107,61.349
31560,-18.095205956,8.016745332, 2768,135.236,316.381,46.919,61.252
31620,-18.040819309,7.960436418, 2893,135.686,316.437,46.731,61.156
31680,-17.986432662,7.904127504, 3017,136.136,316.492,46.544,61.059
31740,-17.932046015,7.847818590, 3141,136.586,316.548,46.356,60.962
31800,-17.877659368,7.791509676, 3266,137.036,316.604,46.168,60.866
31860,-17.823272721,7.735200762, 3390,137.487,316.659,45.981,60.769
31920,-17.768886074,7.678891848, 3515,137.937,316.715,45.793,60.672
31980,-17.714499428,7.622582934, 3639,138.387,316.771,45.605,60.575
32040,-17.660112781,7.566274020, 3764,138.837,316.826,45.418,60.479
32100,-17.605726134,7.509965106, 3888,139.287,316.882,45.230,60.382
32160,-17.551339487,7.453656192, 4013,139.738,316.938,45.042,60.285
32220,-17.496952840,7.397347278, 4137,140.188,316.993,44.855,60.188
32280,-17.442566193,7.341038364, 4262,140.638,317.049,44.667,60.092
32340,-17.388179546,7.284729450, 4386,141.088,317.104,44.479,59.995
32400,-17.333131846,7.228160837, 4500,141.534,317.151,44.292,59.898
32460,-17.270972911,7.168798523, 4500,141.933,317.098,44.103,59.793
32520,-17.208813976,7.109436209, 4500,142.331,317.046,43.915,59.688
32580,-17.146655041,7.050073896, 4500,142.730,316.993,43.727,59.583
32640,-17.084496107,6.990711582, 4500,143.129,316.941,43.538,59.479
32700,-17.022337172,6.931349268, 4500,143.528,316.888,43.350,59.374
32760,-16.960178237,6.871986955, 4500,143.926,316.836,43.162,59.269
32820,-16.898019302,6.812624641, 4500,144.325,316.783,42.973,59.164
32880,-16.835860367,6.753262327, 4500,144.724,316.731,42.785,59.060
32940,-16.773701432,6.693900014, 4500,145.122,316.678,42.597,58.955
33000,-16.711542497,6.634537700, 4500,145.521,316.626,42.408,58.850
33060,-16.649383562,6.575175386, 4500,145.920,316.573,42.220,58.745
33120,-16.587224627,6.515813073, 4500,146.319,316.521,42.032,58.641
33180,-16.525065692,6.456450759, 4500,146.717,316.468,41.843,58.536
33240,-16.462906757,6.397088445, 4500,147.116,316.416,41.655,58.431
33300,-16.400747822,6.337726132, 4500,147.515,316.363,41.466,58.326
33360,-16.338588887,6.278363818, 4500,147.913,316.311,41.278,58.222
33420,-16.276429952,6.219001504, 4500,148.312,316.258,41.090,58.117
33480,-16.214271017,6.159639191, 4500,148.711,316.206,40.901,58.012
33540,-16.152112082,6.100276877, 4500,149.110,316.153,40.713,57.907
33600,-16.089953148,6.040914563, 4500,149.508,316.101,40.525,57.803
33660,-16.027794213,5.981552250, 4500,149.907,316.048,40.336,57.698
33720,-15.965635278,5.922189936, 4500,150.306,315.996,40.148,57.593
33780,-15.903476343,5.862827622, 4500,150.705,315.943,39.960,57.488
33840,-15.841317408,5.803465309, 4500,151.103,315.891,39.771,57.384
33900,-15.779158473,5.744102995, 4500,151.502,315.838,39.583,57.279
33960,-15.716999538,5.684740681, 4500,151.901,315.786,39.395,57.174
34020,-15.654840603,5.625378368, 4500,152.299,315.733,39.206,57.069
34080,-15.592681668,5.566016054, 4500,152.698,315.681,39.018,56.965
34140,-15.530522733,5.506653740, 4500,153.097,315.628,38.830,56.860
34200,-15.468363798,5.447291427, 4500,153.496,315.576,38.641,56.755
34260,-15.406204863,5.387929113, 4500,153.894,315.523,38.453,56.650
34320,-15.344045928,5.328566799, 4500,154.293,315.471,38.265,56.546
34380,-15.281886993,5.269204486, 4500,154.692,315.418,38.076,56.441
34440,-15.219728058,5.209842172, 4500,155.091,315.366,37.888,56.336
34500,-15.157569123,5.150479858, 4500,155.489,315.313,37.700,56.231
34560,-15.095410189,5.091117545, 4500,155.888,315.261,37.511,56.127
34620,-15.033251254,5.031755231, 4500,156.287,315.208,37.323,56.022
34680,-14.977656902,4.977127498, 4363,155.542,315.180,37.135,55.896
34740,-14.929613508,4.927945747, 4069,153.482,315.180,36.949,55.745
34800,-14.881570113,4.878763996, 3775,151.423,315.181,36.762,55.593
34860,-14.833526718,4.829582245, 3480,149.363,315.181,36.576,55.442
34920,-14.785483324,4.780400494, 3186,147.303,315.181,36.389,55.291
34980,-14.737439929,4.731218743, 2892,145.244,315.181,36.202,55.140
35040,-14.689396534,4.682036992, 2598,143.184,315.181,36.016,54.989
35100,-14.641353139,4.632855241, 2303,141.124,315.181,35.829,54.838
35160,-14.593309745,4.583673490, 2009,139.065,315.181,35.642,54.687
35220,-14.545266350,4.534491739, 1715,137.005,315.181,35.456,54.536
35280,-14.497222955,4.485309988, 1421,134.945,315.182,35.269,54.385
35340,-14.449179561,4.436128237, 1126,132.885,315.182,35.083,54.234
35400,-14.401136166,4.386946486,  832,130.826,315.182,34.896,54.082
35460,-14.353092771,4.337764736,  538,128.766,315.182,34.709,53.931
35520,-14.305049376,4.288582985,  244,126.706,315.182,34.523,53.780
35580,-14.254523635,4.237091717,  115,125.640,315.190,34.338,53.620
35640,-14.200209102,4.182075447,  240,126.090,315.208,34.157,53.445
35700,-14.145894569,4.127059178,  364,126.540,315.226,33.976,53.270
35760,-14.091580036,4.072042908,  489,126.990,315.245,33.794,53.096
35820,-14.037265503,4.017026639,  613,127.440,315.263,33.613,52.921
35880,-13.982950970,3.962010369,  737,127.891,315.282,33.432,52.746
35940,-13.928636437,3.906994099,  862,128.341,315.300,33.250,52.572
36000,-13.874321904,3.851977830,  986,128.791,315.319,33.069,52.397
36060,-13.820007370,3.796961560, 1111,129.241,315.337,32.887,52.222
36120,-13.765692837,3.741945290, 1235,129.691,315.356,32.706,52.048
36180,-13.711378304,3.686929021, 1360,130.141,315.374,32.525,51.873
36240,-13.657063771,3.631912751, 1484,130.591,315.393,32.343,51.698
36300,-13.602749238,3.576896482, 1608,131.041,315.411,32.162,51.524
36360,-13.548434705,3.521880212, 1733,131.491,315.429,31.981,51.349
36420,-13.494120172,3.466863942, 1857,131.941,315.448,31.799,51.174
36480,-13.439805639,3.411847673, 1982,132.391,315.466,31.618,51.000
36540,-13.385491106,3.356831403, 2106,132.841,315.485,31.437,50.825
36600,-13.331176573,3.301815133, 2231,133.292,315.503,31.255,50.650
36660,-13.276862040,3.246798864, 2355,133.742,315.522,31.074,50.476
36720,-13.222547507,3.191782594, 2479,134.192,315.540,30.892,50.301
36780,-13.168232974,3.136766325, 2604,134.642,315.559,30.711,50.126
36840,-13.113918441,3.081750055, 2728,135.092,315.577,30.530,49.951
36900,-13.059603907,3.026733785, 2853,135.542,315.596,30.348,49.777
36960,-13.005289374,2.971717516, 2977,135.992,315.614,30.167,49.602
37020,-12.950974841,2.916701246, 3102,136.442,315.632,29.986,49.427
37080,-12.896660308,2.861684976, 3226,136.892,315.651,29.804,49.253
37140,-12.842345775,2.806668707, 3351,137.342,315.669,29.623,49.078
37200,-12.788031242,2.751652437, 3475,137.792,315.688,29.442,48.903
37260,-12.733716709,2.696636168, 3599,138.242,315.706,29.260,48.729
37320,-12.679402176,2.641619898, 3724,138.693,315.725,29.079,48.554
37380,-12.625087643,2.586603628, 3848,139.143,315.743,28.898,48.379
37440,-12.570773110,2.531587359, 3973,139.593,315.762,28.716,48.205
37500,-12.516458577,2.476571089, 4097,140.043,315.780,28.535,48.030
37560,-12.462144044,2.421554819, 4222,140.493,315.799,28.353,47.855
37620,-12.407829511,2.366538550, 4346,140.943,315.817,28.172,47.681
37680,-12.353514978,2.311522280, 4470,141.393,315.835,27.991,47.506
37740,-12.294293583,2.252968487, 4500,141.797,312.265,27.817,47.277
37800,-12.233543381,2.193312525, 4500,142.186,307.576,27.645,47.030
37860,-12.172793178,2.133656562, 4500,142.575,302.887,27.473,46.784
37920,-12.112042975,2.074000599, 4500,142.965,298.198,27.301,46.538
37980,-12.051292772,2.014344636, 4500,143.354,293.510,27.129,46.291
38040,-11.990542569,1.954688673, 4500,143.743,288.821,26.957,46.045
38100,-11.929792366,1.895032710, 4500,144.133,284.132,26.785,45.799
38160,-11.869042163,1.835376748, 4500,144.522,279.443,26.614,45.552
38220,-11.808291960,1.775720785, 4500,144.911,274.754,26.442,45.306
38280,-11.747541757,1.716064822, 4500,145.301,270.065,26.270,45.060
38340,-11.686791554,1.656408859, 4500,145.690,265.377,26.098,44.813
38400,-11.626041351,1.596752896, 4500,146.079,260.688,25.926,44.567
38460,-11.565291149,1.537096933, 4500,146.469,255.999,25.754,44.321
38520,-11.504540946,1.477440971, 4500,146.858,251.310,25.582,44.074
38580,-11.443790743,1.417785008, 4500,147.247,246.621,25.410,43.828
38640,-11.383040540,1.358129045, 4500,147.637,241.932,25.239,43.582
38700,-11.322290337,1.298473082, 4500,148.026,237.244,25.067,43.335
38760,-11.261540134,1.238817119, 4500,148.415,232.555,24.895,43.089
38820,-11.200789931,1.179161156, 4500,148.805,227.866,24.723,42.843
38880,-11.140039728,1.119505194, 4500,149.194,223.177,24.551,42.597
38940,-11.079289525,1.059849231, 4500,149.583,218.488,24.379,42.350
39000,-11.018539322,1.000193268, 4500,149.973,213.799,24.207,42.104
39060,-10.957789119,0.940537305, 4500,150.362,209.110,24.035,41.858
39120,-10.897038917,0.880881342, 4500,150.751,204.422,23.864,41.611
39180,-10.836288714,0.821225379, 4500,151.141,199.733,23.692,41.365
