src/Components/missions/ORACLES/Plans/ORACLES-Flt-plan_p3_20160925_R0.ict
42, 1001
pz
NASA Ames Research Center
Simulated flight plan
ORACLES
1,1
2016,09,25,2016,09,25
60
Start_UTC, seconds from midnight UTC, time keeping
7
1,1,1,1,1,1,1
-9999,-9999,-9999,-9999,-9999,-9999,-9999
Latitude, Degrees (North positive), Planned latitude position of the aircraft
Longitude, Degrees (East positive), Planned longitude position of the aircraft
Altitude, meters (above sea level), Planned altitude of the aircraft
speed, meters per second (m/s), Estimated speed of aircraft
Bearing, degrees from north, Direction of travel of the plane per respect to north
SZA, degrees from zenith, Elevation position of the sun in the sky per respect to zenith
AZI, degrees from north, Azimuthal position of the sun in the sky per respect to north
1
Simulated aircraft data interpolated from flight plan waypoints
20
-----------------------------------------------------------------------------
PI_CONTACT_INFO: pz
PLATFORM: p3
LOCATION: N/A
ASSOCIATED_DATA: N/A
INSTRUMENT_INFO: None
DATA_INFO: Compiled with flight planner: moving lines v1.09
UNCERTAINTY: Undefined
ULOD_FLAG: -7777
ULOD_VALUE: N/A
LLOD_FLAG: -8888
LLOD_VALUE: N/A
DM_CONTACT_INFO: Samuel LeBlanc, samuel.leblanc@nasa.gov
PROJECT_INFO: ORACLES
STIPULATIONS_ON_USE: None
OTHER_COMMENTS: N/A
REVISION: RA
RA: First iteration of the flight plan
-----------------------------------------------------------------------------
Start_UTC,Latitude,Longitude,Altitude,speed,Bearing,SZA,AZI
[from data line 468]
53280,-19.191319666,9.191319666, 4809,153.809,137.330,55.169,282.462
53340,-19.251215681,9.251215681, 4749,153.749,137.350,55.468,282.355
53400,-19.311111697,9.311111697, 4689,153.689,137.371,55.767,282.249
53460,-19.371007713,9.371007713, 4629,153.629,137.391,56.065,282.143
53520,-19.430903728,9.430903728, 4569,153.569,137.411,56.364,282.036
53580,-19.490799744,9.490799744, 4509,153.509,137.432,56.663,281.930
53640,-19.550695760,9.550695760, 4449,153.449,137.452,56.962,281.824
53700,-19.610591775,9.610591775, 4389,153.389,137.472,57.260,281.717
53760,-19.670487791,9.670487791, 4330,153.330,137.493,57.559,281.611
53820,-19.730383807,9.730383807, 4270,153.270,137.513,57.858,281.505
53880,-19.790279822,9.790279822, 4210,153.210,137.533,58.156,281.398
53940,-19.850175838,9.850175838, 4150,153.150,137.554,58.455,281.292
54000,-19.910071853,9.910071853, 4090,153.090,137.574,58.754,281.185
54060,-19.969967869,9.969967869, 4030,153.030,137.594,59.053,281.079
54120,-20.027348285,10.027348285, 4018,152.881,137.174,59.346,280.973
54180,-20.082198930,10.082198930, 4055,152.644,136.309,59.633,280.866
54240,-20.137049574,10.137049574, 4091,152.406,135.445,59.921,280.759
54300,-20.191900219,10.191900219, 4128,152.168,134.580,60.209,280.652
54360,-20.246750863,10.246750863, 4165,151.931,133.716,60.497,280.545
54420,-20.301601507,10.301601507, 4201,151.693,132.851,60.784,280.438
54480,-20.356452152,10.356452152, 4238,151.455,131.987,61.072,280.332
54540,-20.411302796,10.411302796, 4274,151.218,131.122,61.360,280.225
54600,-20.466153441,10.466153441, 4311,150.980,130.258,61.647,280.118
54660,-20.521004085,10.521004085, 4347,150.742,129.393,61.935,280.011
54720,-20.575854730,10.575854730, 4384,150.505,128.529,62.223,279.904
54780,-20.630705374,10.630705374, 4420,150.267,127.664,62.511,279.798
54840,-20.685556019,10.685556019, 4457,150.029,126.800,62.798,279.691
54900,-20.740406663,10.740406663, 4494,149.792,125.935,63.086,279.584
54960,-20.795257307,10.795257307, 4530,149.554,125.070,63.374,279.477
55020,-20.850107952,10.850107952, 4567,149.316,124.206,63.661,279.370
55080,-20.904958596,10.904958596, 4603,149.079,123.341,63.949,279.263
55140,-20.959809241,10.959809241, 4640,148.841,122.477,64.237,279.157
55200,-21.014659885,11.014659885, 4676,148.603,121.612,64.525,279.050
55260,-21.069510530,11.069510530, 4713,148.365,120.748,64.812,278.943
55320,-21.124361174,11.124361174, 4750,148.128,119.883,65.100,278.836
55380,-21.179211819,11.179211819, 4786,147.890,119.019,65.388,278.729
55440,-21.234062463,11.234062463, 4823,147.652,118.154,65.675,278.623
55500,-21.288913107,11.288913107, 4859,147.415,117.290,65.963,278.516
55560,-21.343763752,11.343763752, 4896,147.177,116.425,66.251,278.409
55620,-21.398614396,11.398614396, 4932,146.939,115.561,66.538,278.302
55680,-21.453465041,11.453465041, 4969,146.702,114.696,66.826,278.195
55740,-21.508315685,11.508315685, 5006,146.464,113.832,67.114,278.089
55800,-21.563166330,11.563166330, 5042,146.226,112.967,67.402,277.982
55860,-21.618016974,11.618016974, 5079,145.989,112.103,67.689,277.875
55920,-21.672867618,11.672867618, 5115,145.751,111.238,67.977,277.768
55980,-21.727718263,11.727718263, 5152,145.513,110.374,68.265,277.661
56040,-21.782568907,11.782568907, 5188,145.276,109.509,68.552,277.554
56100,-21.837419552,11.837419552, 5225,145.038,108.645,68.840,277.448
56160,-21.892270196,11.892270196, 5262,144.800,107.780,69.128,277.341
56220,-21.947120841,11.947120841, 5298,144.562,106.916,69.416,277.234
56280,-22.001971485,12.001971485, 5335,144.325,106.051,69.703,277.127
56340,-22.056822130,12.056822130, 5371,144.087,105.187,69.991,277.020
56400,-22.111672774,12.111672774, 5408,143.849,104.322,70.279,276.914
56460,-22.166523418,12.166523418, 5444,143.612,103.458,70.566,276.807
56520,-22.221374063,12.221374063, 5481,143.374,102.593,70.854,276.700
56580,-22.276224707,12.276224707, 5517,143.136,101.729,71.142,276.593
56640,-22.331075352,12.331075352, 5554,142.899,100.864,71.430,276.486
56700,-22.385925996,12.385925996, 5591,142.661,100.000,71.717,276.379
56760,-22.440776641,12.440776641, 5627,142.423,99.135,72.005,276.273
56820,-22.495627285,12.495627285, 5664,142.186,98.271,72.293,276.166
56880,-22.550477929,12.550477929, 5700,141.948,97.406,72.580,276.059
56940,-22.605328574,12.605328574, 5737,141.710,96.542,72.868,275.952
57000,-22.660179218,12.660179218, 5773,141.473,95.677,73.156,275.845
57060,-22.715029863,12.715029863, 5810,141.235,94.813,73.443,275.739
57120,-22.769880507,12.769880507, 5847,140.997,93.948,73.731,275.632
57180,-22.824731152,12.824731152, 5883,140.759,93.084,74.019,275.525
57240,-22.879581796,12.879581796, 5920,140.522,92.219,74.307,275.418
57300,-22.934432441,12.934432441, 5956,140.284,91.355,74.594,275.311
57360,-22.989283085,12.989283085, 5993,140.046,90.490,74.882,275.204
57420,-23.000000000,13.059205490, 5787,139.484,90.298,75.176,275.078
57480,-23.000000000,13.132787745, 5523,138.843,90.270,75.471,274.947
57540,-23.000000000,13.206369999, 5259,138.202,90.241,75.767,274.816
57600,-23.000000000,13.279952253, 4995,137.560,90.212,76.062,274.686
57660,-23.000000000,13.353534508, 4731,136.919,90.183,76.357,274.555
57720,-23.000000000,13.427116762, 4467,136.278,90.154,76.653,274.424
57780,-23.000000000,13.500699016, 4203,135.637,90.126,76.948,274.293
57840,-23.000000000,13.574281271, 3939,134.996,90.097,77.243,274.162
57900,-23.000000000,13.647863525, 3674,134.354,90.068,77.539,274.031
57960,-23.000000000,13.721445779, 3410,133.713,90.039,77.834,273.900
58020,-23.000000000,13.795028033, 3146,133.072,90.011,78.129,273.769
58080,-23.000000000,13.868610288, 2882,132.431,89.982,78.425,273.638
58140,-23.000000000,13.942192542, 2618,131.789,89.953,78.720,273.507
58200,-23.000000000,14.015774796, 2354,131.148,89.924,79.015,273.377
58260,-23.000000000,14.089357051, 2090,130.507,89.896,79.311,273.246
58320,-23.000000000,14.162939305, 1825,129.866,89.867,79.606,273.115
58380,-23.000000000,14.236521559, 1561,129.225,89.838,79.902,272.984
58440,-23.000000000,14.310103814, 1297,128.583,89.809,80.197,272.853
58500,-23.000000000,14.383686068, 1033,127.942,89.781,80.492,272.722
58560,-23.000000000,14.457268322,  769,127.301,89.752,80.788,272.591
58620,-23.000000000,14.530850577,  505,126.660,89.723,81.083,272.460
58680,-23.000000000,14.604432831,  241,126.019,89.694,81.378,272.329
