src/Components/missions/ORACLES/Plans/ORACLES-Flt-plan_p3_20170824_RD.ict
43, 1001
pz
NASA Ames Research Center
Simulated flight plan
ORACLES-2017
1,1
2017,08,24,2017,08,24
60
Start_UTC, seconds from midnight UTC, time keeping
7
1,1,1,1,1,1,1
-9999,-9999,-9999,-9999,-9999,-9999,-9999
Latitude, Degrees (North positive), Planned latitude position of the aircraft
Longitude, Degrees (East positive), Planned longitude position of the aircraft
Altitude, meters (above sea level), Planned altitude of the aircraft
speed, meters per second (m/s), Estimated speed of aircraft
Bearing, degrees from north, Direction of travel of the plane per respect to north
SZA, degrees from zenith, Elevation position of the sun in the sky per respect to zenith
AZI, degrees from north, Azimuthal position of the sun in the sky per respect to north
1
Simulated aircraft data interpolated from flight plan waypoints
21
-----------------------------------------------------------------------------
PI_CONTACT_INFO: pz
PLATFORM: p3
LOCATION: N/A
ASSOCIATED_DATA: N/A
INSTRUMENT_INFO: None
DATA_INFO: Compiled with flight planner: moving lines v1.09
UNCERTAINTY: Undefined
ULOD_FLAG: -7777
ULOD_VALUE: N/A
LLOD_FLAG: -8888
LLOD_VALUE: N/A
DM_CONTACT_INFO: Samuel LeBlanc, samuel.leblanc@nasa.gov
PROJECT_INFO: ORACLES-2017
STIPULATIONS_ON_USE: None
OTHER_COMMENTS: N/A
REVISION: RD
RD: Version 4 of the flight plan ict 
  RA: First iteration of the flight plan
-----------------------------------------------------------------------------
Start_UTC,Latitude,Longitude,Altitude,speed,Bearing,SZA,AZI
[from data line 473]
57180,-2.884771960,5.000000000, 6000,146.440,360.000,63.808,286.994
57240,-2.801228154,5.000000000, 6000,147.485,360.000,64.023,286.908
57300,-2.717684348,5.000000000, 6000,148.529,360.000,64.237,286.821
57360,-2.634140542,5.000000000, 6000,149.573,360.000,64.451,286.734
57420,-2.550596736,5.000000000, 6000,150.618,360.000,64.666,286.647
57480,-2.467052930,5.000000000, 6000,151.662,360.000,64.880,286.561
57540,-2.383509124,5.000000000, 6000,152.706,360.000,65.095,286.474
57600,-2.299965318,5.000000000, 6000,153.750,360.000,65.309,286.387
57660,-2.216421512,5.000000000, 6000,154.795,360.000,65.523,286.301
57720,-2.166255591,5.000000000, 5759,153.168,360.000,65.749,286.241
57780,-2.124255591,5.000000000, 5459,150.888,360.000,65.978,286.187
57840,-2.082255591,5.000000000, 5159,148.608,360.000,66.206,286.134
57900,-2.040255591,5.000000000, 4859,146.328,360.000,66.435,286.081
57960,-1.998255591,5.000000000, 4559,144.048,360.000,66.663,286.028
58020,-1.956255591,5.000000000, 4259,141.768,360.000,66.892,285.974
58080,-1.914255591,5.000000000, 3959,139.488,360.000,67.120,285.921
58140,-1.872255591,5.000000000, 3659,137.208,360.000,67.349,285.868
58200,-1.830255591,5.000000000, 3359,134.928,360.000,67.577,285.814
58260,-1.788255591,5.000000000, 3059,132.648,360.000,67.806,285.761
58320,-1.746255591,5.000000000, 2759,130.368,360.000,68.034,285.708
58380,-1.704255591,5.000000000, 2459,128.088,360.000,68.263,285.654
58440,-1.662255591,5.000000000, 2159,125.808,360.000,68.491,285.601
58500,-1.620255591,5.000000000, 1859,123.528,360.000,68.720,285.548
58560,-1.578255591,5.000000000, 1559,121.248,360.000,68.949,285.495
58620,-1.536255591,5.000000000, 1259,118.968,360.000,69.177,285.441
58680,-1.492873032,5.000000000, 1000,117.000,358.717,69.405,285.390
58740,-1.440764509,5.000000000, 1000,117.000,349.338,69.633,285.351
58800,-1.388655986,5.000000000, 1000,117.000,339.958,69.861,285.312
58860,-1.336547463,5.000000000, 1000,117.000,330.579,70.089,285.272
58920,-1.284438941,5.000000000, 1000,117.000,321.199,70.316,285.233
58980,-1.232330418,5.000000000, 1000,117.000,311.819,70.544,285.194
59040,-1.180221895,5.000000000, 1000,117.000,302.440,70.772,285.155
59100,-1.128113372,5.000000000, 1000,117.000,293.060,70.999,285.116
59160,-1.076004850,5.000000000, 1000,117.000,283.681,71.227,285.077
59220,-1.023896327,5.000000000, 1000,117.000,274.301,71.455,285.037
59280,-0.971787804,5.000000000, 1000,117.000,264.922,71.683,284.998
59340,-0.919679282,5.000000000, 1000,117.000,255.542,71.910,284.959
59400,-0.867570759,5.000000000, 1000,117.000,246.163,72.138,284.920
59460,-0.815462236,5.000000000, 1000,117.000,236.783,72.366,284.881
59520,-0.763353713,5.000000000, 1000,117.000,227.404,72.593,284.842
59580,-0.711245191,5.000000000, 1000,117.000,218.024,72.821,284.803
59640,-0.659136668,5.000000000, 1000,117.000,208.645,73.049,284.763
59700,-0.607028145,5.000000000, 1000,117.000,199.265,73.277,284.724
59760,-0.554919622,5.000000000, 1000,117.000,189.886,73.504,284.685
59820,-0.502811100,5.000000000, 1000,117.000,180.506,73.732,284.646
59880,-0.450702577,5.000000000, 1000,117.000,171.126,73.960,284.607
59940,-0.398594054,5.000000000, 1000,117.000,161.747,74.187,284.568
60000,-0.346485531,5.000000000, 1000,117.000,152.367,74.415,284.529
60060,-0.294377009,5.000000000, 1000,117.000,142.988,74.643,284.489
60120,-0.242268486,5.000000000, 1000,117.000,133.608,74.870,284.450
60180,-0.190159963,5.000000000, 1000,117.000,124.229,75.098,284.411
60240,-0.138051440,5.000000000, 1000,117.000,114.849,75.326,284.372
60300,-0.085942918,5.000000000, 1000,117.000,105.470,75.554,284.333
60360,-0.033834395,5.000000000, 1000,117.000,96.090,75.781,284.294
60420,0.000000000,5.022115477, 1000,117.000,89.157,76.035,284.262
60480,0.000000000,5.085177576, 1000,117.000,86.752,76.337,284.244
60540,0.000000000,5.148239675, 1000,117.000,84.347,76.639,284.226
60600,0.000000000,5.211301774, 1000,117.000,81.942,76.941,284.208
60660,0.000000000,5.274363873, 1000,117.000,79.537,77.243,284.190
60720,0.000000000,5.337425971, 1000,117.000,77.132,77.545,284.172
60780,0.000000000,5.400488070, 1000,117.000,74.727,77.847,284.154
60840,0.008212452,5.460704635,  980,116.862,73.487,78.144,284.139
60900,0.025164712,5.517892941,  940,116.578,73.487,78.434,284.126
60960,0.042116973,5.575081248,  899,116.294,73.488,78.725,284.113
61020,0.059069234,5.632269555,  859,116.010,73.488,79.016,284.100
61080,0.076021495,5.689457861,  818,115.726,73.488,79.306,284.087
61140,0.092973756,5.746646168,  777,115.442,73.488,79.597,284.074
61200,0.109926017,5.803834474,  737,115.158,73.488,79.888,284.061
61260,0.126878277,5.861022781,  696,114.874,73.489,80.178,284.048
61320,0.143830538,5.918211088,  656,114.590,73.489,80.469,284.035
61380,0.160782799,5.975399394,  615,114.305,73.489,80.760,284.022
61440,0.177735060,6.032587701,  574,114.021,73.489,81.050,284.009
61500,0.194687321,6.089776007,  534,113.737,73.489,81.341,283.995
61560,0.211639582,6.146964314,  493,113.453,73.489,81.632,283.982
61620,0.228591842,6.204152621,  453,113.169,73.490,81.922,283.969
61680,0.245544103,6.261340927,  412,112.885,73.490,82.213,283.956
61740,0.262496364,6.318529234,  372,112.601,73.490,82.504,283.943
61800,0.279448625,6.375717540,  331,112.317,73.490,82.794,283.930
61860,0.296400886,6.432905847,  290,112.033,73.490,83.085,283.917
61920,0.313353147,6.490094154,  250,111.749,73.491,83.376,283.904
61980,0.330305408,6.547282460,  209,111.464,73.491,83.666,283.891
62040,0.347257668,6.604470767,  169,111.180,73.491,83.957,283.878
62100,0.364209929,6.661659073,  128,110.896,73.491,84.248,283.865
