src/Components/missions/ORACLES/Plans/ORACLES-Flt-plan_p3_20170819_RC.ict
43, 1001
jredeman
NASA Ames Research Center
Simulated flight plan
ORACLES
1,1
2017,08,19,2017,08,19
60
Start_UTC, seconds from midnight UTC, time keeping
7
1,1,1,1,1,1,1
-9999,-9999,-9999,-9999,-9999,-9999,-9999
Latitude, Degrees (North positive), Planned latitude position of the aircraft
Longitude, Degrees (East positive), Planned longitude position of the aircraft
Altitude, meters (above sea level), Planned altitude of the aircraft
speed, meters per second (m/s), Estimated speed of aircraft
Bearing, degrees from north, Direction of travel of the plane per respect to north
SZA, degrees from zenith, Elevation position of the sun in the sky per respect to zenith
AZI, degrees from north, Azimuthal position of the sun in the sky per respect to north
1
Simulated aircraft data interpolated from flight plan waypoints
21
-----------------------------------------------------------------------------
PI_CONTACT_INFO: jredeman
PLATFORM: p3
LOCATION: N/A
ASSOCIATED_DATA: N/A
INSTRUMENT_INFO: None
DATA_INFO: Compiled with flight planner: moving lines v1.2
UNCERTAINTY: Undefined
ULOD_FLAG: -7777
ULOD_VALUE: N/A
LLOD_FLAG: -8888
LLOD_VALUE: N/A
DM_CONTACT_INFO: Samuel LeBlanc, samuel.leblanc@nasa.gov
PROJECT_INFO: ORACLES
STIPULATIONS_ON_USE: None
OTHER_COMMENTS: N/A
REVISION: RC
RC: Version 3 of the flight plan ict 
  RA: First iteration of the flight plan
-----------------------------------------------------------------------------
Start_UTC,Latitude,Longitude,Altitude,speed,Bearing,SZA,AZI
[from data line 238]
39480,3.000000000,-7.320951525, 2500,117.263,175.725,25.695,65.008
39540,3.000000000,-7.252135696, 2500,118.836,204.034,25.407,64.734
39600,3.000000000,-7.183319867, 2500,120.408,232.343,25.120,64.460
39660,3.000000000,-7.114504039, 2500,121.981,260.652,24.832,64.186
39720,3.000000000,-7.045688210, 2500,123.554,288.961,24.545,63.913
39780,3.000000000,-6.976872381, 2500,125.126,317.269,24.258,63.639
39840,3.000000000,-6.908056553, 2500,126.699,345.578,23.970,63.365
39900,3.000000000,-6.872998897, 2647,128.116,346.686,23.716,63.095
39960,3.000000000,-6.872998897, 2947,129.372,319.545,23.495,62.827
40020,3.000000000,-6.872998897, 3247,130.627,292.404,23.275,62.560
40080,3.000000000,-6.872998897, 3547,131.883,265.263,23.055,62.293
40140,3.000000000,-6.872998897, 3847,133.139,238.122,22.835,62.026
40200,3.000000000,-6.872998897, 4147,134.394,210.980,22.614,61.759
40260,3.000000000,-6.872998897, 4447,135.650,183.839,22.394,61.492
40320,3.000000000,-6.872998897, 4747,136.906,156.698,22.174,61.225
40380,3.000000000,-6.872998897, 5047,138.162,129.557,21.954,60.958
40440,3.000000000,-6.872998897, 5347,139.417,102.416,21.733,60.691
40500,3.000000000,-6.828166911, 5486,140.098,91.582,21.575,62.274
40560,3.000000000,-6.744508316, 5486,140.280,94.871,21.470,65.460
40620,3.000000000,-6.660849722, 5486,140.463,98.160,21.366,68.646
40680,3.000000000,-6.577191127, 5486,140.646,101.448,21.261,71.831
40740,3.000000000,-6.493532532, 5486,140.828,104.737,21.157,75.017
40800,3.000000000,-6.409873938, 5486,141.011,108.026,21.052,78.203
40860,3.000000000,-6.326215343, 5486,141.193,111.314,20.948,81.388
40920,3.000000000,-6.242556748, 5486,141.376,114.603,20.843,84.574
40980,3.000000000,-6.158898154, 5486,141.558,117.891,20.738,87.760
41040,3.000000000,-6.075239559, 5486,141.741,121.180,20.634,90.946
41100,3.000000000,-5.991580964, 5486,141.924,124.469,20.529,94.131
41160,3.000000000,-5.907922370, 5486,142.106,127.757,20.425,97.317
41220,3.000000000,-5.824263775, 5486,142.289,131.046,20.320,100.503
41280,3.000000000,-5.740605180, 5486,142.471,134.335,20.216,103.689
41340,3.000000000,-5.656946586, 5486,142.654,137.623,20.111,106.874
41400,3.000000000,-5.573287991, 5486,142.837,140.912,20.006,110.060
41460,3.000000000,-5.489629396, 5486,143.019,144.201,19.902,113.246
41520,3.000000000,-5.405970802, 5486,143.202,147.489,19.797,116.431
41580,3.000000000,-5.322312207, 5486,143.384,150.778,19.693,119.617
41640,3.000000000,-5.238653612, 5486,143.567,154.067,19.588,122.803
41700,3.000000000,-5.154995018, 5486,143.749,157.355,19.483,125.989
41760,3.000000000,-5.071336423, 5486,143.932,160.644,19.379,129.174
41820,3.000000000,-4.987677828, 5486,144.115,163.933,19.274,132.360
41880,3.000000000,-4.904019234, 5486,144.297,167.221,19.170,135.546
41940,3.000000000,-4.820360639, 5486,144.480,170.510,19.065,138.732
42000,3.000000000,-4.736702044, 5486,144.662,173.799,18.961,141.917
42060,3.000000000,-4.653043450, 5486,144.845,177.087,18.856,145.103
42120,3.000000000,-4.569384855, 5486,145.028,180.376,18.751,148.289
42180,3.000000000,-4.485726261, 5486,145.210,183.664,18.647,151.474
42240,3.000000000,-4.402067666, 5486,145.393,186.953,18.542,154.660
42300,3.000000000,-4.318409071, 5486,145.575,190.242,18.438,157.846
42360,3.000000000,-4.234750477, 5486,145.758,193.530,18.333,161.032
42420,3.000000000,-4.151091882, 5486,145.940,196.819,18.229,164.217
42480,3.000000000,-4.067433287, 5486,146.123,200.108,18.124,167.403
42540,3.000000000,-3.983774693, 5486,146.306,203.396,18.019,170.589
42600,3.000000000,-3.900116098, 5486,146.488,206.685,17.915,173.775
42660,3.000000000,-3.816457503, 5486,146.671,209.974,17.810,176.960
42720,3.000000000,-3.732798909, 5486,146.853,213.262,17.706,180.146
42780,3.000000000,-3.649140314, 5486,147.036,216.551,17.601,183.332
42840,3.000000000,-3.565481719, 5486,147.219,219.840,17.496,186.517
42900,3.000000000,-3.481823125, 5486,147.401,223.128,17.392,189.703
42960,3.000000000,-3.398164530, 5486,147.584,226.417,17.287,192.889
43020,3.000000000,-3.314505935, 5486,147.766,229.706,17.183,196.075
43080,3.000000000,-3.230847341, 5486,147.949,232.994,17.078,199.260
43140,3.000000000,-3.147188746, 5486,148.131,236.283,16.974,202.446
43200,3.000000000,-3.063530151, 5486,148.314,239.572,16.869,205.632
43260,3.000000000,-2.979871557, 5486,148.497,242.860,16.764,208.818
43320,3.000000000,-2.896212962, 5486,148.679,246.149,16.660,212.003
43380,3.000000000,-2.812554367, 5486,148.862,249.437,16.555,215.189
43440,3.000000000,-2.728895773, 5486,149.044,252.726,16.451,218.375
43500,3.000000000,-2.645237178, 5486,149.227,256.015,16.346,221.560
43560,3.000000000,-2.561578583, 5486,149.409,259.303,16.242,224.746
43620,3.000000000,-2.477919989, 5486,149.592,262.592,16.137,227.932
43680,3.000000000,-2.394261394, 5486,149.775,265.881,16.032,231.118
43740,3.000000000,-2.310602799, 5486,149.957,269.169,15.928,234.303
43800,3.000000000,-2.226944205, 5486,150.140,272.458,15.823,237.489
43860,3.000000000,-2.143285610, 5486,150.322,275.747,15.719,240.675
43920,3.000000000,-2.059627015, 5486,150.505,279.035,15.614,243.861
43980,3.000000000,-1.975968421, 5486,150.688,282.324,15.509,247.046
44040,3.000000000,-1.892309826, 5486,150.870,285.613,15.405,250.232
44100,3.000000000,-1.808651231, 5486,151.053,288.901,15.300,253.418
44160,3.000000000,-1.724992637, 5486,151.235,292.190,15.196,256.603
44220,3.000000000,-1.641334042, 5486,151.418,295.479,15.091,259.789
44280,3.000000000,-1.557675447, 5486,151.600,298.767,14.987,262.975
44340,3.000000000,-1.474016853, 5486,151.783,302.056,14.882,266.161
44400,3.000000000,-1.390358258, 5486,151.966,305.345,14.777,269.346
44460,3.000000000,-1.306699663, 5486,152.148,308.633,14.673,272.532
44520,3.000000000,-1.223041069, 5486,152.331,311.922,14.568,275.718
44580,3.000000000,-1.139382474, 5486,152.513,315.210,14.464,278.903
44640,3.000000000,-1.055723879, 5486,152.696,318.499,14.359,282.089
44700,3.000000000,-0.972065285, 5486,152.879,321.788,14.255,285.275
44760,3.000000000,-0.888406690, 5486,153.061,325.076,14.150,288.461
44820,3.000000000,-0.804748096, 5486,153.244,328.365,14.045,291.646
44880,3.000000000,-0.721089501, 5486,153.426,331.654,13.941,294.832
44940,3.000000000,-0.637430906, 5486,153.609,334.942,13.836,298.018
45000,3.000000000,-0.553772312, 5486,153.791,338.231,13.732,301.204
45060,3.000000000,-0.470113717, 5486,153.974,341.520,13.627,304.389
45120,3.000000000,-0.386455122, 5486,154.157,344.808,13.522,307.575
45180,3.000000000,-0.302796528, 5486,154.339,348.097,13.418,310.761
45240,3.000000000,-0.219137933, 5486,154.522,351.386,13.313,313.946
45300,3.000000000,-0.135479338, 5486,154.704,354.674,13.209,317.132
45360,3.000000000,-0.051820744, 5486,154.887,357.963,13.104,320.318
45420,3.000000000,0.000000000, 5372,154.060,358.074,13.105,322.032
45480,3.000000000,0.000000000, 5072,151.589,353.013,13.279,321.350
45540,3.000000000,0.000000000, 4772,149.118,347.952,13.452,320.668
45600,3.000000000,0.000000000, 4472,146.647,342.891,13.626,319.987
45660,3.000000000,0.000000000, 4172,144.176,337.830,13.799,319.305
45720,3.000000000,0.000000000, 3872,141.705,332.769,13.973,318.623
45780,3.000000000,0.000000000, 3572,139.234,327.708,14.146,317.942
45840,3.000000000,0.000000000, 3272,136.763,322.647,14.320,317.260
45900,3.000000000,0.000000000, 2972,134.292,317.586,14.493,316.578
45960,3.000000000,0.000000000, 2672,131.821,312.525,14.666,315.897
46020,3.000000000,0.000000000, 2372,129.350,307.464,14.840,315.215
46080,3.000000000,0.000000000, 2072,126.879,302.403,15.013,314.533
46140,3.000000000,0.000000000, 1772,124.408,297.342,15.187,313.851
46200,3.000000000,0.000000000, 1472,121.938,292.281,15.360,313.170
46260,3.000000000,0.000000000, 1172,119.467,287.220,15.534,312.488
46320,3.000000000,0.000000000,  872,116.996,282.159,15.707,311.806
46380,3.000000000,0.000000000,  572,114.525,277.098,15.881,311.125
46440,3.000000000,0.000000000,  272,112.054,272.037,16.054,310.443
46500,3.000000000,-0.036001915,  152,111.067,275.375,16.213,309.943
46560,3.000000000,-0.095948220,  152,111.067,284.299,16.362,309.565
46620,3.000000000,-0.155894525,  152,111.067,293.223,16.511,309.187
46680,3.000000000,-0.215840830,  152,111.067,302.146,16.660,308.809
46740,3.000000000,-0.275787135,  152,111.067,311.070,16.809,308.431
46800,3.000000000,-0.335733439,  152,111.067,319.994,16.958,308.052
46860,3.000000000,-0.395679744,  152,111.067,328.917,17.107,307.674
46920,3.000000000,-0.455626049,  152,111.067,337.841,17.255,307.296
46980,3.000000000,-0.515572354,  152,111.067,346.765,17.404,306.918
47040,3.000000000,-0.575518658,  152,111.067,355.688,17.553,306.540
47100,3.000000000,-0.604482217,  307,110.456,329.476,17.731,306.134
47160,3.000000000,-0.604482217,  607,109.276,270.418,17.935,305.703
47220,3.000000000,-0.604482217,  907,108.095,211.359,18.139,305.272
47280,3.000000000,-0.604482217, 1207,106.914,152.301,18.343,304.841
47340,3.000000000,-0.604482217, 1507,105.733,93.243,18.547,304.410
47400,3.000000000,-0.542946213, 1524,107.273,118.877,18.809,303.957
47460,3.000000000,-0.477817834, 1524,108.972,149.455,19.075,303.503
47520,3.000000000,-0.412689454, 1524,110.670,180.034,19.341,303.049
47580,3.000000000,-0.347561075, 1524,112.369,210.612,19.607,302.595
47640,3.000000000,-0.282432695, 1524,114.068,241.191,19.873,302.141
47700,3.000000000,-0.217304316, 1524,115.767,271.769,20.139,301.686
47760,3.000000000,-0.152175936, 1524,117.465,302.347,20.404,301.232
47820,3.000000000,-0.087047557, 1524,119.164,332.926,20.670,300.778
47880,3.000000000,-0.029382986, 1558,120.380,350.488,20.930,300.341
47940,3.000000000,-0.029382986, 1858,117.870,267.491,21.147,300.034
48000,3.000000000,-0.029382986, 2158,115.359,184.494,21.363,299.727
48060,3.000000000,-0.029382986, 2458,112.848,101.497,21.579,299.420
48120,3.000000000,0.029885895, 2500,113.854,114.351,21.851,299.090
48180,3.000000000,0.098701724, 2500,115.425,142.645,22.133,298.756
48240,3.000000000,0.167517552, 2500,116.997,170.938,22.414,298.422
48300,3.000000000,0.236333381, 2500,118.569,199.232,22.696,298.088
48360,3.000000000,0.305149210, 2500,120.141,227.526,22.977,297.754
48420,3.000000000,0.373965038, 2500,121.713,255.819,23.258,297.420
48480,3.000000000,0.442780867, 2500,123.284,284.113,23.540,297.085
48540,3.000000000,0.511596695, 2500,124.856,312.406,23.821,296.751
48600,3.000000000,0.580412524, 2500,126.428,340.700,24.103,296.417
48660,3.000000000,0.627353777, 2595,127.899,351.377,24.367,296.122
48720,3.000000000,0.627353777, 2895,129.155,324.251,24.593,295.912
48780,3.000000000,0.627353777, 3195,130.411,297.124,24.819,295.701
48840,3.000000000,0.627353777, 3495,131.666,269.998,25.045,295.490
48900,3.000000000,0.627353777, 3795,132.922,242.871,25.271,295.279
48960,3.000000000,0.627353777, 4095,134.178,215.744,25.498,295.068
49020,3.000000000,0.627353777, 4395,135.433,188.618,25.724,294.857
49080,3.000000000,0.627353777, 4695,136.689,161.491,25.950,294.647
49140,3.000000000,0.627353777, 4995,137.945,134.365,26.176,294.436
49200,3.000000000,0.627353777, 5295,139.200,107.238,26.402,294.225
49260,3.000000000,0.657738966, 5486,140.332,95.942,26.658,294.014
49320,3.000000000,0.741397428, 5486,141.246,112.399,26.967,293.803
49380,3.000000000,0.825055891, 5486,142.160,128.857,27.275,293.592
49440,3.000000000,0.908714353, 5486,143.075,145.315,27.583,293.381
49500,3.000000000,0.992372816, 5486,143.989,161.773,27.891,293.170
49560,3.000000000,1.076031278, 5486,144.903,178.231,28.199,292.959
49620,3.000000000,1.159689741, 5486,145.817,194.689,28.507,292.748
49680,3.000000000,1.243348204, 5486,146.731,211.147,28.815,292.537
49740,3.000000000,1.327006666, 5486,147.646,227.604,29.123,292.326
49800,3.000000000,1.410665129, 5486,148.560,244.062,29.431,292.115
49860,3.000000000,1.494323591, 5486,149.474,260.520,29.739,291.904
49920,3.000000000,1.577982054, 5486,150.388,276.978,30.048,291.693
49980,3.000000000,1.661640516, 5486,151.302,293.436,30.356,291.482
50040,3.000000000,1.745298979, 5486,152.217,309.894,30.664,291.271
50100,3.000000000,1.828957441, 5486,153.131,326.351,30.972,291.060
50160,3.000000000,1.912615904, 5486,154.045,342.809,31.280,290.849
50220,3.000000000,1.996274366, 5486,154.959,359.267,31.588,290.638
50280,2.943529190,2.056470810, 5486,155.000,147.710,31.898,290.570
50340,2.884426301,2.115573699, 5486,155.000,161.008,32.208,290.508
50400,2.825323412,2.174676588, 5486,155.000,174.306,32.518,290.447
50460,2.766220524,2.233779476, 5486,155.000,187.604,32.829,290.385
50520,2.707117635,2.292882365, 5486,155.000,200.902,33.139,290.324
50580,2.648014746,2.351985254, 5486,155.000,214.200,33.449,290.262
50640,2.588911857,2.411088143, 5486,155.000,227.497,33.759,290.201
50700,2.529808968,2.470191032, 5486,155.000,240.795,34.069,290.139
50760,2.470706079,2.529293921, 5486,155.000,254.093,34.379,290.078
50820,2.411603190,2.588396810, 5486,155.000,267.391,34.689,290.016
50880,2.352500301,2.647499699, 5486,155.000,280.689,35.000,289.955
50940,2.293397412,2.706602588, 5486,155.000,293.987,35.310,289.894
51000,2.234294523,2.765705477, 5486,155.000,307.285,35.620,289.832
51060,2.175191634,2.824808366, 5486,155.000,320.583,35.930,289.771
51120,2.116088745,2.883911255, 5486,155.000,333.881,36.240,289.709
51180,2.056985856,2.943014144, 5486,155.000,347.178,36.550,289.648
51240,2.000000000,3.000000000, 5476,154.912,359.911,36.858,289.585
51300,2.000000000,3.000000000, 5176,152.447,357.434,37.094,289.494
51360,2.000000000,3.000000000, 4876,149.982,354.956,37.331,289.403
51420,2.000000000,3.000000000, 4576,147.518,352.478,37.567,289.312
51480,2.000000000,3.000000000, 4276,145.053,350.001,37.804,289.221
51540,2.000000000,3.000000000, 3976,142.588,347.523,38.040,289.130
51600,2.000000000,3.000000000, 3676,140.124,345.045,38.277,289.040
51660,2.000000000,3.000000000, 3376,137.659,342.568,38.513,288.949
51720,2.000000000,3.000000000, 3076,135.194,340.090,38.749,288.858
51780,2.000000000,3.000000000, 2776,132.730,337.612,38.986,288.767
51840,2.000000000,3.000000000, 2476,130.265,335.135,39.222,288.676
51900,2.000000000,3.000000000, 2176,127.800,332.657,39.459,288.585
51960,2.000000000,3.000000000, 1876,125.336,330.179,39.695,288.494
52020,2.000000000,3.000000000, 1576,122.871,327.702,39.932,288.403
52080,2.000000000,3.000000000, 1276,120.406,325.224,40.168,288.312
52140,2.000000000,3.000000000,  976,117.941,322.746,40.405,288.221
52200,2.000000000,3.000000000,  676,115.477,320.269,40.641,288.130
52260,2.000000000,3.000000000,  376,113.012,317.791,40.878,288.039
52320,2.000000000,3.000000000,   76,110.547,315.313,41.114,287.948
52380,2.036191761,2.964006808,   61,110.427,317.919,41.308,287.849
52440,2.074247492,2.926159873,   61,110.427,320.787,41.499,287.750
52500,2.112303222,2.888312939,   61,110.427,323.655,41.691,287.651
52560,2.150358952,2.850466004,   61,110.427,326.523,41.882,287.551
52620,2.188414683,2.812619070,   61,110.427,329.391,42.073,287.452
52680,2.226470413,2.774772135,   61,110.427,332.259,42.265,287.353
52740,2.264526143,2.736925201,   61,110.427,335.126,42.456,287.253
52800,2.302581873,2.699078266,   61,110.427,337.994,42.647,287.154
52860,2.340637604,2.661231332,   61,110.427,340.862,42.839,287.055
52920,2.378693334,2.623384397,   61,110.427,343.730,43.030,286.955
52980,2.416749064,2.585537463,   61,110.427,346.598,43.222,286.856
53040,2.454804795,2.547690529,   61,110.427,349.466,43.413,286.756
53100,2.492860525,2.509843594,   61,110.427,352.333,43.604,286.657
53160,2.530916255,2.471996660,   61,110.427,355.201,43.796,286.558
53220,2.568971985,2.434149725,   61,110.427,358.069,43.987,286.458
53280,2.594595073,2.408667221,  135,110.173,348.410,44.194,286.372
53340,2.594595073,2.408667221,  362,109.395,312.934,44.434,286.313
53400,2.594595073,2.408667221,  589,108.618,277.458,44.673,286.254
53460,2.594595073,2.408667221,  816,107.841,241.981,44.913,286.195
53520,2.594595073,2.408667221, 1043,107.063,206.505,45.152,286.137
53580,2.594595073,2.408667221, 1270,106.286,171.029,45.392,286.078
53640,2.594595073,2.408667221, 1498,105.508,135.553,45.631,286.019
