src/Components/missions/ORACLES/Plans/ORACLES-Flt-plan_p3_20170826_RG.ict
43, 1001
jredeman
NASA Ames Research Center
Simulated flight plan
ORACLES
1,1
2017,08,26,2017,08,26
60
Start_UTC, seconds from midnight UTC, time keeping
7
1,1,1,1,1,1,1
-9999,-9999,-9999,-9999,-9999,-9999,-9999
Latitude, Degrees (North positive), Planned latitude position of the aircraft
Longitude, Degrees (East positive), Planned longitude position of the aircraft
Altitude, meters (above sea level), Planned altitude of the aircraft
speed, meters per second (m/s), Estimated speed of aircraft
Bearing, degrees from north, Direction of travel of the plane per respect to north
SZA, degrees from zenith, Elevation position of the sun in the sky per respect to zenith
AZI, degrees from north, Azimuthal position of the sun in the sky per respect to north
1
Simulated aircraft data interpolated from flight plan waypoints
21
-----------------------------------------------------------------------------
PI_CONTACT_INFO: jredeman
PLATFORM: p3
LOCATION: N/A
ASSOCIATED_DATA: N/A
INSTRUMENT_INFO: None
DATA_INFO: Compiled with flight planner: moving lines v1.2
UNCERTAINTY: Undefined
ULOD_FLAG: -7777
ULOD_VALUE: N/A
LLOD_FLAG: -8888
LLOD_VALUE: N/A
DM_CONTACT_INFO: Samuel LeBlanc, samuel.leblanc@nasa.gov
PROJECT_INFO: ORACLES
STIPULATIONS_ON_USE: None
OTHER_COMMENTS: N/A
REVISION: RG
RG: Version 7 of the flight plan ict 
  RA: First iteration of the flight plan
-----------------------------------------------------------------------------
Start_UTC,Latitude,Longitude,Altitude,speed,Bearing,SZA,AZI
[from data line 242]
43320,-2.000000000,4.708510607, 5486,155.000,236.026,17.973,100.212
43380,-2.000000000,4.700932695, 5486,155.000,235.144,18.101,102.291
43440,-2.000000000,4.693354783, 5486,155.000,234.261,18.229,104.371
43500,-2.000000000,4.685776872, 5486,155.000,233.378,18.356,106.450
43560,-2.000000000,4.678198960, 5486,155.000,232.495,18.484,108.529
43620,-2.000000000,4.670621048, 5486,155.000,231.613,18.612,110.608
43680,-2.000000000,4.663043136, 5486,155.000,230.730,18.739,112.688
43740,-2.000000000,4.655465225, 5486,155.000,229.847,18.867,114.767
43800,-2.000000000,4.647887313, 5486,155.000,228.964,18.995,116.846
43860,-2.000000000,4.640309401, 5486,155.000,228.082,19.123,118.925
43920,-2.000000000,4.632731489, 5486,155.000,227.199,19.250,121.005
43980,-2.000000000,4.625153578, 5486,155.000,226.316,19.378,123.084
44040,-2.000000000,4.617575666, 5486,155.000,225.433,19.506,125.163
44100,-2.000000000,4.609997754, 5486,155.000,224.551,19.633,127.243
44160,-2.000000000,4.602419842, 5486,155.000,223.668,19.761,129.322
44220,-2.000000000,4.594841931, 5486,155.000,222.785,19.889,131.401
44280,-2.000000000,4.587264019, 5486,155.000,221.902,20.017,133.480
44340,-2.000000000,4.579686107, 5486,155.000,221.019,20.144,135.560
44400,-2.000000000,4.572108195, 5486,155.000,220.137,20.272,137.639
44460,-2.000000000,4.564530284, 5486,155.000,219.254,20.400,139.718
44520,-2.000000000,4.556952372, 5486,155.000,218.371,20.527,141.798
44580,-2.000000000,4.549374460, 5486,155.000,217.488,20.655,143.877
44640,-2.000000000,4.541796549, 5486,155.000,216.606,20.783,145.956
44700,-2.000000000,4.534218637, 5486,155.000,215.723,20.911,148.035
44760,-2.000000000,4.526640725, 5486,155.000,214.840,21.038,150.115
44820,-2.000000000,4.519062813, 5486,155.000,213.957,21.166,152.194
44880,-2.000000000,4.511484902, 5486,155.000,213.075,21.294,154.273
44940,-2.000000000,4.503906990, 5486,155.000,212.192,21.421,156.352
45000,-2.000000000,4.496329078, 5486,155.000,211.309,21.549,158.432
45060,-2.000000000,4.488751166, 5486,155.000,210.426,21.677,160.511
45120,-2.000000000,4.481173255, 5486,155.000,209.544,21.805,162.590
45180,-2.000000000,4.473595343, 5486,155.000,208.661,21.932,164.670
45240,-2.000000000,4.466017431, 5486,155.000,207.778,22.060,166.749
45300,-2.000000000,4.458439519, 5486,155.000,206.895,22.188,168.828
45360,-2.000000000,4.450861608, 5486,155.000,206.012,22.315,170.907
45420,-2.000000000,4.443283696, 5486,155.000,205.130,22.443,172.987
45480,-2.000000000,4.435705784, 5486,155.000,204.247,22.571,175.066
45540,-2.000000000,4.428127872, 5486,155.000,203.364,22.699,177.145
45600,-2.000000000,4.420549961, 5486,155.000,202.481,22.826,179.225
45660,-2.000000000,4.412972049, 5486,155.000,201.599,22.954,181.304
45720,-2.000000000,4.405394137, 5486,155.000,200.716,23.082,183.383
45780,-2.000000000,4.397816225, 5486,155.000,199.833,23.209,185.462
45840,-2.000000000,4.390238314, 5486,155.000,198.950,23.337,187.542
45900,-2.000000000,4.382660402, 5486,155.000,198.068,23.465,189.621
45960,-2.000000000,4.375082490, 5486,155.000,197.185,23.593,191.700
46020,-2.000000000,4.367504578, 5486,155.000,196.302,23.720,193.779
46080,-2.000000000,4.359926667, 5486,155.000,195.419,23.848,195.859
46140,-2.000000000,4.352348755, 5486,155.000,194.537,23.976,197.938
46200,-2.000000000,4.344770843, 5486,155.000,193.654,24.103,200.017
46260,-2.000000000,4.337192931, 5486,155.000,192.771,24.231,202.097
46320,-2.000000000,4.329615020, 5486,155.000,191.888,24.359,204.176
46380,-2.000000000,4.322037108, 5486,155.000,191.005,24.487,206.255
46440,-2.000000000,4.314459196, 5486,155.000,190.123,24.614,208.334
46500,-2.000000000,4.306881284, 5486,155.000,189.240,24.742,210.414
46560,-2.000000000,4.299303373, 5486,155.000,188.357,24.870,212.493
46620,-2.000000000,4.291725461, 5486,155.000,187.474,24.997,214.572
46680,-2.000000000,4.284147549, 5486,155.000,186.592,25.125,216.651
46740,-2.000000000,4.276569637, 5486,155.000,185.709,25.253,218.731
46800,-2.000000000,4.268991726, 5486,155.000,184.826,25.381,220.810
46860,-2.000000000,4.261413814, 5486,155.000,183.943,25.508,222.889
46920,-2.000000000,4.253835902, 5486,155.000,183.061,25.636,224.969
46980,-2.000000000,4.246257990, 5486,155.000,182.178,25.764,227.048
47040,-2.000000000,4.238680079, 5486,155.000,181.295,25.891,229.127
47100,-2.000000000,4.231102167, 5486,155.000,180.412,26.019,231.206
47160,-2.000000000,4.223524255, 5486,155.000,179.530,26.147,233.286
47220,-2.000000000,4.215946344, 5486,155.000,178.647,26.275,235.365
47280,-2.000000000,4.208368432, 5486,155.000,177.764,26.402,237.444
47340,-2.000000000,4.200790520, 5486,155.000,176.881,26.530,239.524
47400,-2.000000000,4.193212608, 5486,155.000,175.998,26.658,241.603
47460,-2.000000000,4.185634697, 5486,155.000,175.116,26.785,243.682
47520,-2.000000000,4.178056785, 5486,155.000,174.233,26.913,245.761
47580,-2.000000000,4.170478873, 5486,155.000,173.350,27.041,247.841
47640,-2.000000000,4.162900961, 5486,155.000,172.467,27.169,249.920
47700,-2.000000000,4.155323050, 5486,155.000,171.585,27.296,251.999
47760,-2.000000000,4.147745138, 5486,155.000,170.702,27.424,254.078
47820,-2.000000000,4.140167226, 5486,155.000,169.819,27.552,256.158
47880,-2.000000000,4.132589314, 5486,155.000,168.936,27.679,258.237
47940,-2.000000000,4.125011403, 5486,155.000,168.054,27.807,260.316
48000,-2.000000000,4.117433491, 5486,155.000,167.171,27.935,262.396
48060,-2.000000000,4.109855579, 5486,155.000,166.288,28.063,264.475
48120,-2.000000000,4.102277667, 5486,155.000,165.405,28.190,266.554
48180,-2.000000000,4.094699756, 5486,155.000,164.523,28.318,268.633
48240,-2.000000000,4.087121844, 5486,155.000,163.640,28.446,270.713
48300,-2.000000000,4.079543932, 5486,155.000,162.757,28.573,272.792
48360,-2.000000000,4.071966020, 5486,155.000,161.874,28.701,274.871
48420,-2.000000000,4.064388109, 5486,155.000,160.991,28.829,276.951
48480,-2.000000000,4.056810197, 5486,155.000,160.109,28.957,279.030
48540,-2.000000000,4.049232285, 5486,155.000,159.226,29.084,281.109
48600,-2.000000000,4.041654373, 5486,155.000,158.343,29.212,283.188
48660,-2.000000000,4.034076462, 5486,155.000,157.460,29.340,285.268
48720,-2.000000000,4.026498550, 5486,155.000,156.578,29.467,287.347
48780,-2.000000000,4.018920638, 5486,155.000,155.695,29.595,289.426
48840,-2.000000000,4.011342726, 5486,155.000,154.812,29.723,291.505
48900,-2.000000000,4.003764815, 5486,155.000,153.929,29.850,293.585
48960,-2.037610664,4.018805332, 5486,155.000,155.680,30.061,294.575
49020,-2.112355755,4.056177878, 5486,155.000,160.032,30.354,294.491
49080,-2.187100847,4.093550423, 5486,155.000,164.384,30.647,294.407
49140,-2.261845938,4.130922969, 5486,155.000,168.735,30.940,294.323
49200,-2.336591030,4.168295515, 5486,155.000,173.087,31.233,294.239
49260,-2.411336121,4.205668061, 5486,155.000,177.439,31.526,294.154
49320,-2.486081213,4.243040606, 5486,155.000,181.790,31.819,294.070
49380,-2.560826304,4.280413152, 5486,155.000,186.142,32.112,293.986
49440,-2.635571396,4.317785698, 5486,155.000,190.494,32.405,293.902
49500,-2.710316487,4.355158244, 5486,155.000,194.845,32.698,293.818
49560,-2.785061579,4.392530789, 5486,155.000,199.197,32.991,293.733
49620,-2.859806670,4.429903335, 5486,155.000,203.548,33.284,293.649
49680,-2.934551762,4.467275881, 5486,155.000,207.900,33.577,293.565
49740,-3.009296854,4.504648427, 5486,155.000,212.252,33.869,293.481
49800,-3.084041945,4.542020973, 5486,155.000,216.603,34.162,293.397
49860,-3.158787037,4.579393518, 5486,155.000,220.955,34.455,293.312
49920,-3.233532128,4.616766064, 5486,155.000,225.307,34.748,293.228
49980,-3.308277220,4.654138610, 5486,155.000,229.658,35.041,293.144
50040,-3.383022311,4.691511156, 5486,155.000,234.010,35.334,293.060
50100,-3.457767403,4.728883701, 5486,155.000,238.362,35.627,292.976
50160,-3.532512494,4.766256247, 5486,155.000,242.713,35.920,292.891
50220,-3.607257586,4.803628793, 5486,155.000,247.065,36.213,292.807
50280,-3.682002677,4.841001339, 5486,155.000,251.417,36.506,292.723
50340,-3.756747769,4.878373884, 5486,155.000,255.768,36.799,292.639
50400,-3.831492860,4.915746430, 5486,155.000,260.120,37.092,292.555
50460,-3.906237952,4.953118976, 5486,155.000,264.471,37.385,292.470
50520,-3.980983043,4.990491522, 5486,155.000,268.823,37.678,292.386
50580,-4.000000000,4.989636231, 5486,155.000,268.998,37.920,292.313
50640,-4.000000000,4.975735876, 5486,155.000,267.748,38.146,292.243
50700,-4.000000000,4.961835520, 5486,155.000,266.498,38.372,292.173
50760,-4.000000000,4.947935165, 5486,155.000,265.248,38.597,292.103
50820,-4.000000000,4.934034810, 5486,155.000,263.998,38.823,292.033
50880,-4.000000000,4.920134455, 5486,155.000,262.748,39.048,291.963
50940,-4.000000000,4.906234100, 5486,155.000,261.498,39.274,291.894
51000,-4.000000000,4.892333744, 5486,155.000,260.248,39.500,291.824
51060,-4.000000000,4.878433389, 5486,155.000,258.998,39.725,291.754
51120,-4.000000000,4.864533034, 5486,155.000,257.748,39.951,291.684
51180,-4.000000000,4.850632679, 5486,155.000,256.498,40.177,291.614
51240,-4.000000000,4.836732323, 5486,155.000,255.248,40.402,291.544
51300,-4.000000000,4.822831968, 5486,155.000,253.997,40.628,291.475
51360,-4.000000000,4.808931613, 5486,155.000,252.747,40.853,291.405
51420,-4.000000000,4.795031258, 5486,155.000,251.497,41.079,291.335
51480,-4.000000000,4.781130903, 5486,155.000,250.247,41.305,291.265
51540,-4.000000000,4.767230547, 5486,155.000,248.997,41.530,291.195
51600,-4.000000000,4.753330192, 5486,155.000,247.747,41.756,291.125
51660,-4.000000000,4.739429837, 5486,155.000,246.497,41.982,291.055
51720,-4.000000000,4.725529482, 5486,155.000,245.247,42.207,290.986
51780,-4.000000000,4.711629127, 5486,155.000,243.997,42.433,290.916
51840,-4.000000000,4.697728771, 5486,155.000,242.747,42.658,290.846
51900,-4.000000000,4.683828416, 5486,155.000,241.497,42.884,290.776
51960,-4.000000000,4.669928061, 5486,155.000,240.247,43.110,290.706
52020,-4.000000000,4.656027706, 5486,155.000,238.997,43.335,290.636
52080,-4.000000000,4.642127350, 5486,155.000,237.747,43.561,290.567
52140,-4.000000000,4.628226995, 5486,155.000,236.497,43.787,290.497
52200,-4.000000000,4.614326640, 5486,155.000,235.247,44.012,290.427
52260,-4.000000000,4.600426285, 5486,155.000,233.996,44.238,290.357
52320,-4.000000000,4.586525930, 5486,155.000,232.746,44.463,290.287
52380,-4.000000000,4.572625574, 5486,155.000,231.496,44.689,290.217
52440,-4.000000000,4.558725219, 5486,155.000,230.246,44.915,290.148
52500,-4.000000000,4.544824864, 5486,155.000,228.996,45.140,290.078
52560,-4.000000000,4.530924509, 5486,155.000,227.746,45.366,290.008
52620,-4.000000000,4.517024153, 5486,155.000,226.496,45.592,289.938
52680,-4.000000000,4.503123798, 5486,155.000,225.246,45.817,289.868
52740,-4.000000000,4.489223443, 5486,155.000,223.996,46.043,289.798
52800,-4.000000000,4.475323088, 5486,155.000,222.746,46.268,289.728
52860,-4.000000000,4.461422733, 5486,155.000,221.496,46.494,289.659
52920,-4.000000000,4.447522377, 5486,155.000,220.246,46.720,289.589
52980,-4.000000000,4.433622022, 5486,155.000,218.996,46.945,289.519
53040,-4.000000000,4.419721667, 5486,155.000,217.746,47.171,289.449
53100,-4.000000000,4.405821312, 5486,155.000,216.496,47.397,289.379
53160,-4.000000000,4.391920956, 5486,155.000,215.246,47.622,289.309
53220,-4.000000000,4.378020601, 5486,155.000,213.995,47.848,289.240
53280,-4.000000000,4.364120246, 5486,155.000,212.745,48.073,289.170
53340,-4.000000000,4.350219891, 5486,155.000,211.495,48.299,289.100
53400,-4.000000000,4.336319536, 5486,155.000,210.245,48.525,289.030
53460,-4.000000000,4.322419180, 5486,155.000,208.995,48.750,288.960
53520,-4.000000000,4.308518825, 5486,155.000,207.745,48.976,288.890
53580,-4.000000000,4.294618470, 5486,155.000,206.495,49.202,288.820
53640,-4.000000000,4.280718115, 5486,155.000,205.245,49.427,288.751
53700,-4.000000000,4.266817760, 5486,155.000,203.995,49.653,288.681
53760,-4.000000000,4.252917404, 5486,155.000,202.745,49.878,288.611
53820,-4.000000000,4.239017049, 5486,155.000,201.495,50.104,288.541
53880,-4.000000000,4.225116694, 5486,155.000,200.245,50.330,288.471
53940,-4.000000000,4.211216339, 5486,155.000,198.995,50.555,288.401
54000,-4.000000000,4.197315983, 5486,155.000,197.745,50.781,288.332
54060,-4.000000000,4.183415628, 5486,155.000,196.495,51.007,288.262
54120,-4.000000000,4.169515273, 5486,155.000,195.245,51.232,288.192
54180,-4.000000000,4.155614918, 5486,155.000,193.994,51.458,288.122
54240,-4.000000000,4.141714563, 5486,155.000,192.744,51.683,288.052
54300,-4.000000000,4.127814207, 5486,155.000,191.494,51.909,287.982
54360,-4.000000000,4.113913852, 5486,155.000,190.244,52.135,287.912
54420,-4.000000000,4.100013497, 5486,155.000,188.994,52.360,287.843
54480,-4.000000000,4.086113142, 5486,155.000,187.744,52.586,287.773
54540,-4.000000000,4.072212786, 5486,155.000,186.494,52.812,287.703
54600,-4.000000000,4.058312431, 5486,155.000,185.244,53.037,287.633
54660,-4.000000000,4.044412076, 5486,155.000,183.994,53.263,287.563
54720,-4.000000000,4.030511721, 5486,155.000,182.744,53.488,287.493
54780,-4.000000000,4.016611366, 5486,155.000,181.494,53.714,287.424
54840,-4.000000000,4.002711010, 5486,155.000,180.244,53.940,287.354
54900,-4.000000000,3.988810655, 5486,155.000,178.994,54.165,287.284
54960,-4.000000000,3.974910300, 5486,155.000,177.744,54.391,287.214
55020,-4.000000000,3.961009945, 5486,155.000,176.494,54.617,287.144
55080,-4.000000000,3.947109589, 5486,155.000,175.244,54.842,287.074
55140,-4.000000000,3.933209234, 5486,155.000,173.993,55.068,287.005
55200,-4.000000000,3.919308879, 5486,155.000,172.743,55.293,286.935
55260,-4.000000000,3.905408524, 5486,155.000,171.493,55.519,286.865
55320,-4.000000000,3.891508169, 5486,155.000,170.243,55.745,286.795
55380,-4.000000000,3.877607813, 5486,155.000,168.993,55.970,286.725
55440,-4.000000000,3.863707458, 5486,155.000,167.743,56.196,286.655
55500,-4.000000000,3.849807103, 5486,155.000,166.493,56.422,286.585
55560,-4.000000000,3.835906748, 5486,155.000,165.243,56.647,286.516
55620,-4.000000000,3.822006392, 5486,155.000,163.993,56.873,286.446
55680,-4.000000000,3.808106037, 5486,155.000,162.743,57.098,286.376
55740,-4.000000000,3.794205682, 5486,155.000,161.493,57.324,286.306
55800,-4.000000000,3.780305327, 5486,155.000,160.243,57.550,286.236
55860,-4.000000000,3.766404972, 5486,155.000,158.993,57.775,286.166
55920,-4.000000000,3.752504616, 5486,155.000,157.743,58.001,286.097
55980,-4.000000000,3.738604261, 5486,155.000,156.493,58.227,286.027
56040,-4.000000000,3.724703906, 5486,155.000,155.243,58.452,285.957
56100,-4.000000000,3.710803551, 5486,155.000,153.992,58.678,285.887
56160,-4.000000000,3.696903196, 5486,155.000,152.742,58.903,285.817
56220,-4.000000000,3.683002840, 5486,155.000,151.492,59.129,285.747
56280,-4.000000000,3.669102485, 5486,155.000,150.242,59.355,285.677
56340,-4.000000000,3.655202130, 5486,155.000,148.992,59.580,285.608
56400,-4.000000000,3.641301775, 5486,155.000,147.742,59.806,285.538
56460,-4.000000000,3.627401419, 5486,155.000,146.492,60.032,285.468
56520,-4.000000000,3.613501064, 5486,155.000,145.242,60.257,285.398
56580,-4.000000000,3.599600709, 5486,155.000,143.992,60.483,285.328
56640,-4.000000000,3.585700354, 5486,155.000,142.742,60.708,285.258
56700,-4.000000000,3.571799999, 5486,155.000,141.492,60.934,285.189
56760,-4.000000000,3.557899643, 5486,155.000,140.242,61.160,285.119
56820,-4.000000000,3.543999288, 5486,155.000,138.992,61.385,285.049
56880,-4.000000000,3.530098933, 5486,155.000,137.742,61.611,284.979
56940,-4.000000000,3.516198578, 5486,155.000,136.492,61.837,284.909
57000,-4.000000000,3.502298222, 5486,155.000,135.242,62.062,284.839
57060,-4.000000000,3.488397867, 5486,155.000,133.991,62.288,284.770
57120,-4.000000000,3.474497512, 5486,155.000,132.741,62.514,284.700
57180,-4.000000000,3.460597157, 5486,155.000,131.491,62.739,284.630
57240,-4.000000000,3.446696802, 5486,155.000,130.241,62.965,284.560
57300,-4.000000000,3.432796446, 5486,155.000,128.991,63.190,284.490
