src/Components/missions/ORACLES/Plans/ORACLES-Flt-plan_p3_20170828_RB.ict
43, 1001
pz
NASA Ames Research Center
Simulated flight plan
ORACLES-2017
1,1
2017,08,28,2017,08,28
60
Start_UTC, seconds from midnight UTC, time keeping
7
1,1,1,1,1,1,1
-9999,-9999,-9999,-9999,-9999,-9999,-9999
Latitude, Degrees (North positive), Planned latitude position of the aircraft
Longitude, Degrees (East positive), Planned longitude position of the aircraft
Altitude, meters (above sea level), Planned altitude of the aircraft
speed, meters per second (m/s), Estimated speed of aircraft
Bearing, degrees from north, Direction of travel of the plane per respect to north
SZA, degrees from zenith, Elevation position of the sun in the sky per respect to zenith
AZI, degrees from north, Azimuthal position of the sun in the sky per respect to north
1
Simulated aircraft data interpolated from flight plan waypoints
21
-----------------------------------------------------------------------------
PI_CONTACT_INFO: pz
PLATFORM: p3
LOCATION: N/A
ASSOCIATED_DATA: N/A
INSTRUMENT_INFO: None
DATA_INFO: Compiled with flight planner: moving lines v1.1
UNCERTAINTY: Undefined
ULOD_FLAG: -7777
ULOD_VALUE: N/A
LLOD_FLAG: -8888
LLOD_VALUE: N/A
DM_CONTACT_INFO: Samuel LeBlanc, samuel.leblanc@nasa.gov
PROJECT_INFO: ORACLES-2017
STIPULATIONS_ON_USE: None
OTHER_COMMENTS: N/A
REVISION: RB
RB: Version 2 of the flight plan ict 
  RA: First iteration of the flight plan
-----------------------------------------------------------------------------
Start_UTC,Latitude,Longitude,Altitude,speed,Bearing,SZA,AZI
[from data line 238]
43080,-12.224142295,5.000000000,  800,112.940,360.000,22.183,348.936
43140,-12.161834785,5.000000000,  800,114.275,360.000,22.158,348.270
43200,-12.099521551,5.000000000,  800,115.602,360.000,22.133,347.603
43260,-12.036459452,5.000000000,  842,115.897,360.000,22.130,346.931
43320,-11.973397353,5.000000000,  884,116.191,360.000,22.128,346.259
43380,-11.910335254,5.000000000,  926,116.485,360.000,22.126,345.587
43440,-11.847273156,5.000000000,  968,116.779,360.000,22.123,344.915
43500,-11.784211057,5.000000000, 1000,117.000,360.000,22.129,344.245
43560,-11.721148958,5.000000000, 1000,117.000,360.000,22.157,343.582
43620,-11.658086859,5.000000000, 1000,117.000,360.000,22.185,342.920
43680,-11.595024760,5.000000000, 1000,117.000,360.000,22.213,342.257
43740,-11.531962662,5.000000000, 1000,117.000,360.000,22.242,341.595
43800,-11.468900563,5.000000000, 1000,117.000,360.000,22.270,340.932
43860,-11.405838464,5.000000000, 1000,117.000,360.000,22.298,340.270
43920,-11.342776365,5.000000000, 1000,117.000,360.000,22.326,339.608
43980,-11.279714267,5.000000000, 1000,117.000,360.000,22.355,338.945
44040,-11.216652168,5.000000000, 1000,117.000,360.000,22.383,338.283
44100,-11.153590069,5.000000000, 1000,117.000,360.000,22.411,337.620
44160,-11.090527970,5.000000000, 1000,117.000,360.000,22.439,336.958
44220,-11.027465871,5.000000000, 1000,117.000,360.000,22.468,336.295
44280,-10.964403773,5.000000000, 1000,117.000,360.000,22.496,335.633
44340,-10.901341674,5.000000000, 1000,117.000,360.000,22.524,334.970
44400,-10.838279575,5.000000000, 1000,117.000,360.000,22.552,334.308
44460,-10.776609746,5.000000000,  945,116.616,360.000,22.594,333.659
44520,-10.717090443,5.000000000,  805,115.638,360.000,22.658,333.030
44580,-10.657571141,5.000000000,  666,114.660,360.000,22.721,332.401
44640,-10.598051839,5.000000000,  526,113.681,360.000,22.785,331.773
44700,-10.538532536,5.000000000,  386,112.703,360.000,22.848,331.144
44760,-10.479013234,5.000000000,  246,111.725,360.000,22.912,330.515
44820,-10.419493931,5.000000000,  107,110.747,360.000,22.975,329.887
44880,-10.359974629,5.000000000,   61,110.427,360.000,23.056,329.286
44940,-10.300455327,5.000000000,   61,110.427,360.000,23.146,328.699
45000,-10.240936024,5.000000000,   61,110.427,360.000,23.235,328.112
45060,-10.181416722,5.000000000,   61,110.427,360.000,23.325,327.525
45120,-10.121897419,5.000000000,   61,110.427,360.000,23.414,326.938
45180,-10.062378117,5.000000000,   61,110.427,360.000,23.504,326.351
45240,-10.002858815,5.000000000,   61,110.427,360.000,23.593,325.764
45300,-9.943339512,5.000000000,   61,110.427,360.000,23.683,325.177
45360,-9.883820210,5.000000000,   61,110.427,360.000,23.773,324.590
45420,-9.824300907,5.000000000,   61,110.427,360.000,23.862,324.003
45480,-9.764781605,5.000000000,   61,110.427,360.000,23.952,323.415
45540,-9.705262303,5.000000000,   61,110.427,360.000,24.041,322.828
45600,-9.645743000,5.000000000,   61,110.427,360.000,24.131,322.241
45660,-9.590018721,5.000000000,   84,110.217,360.000,24.229,321.673
45720,-9.546895484,5.000000000,  186,109.308,360.000,24.356,321.165
45780,-9.503772247,5.000000000,  287,108.400,360.000,24.484,320.658
45840,-9.460649010,5.000000000,  388,107.491,360.000,24.611,320.151
45900,-9.417525773,5.000000000,  489,106.583,360.000,24.739,319.643
45960,-9.374402536,5.000000000,  591,105.674,360.000,24.866,319.136
46020,-9.331279299,5.000000000,  692,104.766,360.000,24.993,318.629
46080,-9.288156062,5.000000000,  793,103.857,360.000,25.121,318.122
46140,-9.245032825,5.000000000,  894,102.949,360.000,25.248,317.614
46200,-9.201909588,5.000000000,  996,102.040,360.000,25.375,317.107
46260,-9.139730423,5.000000000, 1000,102.532,360.000,25.520,316.660
46320,-9.076668325,5.000000000, 1000,103.088,360.000,25.666,316.216
46380,-9.013606226,5.000000000, 1000,103.645,360.000,25.812,315.772
46440,-8.950544127,5.000000000, 1000,104.201,360.000,25.957,315.327
46500,-8.887482028,5.000000000, 1000,104.758,360.000,26.103,314.883
46560,-8.824419930,5.000000000, 1000,105.314,360.000,26.249,314.439
46620,-8.761357831,5.000000000, 1000,105.870,360.000,26.394,313.995
46680,-8.698295732,5.000000000, 1000,106.427,360.000,26.540,313.551
46740,-8.635233633,5.000000000, 1000,106.983,360.000,26.686,313.107
46800,-8.572171535,5.000000000, 1000,107.540,360.000,26.831,312.663
46860,-8.509109436,5.000000000, 1000,108.096,360.000,26.977,312.218
46920,-8.446047337,5.000000000, 1000,108.653,360.000,27.123,311.774
46980,-8.382985238,5.000000000, 1000,109.209,360.000,27.269,311.330
47040,-8.319923139,5.000000000, 1000,109.765,360.000,27.414,310.886
47100,-8.256861041,5.000000000, 1000,110.322,360.000,27.560,310.442
47160,-8.193798942,5.000000000, 1000,110.878,360.000,27.706,309.998
47220,-8.130736843,5.000000000, 1000,111.435,360.000,27.851,309.553
47280,-8.067674744,5.000000000, 1000,111.991,360.000,27.997,309.109
47340,-8.004612646,5.000000000, 1000,112.548,360.000,28.143,308.665
47400,-7.941550547,5.000000000, 1000,113.104,360.000,28.288,308.221
47460,-7.878488448,5.000000000, 1000,113.660,360.000,28.434,307.777
47520,-7.815426349,5.000000000, 1000,114.217,360.000,28.580,307.333
47580,-7.752364250,5.000000000, 1000,114.773,360.000,28.725,306.889
47640,-7.689302152,5.000000000, 1000,115.330,360.000,28.871,306.444
47700,-7.626240053,5.000000000, 1000,115.886,360.000,29.017,306.000
47760,-7.563177954,5.000000000, 1000,116.443,360.000,29.162,305.556
47820,-7.500115855,5.000000000, 1000,116.999,360.000,29.308,305.112
47880,-7.441357773,5.000000000, 1195,115.436,360.000,29.480,304.751
47940,-7.382607613,5.000000000, 1391,113.870,360.000,29.651,304.390
48000,-7.323857452,5.000000000, 1587,112.303,360.000,29.823,304.029
48060,-7.265107292,5.000000000, 1783,110.736,360.000,29.995,303.668
48120,-7.206357132,5.000000000, 1979,109.170,360.000,30.167,303.307
48180,-7.140396921,5.000000000, 2000,109.308,360.000,30.356,303.019
48240,-7.073561877,5.000000000, 2000,109.654,360.000,30.548,302.739
48300,-7.006726832,5.000000000, 2000,110.000,360.000,30.740,302.459
48360,-6.939891787,5.000000000, 2000,110.345,360.000,30.932,302.180
48420,-6.873056742,5.000000000, 2000,110.691,360.000,31.123,301.900
48480,-6.806221697,5.000000000, 2000,111.037,360.000,31.315,301.620
48540,-6.739386652,5.000000000, 2000,111.382,360.000,31.507,301.340
48600,-6.672551608,5.000000000, 2000,111.728,360.000,31.699,301.060
48660,-6.605716563,5.000000000, 2000,112.074,360.000,31.890,300.781
48720,-6.538881518,5.000000000, 2000,112.420,360.000,32.082,300.501
48780,-6.472046473,5.000000000, 2000,112.765,360.000,32.274,300.221
48840,-6.405211428,5.000000000, 2000,113.111,360.000,32.466,299.941
48900,-6.338376383,5.000000000, 2000,113.457,360.000,32.658,299.662
48960,-6.271541338,5.000000000, 2000,113.802,360.000,32.849,299.382
49020,-6.204706294,5.000000000, 2000,114.148,360.000,33.041,299.102
49080,-6.137871249,5.000000000, 2000,114.494,360.000,33.233,298.822
49140,-6.071036204,5.000000000, 2000,114.839,360.000,33.425,298.543
49200,-6.004201159,5.000000000, 2000,115.185,360.000,33.617,298.263
49260,-5.937366114,5.000000000, 2000,115.531,360.000,33.808,297.983
49320,-5.870531069,5.000000000, 2000,115.877,360.000,34.000,297.703
49380,-5.803696024,5.000000000, 2000,116.222,360.000,34.192,297.423
49440,-5.736860980,5.000000000, 2000,116.568,360.000,34.384,297.144
49500,-5.670025935,5.000000000, 2000,116.914,360.000,34.576,296.864
49560,-5.603190890,5.000000000, 2000,117.259,360.000,34.767,296.584
49620,-5.536355845,5.000000000, 2000,117.605,360.000,34.959,296.304
49680,-5.469520800,5.000000000, 2000,117.951,360.000,35.151,296.025
49740,-5.402685755,5.000000000, 2000,118.296,360.000,35.343,295.745
49800,-5.335850710,5.000000000, 2000,118.642,360.000,35.535,295.465
49860,-5.269015666,5.000000000, 2000,118.988,360.000,35.726,295.185
49920,-5.202180621,5.000000000, 2000,119.334,360.000,35.918,294.906
49980,-5.135345576,5.000000000, 2000,119.679,360.000,36.110,294.626
50040,-5.068510531,5.000000000, 2000,120.025,360.000,36.302,294.346
50100,-5.001675486,5.000000000, 2000,120.371,360.000,36.493,294.066
50160,-4.934840441,5.000000000, 2000,120.716,360.000,36.685,293.786
50220,-4.868005396,5.000000000, 2000,121.062,360.000,36.877,293.507
50280,-4.801170352,5.000000000, 2000,121.408,360.000,37.069,293.227
50340,-4.734335307,5.000000000, 2000,121.753,360.000,37.261,292.947
50400,-4.667500262,5.000000000, 2000,122.099,360.000,37.452,292.667
50460,-4.600665217,5.000000000, 2000,122.445,360.000,37.644,292.388
50520,-4.533830172,5.000000000, 2000,122.791,360.000,37.836,292.108
50580,-4.466995127,5.000000000, 2000,123.136,360.000,38.028,291.828
50640,-4.400160083,5.000000000, 2000,123.482,360.000,38.220,291.548
50700,-4.333325038,5.000000000, 2000,123.828,360.000,38.411,291.269
50760,-4.284648738,5.000000000, 2051,123.591,350.789,38.619,291.050
50820,-4.254030951,5.000000000, 2153,122.774,332.419,38.842,290.892
50880,-4.223413164,5.000000000, 2255,121.958,314.048,39.065,290.734
50940,-4.192795377,5.000000000, 2357,121.141,295.677,39.288,290.576
51000,-4.162177590,5.000000000, 2459,120.325,277.307,39.511,290.418
51060,-4.131559803,5.000000000, 2561,119.508,258.936,39.734,290.260
51120,-4.100942016,5.000000000, 2664,118.692,240.565,39.957,290.102
51180,-4.070324229,5.000000000, 2766,117.875,222.195,40.180,289.944
51240,-4.039706441,5.000000000, 2868,117.059,203.824,40.403,289.786
51300,-4.009088654,5.000000000, 2970,116.242,185.453,40.626,289.628
51360,-4.049648552,5.000000000, 3000,116.248,180.000,40.874,289.555
51420,-4.120256543,5.000000000, 3000,116.601,180.000,41.132,289.517
51480,-4.190864534,5.000000000, 3000,116.954,180.000,41.391,289.480
51540,-4.261472525,5.000000000, 3000,117.307,180.000,41.649,289.442
51600,-4.332080516,5.000000000, 3000,117.660,180.000,41.907,289.405
51660,-4.402688507,5.000000000, 3000,118.013,180.000,42.165,289.368
51720,-4.473296498,5.000000000, 3000,118.366,180.000,42.423,289.330
51780,-4.543904489,5.000000000, 3000,118.720,180.000,42.682,289.293
51840,-4.614512480,5.000000000, 3000,119.073,180.000,42.940,289.255
51900,-4.685120471,5.000000000, 3000,119.426,180.000,43.198,289.218
51960,-4.755728462,5.000000000, 3000,119.779,180.000,43.456,289.181
52020,-4.826336453,5.000000000, 3000,120.132,180.000,43.714,289.143
52080,-4.896944444,5.000000000, 3000,120.485,180.000,43.973,289.106
52140,-4.967552435,5.000000000, 3000,120.838,180.000,44.231,289.068
52200,-5.038160425,5.000000000, 3000,121.191,180.000,44.489,289.031
52260,-5.108768416,5.000000000, 3000,121.544,180.000,44.747,288.994
52320,-5.179376407,5.000000000, 3000,121.897,180.000,45.005,288.956
52380,-5.249984398,5.000000000, 3000,122.250,180.000,45.263,288.919
52440,-5.320592389,5.000000000, 3000,122.603,180.000,45.522,288.881
52500,-5.391200380,5.000000000, 3000,122.956,180.000,45.780,288.844
52560,-5.461808371,5.000000000, 3000,123.309,180.000,46.038,288.807
52620,-5.532416362,5.000000000, 3000,123.662,180.000,46.296,288.769
52680,-5.603024353,5.000000000, 3000,124.015,180.000,46.554,288.732
52740,-5.673632344,5.000000000, 3000,124.368,180.000,46.813,288.694
52800,-5.744240335,5.000000000, 3000,124.721,180.000,47.071,288.657
52860,-5.814848326,5.000000000, 3000,125.074,180.000,47.329,288.620
52920,-5.885456317,5.000000000, 3000,125.427,180.000,47.587,288.582
52980,-5.956064308,5.000000000, 3000,125.780,180.000,47.845,288.545
53040,-6.026672299,5.000000000, 3000,126.133,180.000,48.104,288.507
53100,-6.097280289,5.000000000, 3000,126.486,180.000,48.362,288.470
53160,-6.167888280,5.000000000, 3000,126.839,180.000,48.620,288.433
53220,-6.238496271,5.000000000, 3000,127.192,180.000,48.878,288.395
53280,-6.309104262,5.000000000, 3000,127.546,180.000,49.136,288.358
53340,-6.379712253,5.000000000, 3000,127.899,180.000,49.395,288.320
53400,-6.450320244,5.000000000, 3000,128.252,180.000,49.653,288.283
53460,-6.520928235,5.000000000, 3000,128.605,180.000,49.911,288.246
53520,-6.591536226,5.000000000, 3000,128.958,180.000,50.169,288.208
53580,-6.662144217,5.000000000, 3000,129.311,180.000,50.427,288.171
53640,-6.732752208,5.000000000, 3000,129.664,180.000,50.686,288.133
53700,-6.803360199,5.000000000, 3000,130.017,180.000,50.944,288.096
53760,-6.873968190,5.000000000, 3000,130.370,180.000,51.202,288.059
53820,-6.944576181,5.000000000, 3000,130.723,180.000,51.460,288.021
53880,-7.014256894,5.000000000, 3048,130.620,188.554,51.718,287.983
53940,-7.080552946,5.000000000, 3269,128.852,228.332,51.974,287.942
54000,-7.146848999,5.000000000, 3489,127.084,268.109,52.229,287.900
54060,-7.213145052,5.000000000, 3710,125.316,307.887,52.485,287.859
54120,-7.279441104,5.000000000, 3931,123.548,347.665,52.741,287.817
54180,-7.248685141,5.000000000, 4000,123.233,360.000,52.972,287.727
54240,-7.174304204,5.000000000, 4000,123.571,360.000,53.193,287.615
54300,-7.099923267,5.000000000, 4000,123.909,360.000,53.413,287.503
54360,-7.025542330,5.000000000, 4000,124.248,360.000,53.634,287.391
54420,-6.951161393,5.000000000, 4000,124.586,360.000,53.854,287.279
54480,-6.876780456,5.000000000, 4000,124.924,360.000,54.075,287.167
54540,-6.802399519,5.000000000, 4000,125.262,360.000,54.295,287.055
54600,-6.728018582,5.000000000, 4000,125.600,360.000,54.516,286.943
54660,-6.653637645,5.000000000, 4000,125.938,360.000,54.736,286.831
54720,-6.579256708,5.000000000, 4000,126.276,360.000,54.957,286.719
54780,-6.504875771,5.000000000, 4000,126.614,360.000,55.177,286.608
54840,-6.430494834,5.000000000, 4000,126.952,360.000,55.398,286.496
54900,-6.356113897,5.000000000, 4000,127.290,360.000,55.618,286.384
54960,-6.281732960,5.000000000, 4000,127.628,360.000,55.839,286.272
55020,-6.207352023,5.000000000, 4000,127.967,360.000,56.059,286.160
55080,-6.132971086,5.000000000, 4000,128.305,360.000,56.280,286.048
55140,-6.058590149,5.000000000, 4000,128.643,360.000,56.500,285.936
55200,-5.984209212,5.000000000, 4000,128.981,360.000,56.721,285.824
55260,-5.909828275,5.000000000, 4000,129.319,360.000,56.941,285.712
55320,-5.835447338,5.000000000, 4000,129.657,360.000,57.162,285.600
55380,-5.761066401,5.000000000, 4000,129.995,360.000,57.382,285.488
55440,-5.686685464,5.000000000, 4000,130.333,360.000,57.603,285.376
55500,-5.612304527,5.000000000, 4000,130.671,360.000,57.823,285.264
55560,-5.537923590,5.000000000, 4000,131.009,360.000,58.044,285.152
55620,-5.463542653,5.000000000, 4000,131.348,360.000,58.264,285.040
55680,-5.389161716,5.000000000, 4000,131.686,360.000,58.485,284.928
55740,-5.314780779,5.000000000, 4000,132.024,360.000,58.705,284.816
55800,-5.240399842,5.000000000, 4000,132.362,360.000,58.926,284.704
55860,-5.166018905,5.000000000, 4000,132.700,360.000,59.146,284.592
55920,-5.091637968,5.000000000, 4000,133.038,360.000,59.367,284.480
55980,-5.017257031,5.000000000, 4000,133.376,360.000,59.587,284.368
56040,-4.942876094,5.000000000, 4000,133.714,360.000,59.808,284.256
56100,-4.868495157,5.000000000, 4000,134.052,360.000,60.028,284.144
56160,-4.794114220,5.000000000, 4000,134.390,360.000,60.249,284.032
56220,-4.719733283,5.000000000, 4000,134.728,360.000,60.469,283.920
56280,-4.645352346,5.000000000, 4000,135.067,360.000,60.690,283.809
56340,-4.570971409,5.000000000, 4000,135.405,360.000,60.910,283.697
56400,-4.496590472,5.000000000, 4000,135.743,360.000,61.131,283.585
56460,-4.422209535,5.000000000, 4000,136.081,360.000,61.351,283.473
56520,-4.347828598,5.000000000, 4000,136.419,360.000,61.572,283.361
56580,-4.273447661,5.000000000, 4000,136.757,360.000,61.792,283.249
56640,-4.199066724,5.000000000, 4000,137.095,360.000,62.013,283.137
56700,-4.124685787,5.000000000, 4000,137.433,360.000,62.233,283.025
56760,-4.050304850,5.000000000, 4000,137.771,360.000,62.454,282.913
56820,-3.975574984,5.000000000, 4070,138.070,360.000,62.676,282.811
56880,-3.900116062,5.000000000, 4285,138.285,360.000,62.904,282.732
56940,-3.824657141,5.000000000, 4501,138.501,360.000,63.131,282.653
57000,-3.749198219,5.000000000, 4717,138.717,360.000,63.358,282.574
57060,-3.673739297,5.000000000, 4932,138.932,360.000,63.585,282.494
