src/Components/missions/ORACLES/Plans/ORACLES-Flt-plan_p3_20160922_R0.ict
42, 1001
Samuel LeBlanc
NASA Ames Research Center
Simulated flight plan
ORACLES
1,1
2016,09,22,2016,09,22
60
Start_UTC, seconds from midnight UTC, time keeping
7
1,1,1,1,1,1,1
-9999,-9999,-9999,-9999,-9999,-9999,-9999
Latitude, Degrees (North positive), Planned latitude position of the aircraft
Longitude, Degrees (East positive), Planned longitude position of the aircraft
Altitude, meters (above sea level), Planned altitude of the aircraft
speed, meters per second (m/s), Estimated speed of aircraft
Bearing, degrees from north, Direction of travel of the plane per respect to north
SZA, degrees from zenith, Elevation position of the sun in the sky per respect to zenith
AZI, degrees from north, Azimuthal position of the sun in the sky per respect to north
1
Simulated aircraft data interpolated from flight plan waypoints
20
-----------------------------------------------------------------------------
PI_CONTACT_INFO: Samuel LeBlanc, samuel.leblanc@nasa.gov
PLATFORM: p3
LOCATION: N/A
ASSOCIATED_DATA: N/A
INSTRUMENT_INFO: None
DATA_INFO: Compiled with flight planner: moving lines v1.02
UNCERTAINTY: Undefined
ULOD_FLAG: -7777
ULOD_VALUE: N/A
LLOD_FLAG: -8888
LLOD_VALUE: N/A
DM_CONTACT_INFO: See PI
PROJECT_INFO: ORACLES
STIPULATIONS_ON_USE: None
OTHER_COMMENTS: N/A
REVISION: RA
RA: First iteration of the flight plan
-----------------------------------------------------------------------------
Start_UTC,Latitude,Longitude,Altitude,speed,Bearing,SZA,AZI
[from data line 235]
39300,-10.714788308,0.701913454, 4500,151.919,190.355,23.348,40.872
39360,-10.654038105,0.642257491, 4500,152.309,185.666,23.176,40.626
39420,-10.593287902,0.582601528, 4500,152.698,180.977,23.004,40.380
39480,-10.532537699,0.522945565, 4500,153.087,176.289,22.832,40.133
39540,-10.471787496,0.463289602, 4500,153.477,171.600,22.660,39.887
39600,-10.411037293,0.403633639, 4500,153.866,166.911,22.489,39.641
39660,-10.350287090,0.343977677, 4500,154.255,162.222,22.317,39.394
39720,-10.289536887,0.284321714, 4500,154.644,157.533,22.145,39.148
39780,-10.228786685,0.224665751, 4500,155.034,152.844,21.973,38.902
39840,-10.168036482,0.165009788, 4500,155.423,148.156,21.801,38.655
39900,-10.107286279,0.105353825, 4500,155.812,143.467,21.629,38.409
39960,-10.046536076,0.045697862, 4500,156.202,138.778,21.457,38.163
40020,-10.011193510,0.011331078, 4431,156.019,135.186,21.299,37.789
40080,-10.059033803,0.059759329, 4138,153.963,135.186,21.183,36.999
40140,-10.106874097,0.108187579, 3844,151.907,135.186,21.067,36.208
40200,-10.154714390,0.156615829, 3550,149.851,135.186,20.951,35.418
40260,-10.202554684,0.205044079, 3256,147.795,135.186,20.835,34.627
40320,-10.250394977,0.253472330, 2963,145.739,135.186,20.719,33.837
40380,-10.298235271,0.301900580, 2669,143.683,135.186,20.603,33.046
40440,-10.346075564,0.350328830, 2375,141.627,135.185,20.487,32.256
40500,-10.393915857,0.398757081, 2082,139.571,135.185,20.371,31.465
40560,-10.441756151,0.447185331, 1788,137.514,135.185,20.256,30.675
40620,-10.489596444,0.495613581, 1494,135.458,135.185,20.140,29.884
40680,-10.537436738,0.544041831, 1200,133.402,135.185,20.024,29.094
40740,-10.585277031,0.592470082,  907,131.346,135.185,19.908,28.304
40800,-10.633117325,0.640898332,  613,129.290,135.185,19.792,27.513
40860,-10.680957618,0.689326582,  319,127.234,135.185,19.676,26.723
40920,-10.729631485,0.738667252,   83,125.524,135.191,19.577,27.307
40980,-10.783510890,0.793705836,  208,125.974,135.234,19.580,36.477
41040,-10.837390296,0.848744420,  332,126.424,135.277,19.583,45.647
41100,-10.891269701,0.903783004,  456,126.873,135.320,19.587,54.816
41160,-10.945149106,0.958821589,  581,127.323,135.364,19.590,63.986
41220,-10.999028511,1.013860173,  705,127.773,135.407,19.593,73.156
41280,-11.052907916,1.068898757,  829,128.223,135.450,19.596,82.326
41340,-11.106787321,1.123937341,  954,128.672,135.493,19.600,91.496
41400,-11.160666726,1.178975925, 1078,129.122,135.537,19.603,100.665
41460,-11.214546131,1.234014509, 1202,129.572,135.580,19.606,109.835
41520,-11.268425537,1.289053094, 1327,130.021,135.623,19.610,119.005
41580,-11.322304942,1.344091678, 1451,130.471,135.667,19.613,128.175
41640,-11.376184347,1.399130262, 1575,130.921,135.710,19.616,137.345
41700,-11.430063752,1.454168846, 1700,131.371,135.753,19.620,146.514
41760,-11.483943157,1.509207430, 1824,131.820,135.796,19.623,155.684
41820,-11.537822562,1.564246015, 1948,132.270,135.840,19.626,164.854
41880,-11.591701967,1.619284599, 2073,132.720,135.883,19.630,174.024
41940,-11.645581372,1.674323183, 2197,133.170,135.926,19.633,183.194
42000,-11.699460777,1.729361767, 2321,133.619,135.970,19.636,192.363
42060,-11.753340183,1.784400351, 2446,134.069,136.013,19.640,201.533
42120,-11.807219588,1.839438935, 2570,134.519,136.056,19.643,210.703
42180,-11.861098993,1.894477520, 2694,134.969,136.099,19.646,219.873
42240,-11.914978398,1.949516104, 2819,135.418,136.143,19.650,229.043
42300,-11.968857803,2.004554688, 2943,135.868,136.186,19.653,238.212
42360,-12.022737208,2.059593272, 3067,136.318,136.229,19.656,247.382
42420,-12.076616613,2.114631856, 3192,136.768,136.272,19.659,256.552
42480,-12.130496018,2.169670441, 3316,137.217,136.316,19.663,265.722
42540,-12.184375424,2.224709025, 3440,137.667,136.359,19.666,274.892
42600,-12.238254829,2.279747609, 3565,138.117,136.402,19.669,284.061
42660,-12.292134234,2.334786193, 3689,138.567,136.446,19.673,293.231
42720,-12.346013639,2.389824777, 3813,139.016,136.489,19.676,302.401
42780,-12.399893044,2.444863361, 3938,139.466,136.532,19.679,311.571
42840,-12.453772449,2.499901946, 4062,139.916,136.575,19.683,320.741
42900,-12.507651854,2.554940530, 4186,140.366,136.619,19.686,329.910
42960,-12.561531259,2.609979114, 4311,140.815,136.662,19.689,339.080
43020,-12.615410664,2.665017698, 4435,141.265,136.705,19.693,348.250
43080,-12.672757940,2.722348327, 4500,141.686,136.721,19.774,352.707
43140,-12.733898544,2.782186106, 4500,142.075,136.705,19.939,352.008
43200,-12.795039147,2.842023886, 4500,142.464,136.690,20.105,351.310
43260,-12.856179751,2.901861666, 4500,142.853,136.675,20.271,350.611
43320,-12.917320354,2.961699446, 4500,143.243,136.660,20.437,349.912
43380,-12.978460958,3.021537226, 4500,143.632,136.645,20.603,349.214
43440,-13.039601562,3.081375006, 4500,144.021,136.630,20.769,348.515
43500,-13.100742165,3.141212786, 4500,144.410,136.614,20.934,347.817
43560,-13.161882769,3.201050566, 4500,144.799,136.599,21.100,347.118
43620,-13.223023372,3.260888346, 4500,145.189,136.584,21.266,346.419
43680,-13.284163976,3.320726125, 4500,145.578,136.569,21.432,345.721
43740,-13.345304580,3.380563905, 4500,145.967,136.554,21.598,345.022
43800,-13.406445183,3.440401685, 4500,146.356,136.538,21.763,344.324
43860,-13.467585787,3.500239465, 4500,146.745,136.523,21.929,343.625
43920,-13.528726390,3.560077245, 4500,147.135,136.508,22.095,342.927
43980,-13.589866994,3.619915025, 4500,147.524,136.493,22.261,342.228
44040,-13.651007598,3.679752805, 4500,147.913,136.478,22.427,341.529
44100,-13.712148201,3.739590585, 4500,148.302,136.463,22.593,340.831
44160,-13.773288805,3.799428365, 4500,148.691,136.447,22.758,340.132
44220,-13.834429409,3.859266144, 4500,149.081,136.432,22.924,339.434
44280,-13.895570012,3.919103924, 4500,149.470,136.417,23.090,338.735
44340,-13.956710616,3.978941704, 4500,149.859,136.402,23.256,338.036
44400,-14.017851219,4.038779484, 4500,150.248,136.387,23.422,337.338
44460,-14.078991823,4.098617264, 4500,150.637,136.371,23.588,336.639
44520,-14.140132427,4.158455044, 4500,151.026,136.356,23.753,335.941
44580,-14.201273030,4.218292824, 4500,151.416,136.341,23.919,335.242
44640,-14.262413634,4.278130604, 4500,151.805,136.326,24.085,334.544
44700,-14.323554237,4.337968383, 4500,152.194,136.311,24.251,333.845
44760,-14.384694841,4.397806163, 4500,152.583,136.295,24.417,333.146
44820,-14.445835445,4.457643943, 4500,152.972,136.280,24.583,332.448
44880,-14.506976048,4.517481723, 4500,153.362,136.265,24.748,331.749
44940,-14.568116652,4.577319503, 4500,153.751,136.250,24.914,331.051
45000,-14.629257256,4.637157283, 4500,154.140,136.235,25.080,330.352
45060,-14.690397859,4.696995063, 4500,154.529,136.220,25.246,329.653
45120,-14.751538463,4.756832843, 4500,154.918,136.204,25.412,328.955
45180,-14.812679066,4.816670623, 4500,155.308,136.189,25.577,328.256
45240,-14.873819670,4.876508402, 4500,155.697,136.174,25.743,327.558
45300,-14.934960274,4.936346182, 4500,156.086,136.159,25.909,326.859
45360,-14.996100877,4.996183962, 4500,156.475,136.144,26.075,326.161
45420,-15.056831574,5.056831574, 4500,156.500,136.171,26.299,325.672
45480,-15.117534349,5.117534349, 4500,156.500,136.201,26.527,325.198
45540,-15.178237124,5.178237124, 4500,156.500,136.230,26.756,324.723
45600,-15.238939900,5.238939900, 4500,156.500,136.260,26.984,324.249
45660,-15.299642675,5.299642675, 4500,156.500,136.290,27.212,323.775
45720,-15.360345450,5.360345450, 4500,156.500,136.320,27.440,323.300
45780,-15.421048225,5.421048225, 4500,156.500,136.350,27.669,322.826
45840,-15.481751000,5.481751000, 4500,156.500,136.380,27.897,322.352
45900,-15.542453776,5.542453776, 4500,156.500,136.410,28.125,321.877
45960,-15.603156551,5.603156551, 4500,156.500,136.440,28.353,321.403
46020,-15.663859326,5.663859326, 4500,156.500,136.470,28.581,320.929
46080,-15.724562101,5.724562101, 4500,156.500,136.500,28.810,320.454
46140,-15.785387558,5.785387558, 4500,156.500,136.520,29.053,320.054
46200,-15.846301511,5.846301511, 4500,156.500,136.534,29.308,319.706
46260,-15.907215463,5.907215463, 4500,156.500,136.547,29.563,319.359
46320,-15.968129415,5.968129415, 4500,156.500,136.561,29.818,319.012
46380,-16.029043367,6.029043367, 4500,156.500,136.574,30.073,318.664
46440,-16.089957320,6.089957320, 4500,156.500,136.588,30.328,318.317
46500,-16.150871272,6.150871272, 4500,156.500,136.602,30.583,317.970
46560,-16.211785224,6.211785224, 4500,156.500,136.615,30.838,317.622
46620,-16.272699177,6.272699177, 4500,156.500,136.629,31.093,317.275
46680,-16.333613129,6.333613129, 4500,156.500,136.642,31.348,316.928
46740,-16.394527081,6.394527081, 4500,156.500,136.656,31.602,316.580
46800,-16.455441033,6.455441033, 4500,156.500,136.670,31.857,316.233
46860,-16.516354986,6.516354986, 4500,156.500,136.683,32.112,315.885
46920,-16.577268938,6.577268938, 4500,156.500,136.697,32.367,315.538
46980,-16.638182890,6.638182890, 4500,156.500,136.710,32.622,315.191
47040,-16.699096843,6.699096843, 4500,156.500,136.724,32.877,314.843
47100,-16.760010795,6.760010795, 4500,156.500,136.737,33.132,314.496
47160,-16.820924747,6.820924747, 4500,156.500,136.751,33.387,314.149
47220,-16.881838699,6.881838699, 4500,156.500,136.765,33.642,313.801
47280,-16.942752652,6.942752652, 4500,156.500,136.778,33.897,313.454
47340,-17.003666604,7.003666604, 4500,156.500,136.792,34.152,313.107
47400,-17.064580556,7.064580556, 4500,156.500,136.805,34.406,312.759
47460,-17.125494509,7.125494509, 4500,156.500,136.819,34.661,312.412
47520,-17.186408461,7.186408461, 4500,156.500,136.833,34.916,312.065
47580,-17.247322413,7.247322413, 4500,156.500,136.846,35.171,311.717
47640,-17.308236365,7.308236365, 4500,156.500,136.860,35.426,311.370
47700,-17.369150318,7.369150318, 4500,156.500,136.873,35.681,311.023
47760,-17.430064270,7.430064270, 4500,156.500,136.887,35.936,310.675
47820,-17.490978222,7.490978222, 4500,156.500,136.901,36.191,310.328
47880,-17.551892175,7.551892175, 4500,156.500,136.914,36.446,309.981
47940,-17.612806127,7.612806127, 4500,156.500,136.928,36.701,309.633
48000,-17.673720079,7.673720079, 4500,156.500,136.941,36.956,309.286
48060,-17.734430772,7.734430772, 4500,156.500,136.958,37.226,309.024
48120,-17.795067327,7.795067327, 4500,156.500,136.975,37.502,308.792
48180,-17.855703882,7.855703882, 4500,156.500,136.992,37.778,308.561
48240,-17.916340437,7.916340437, 4500,156.500,137.010,38.054,308.330
48300,-17.976976992,7.976976992, 4500,156.500,137.027,38.330,308.099
48360,-18.037613547,8.037613547, 4500,156.500,137.044,38.606,307.867
48420,-18.098250102,8.098250102, 4500,156.500,137.062,38.882,307.636
48480,-18.158886657,8.158886657, 4500,156.500,137.079,39.158,307.405
48540,-18.219523212,8.219523212, 4500,156.500,137.096,39.434,307.174
48600,-18.280159766,8.280159766, 4500,156.500,137.113,39.710,306.942
48660,-18.340796321,8.340796321, 4500,156.500,137.131,39.986,306.711
48720,-18.401432876,8.401432876, 4500,156.500,137.148,40.261,306.480
48780,-18.462069431,8.462069431, 4500,156.500,137.165,40.537,306.249
48840,-18.522705986,8.522705986, 4500,156.500,137.183,40.813,306.017
48900,-18.583342541,8.583342541, 4500,156.500,137.200,41.089,305.786
48960,-18.643979096,8.643979096, 4500,156.500,137.217,41.365,305.555
49020,-18.704615651,8.704615651, 4500,156.500,137.235,41.641,305.324
49080,-18.765252206,8.765252206, 4500,156.500,137.252,41.917,305.092
49140,-18.825888761,8.825888761, 4500,156.500,137.269,42.193,304.861
49200,-18.886525316,8.886525316, 4500,156.500,137.287,42.469,304.630
49260,-18.947161871,8.947161871, 4500,156.500,137.304,42.745,304.399
49320,-19.007798426,9.007798426, 4500,156.500,137.321,43.021,304.167
49380,-19.068434981,9.068434981, 4500,156.500,137.339,43.297,303.936
49440,-19.129071536,9.129071536, 4500,156.500,137.356,43.573,303.705
49500,-19.189708091,9.189708091, 4500,156.500,137.373,43.849,303.474
49560,-19.250344646,9.250344646, 4500,156.500,137.391,44.125,303.242
49620,-19.310981201,9.310981201, 4500,156.500,137.408,44.401,303.011
49680,-19.371617756,9.371617756, 4500,156.500,137.425,44.677,302.780
49740,-19.432254311,9.432254311, 4500,156.500,137.442,44.953,302.549
49800,-19.492890866,9.492890866, 4500,156.500,137.460,45.229,302.317
49860,-19.553527421,9.553527421, 4500,156.500,137.477,45.505,302.086
49920,-19.614163976,9.614163976, 4500,156.500,137.494,45.781,301.855
49980,-19.674800531,9.674800531, 4500,156.500,137.512,46.057,301.624
50040,-19.735437086,9.735437086, 4500,156.500,137.529,46.333,301.392
50100,-19.796073641,9.796073641, 4500,156.500,137.546,46.609,301.161
50160,-19.856710196,9.856710196, 4500,156.500,137.564,46.885,300.930
50220,-19.917346751,9.917346751, 4500,156.500,137.581,47.161,300.699
50280,-19.977983306,9.977983306, 4500,156.500,137.598,47.437,300.467
50340,-20.031585787,10.031585787, 4454,156.175,137.099,47.710,300.280
50400,-20.081178232,10.081178232, 4381,155.666,136.304,47.983,300.117
50460,-20.130770677,10.130770677, 4308,155.156,135.510,48.256,299.955
50520,-20.180363122,10.180363122, 4235,154.646,134.716,48.528,299.792
50580,-20.229955566,10.229955566, 4162,154.136,133.921,48.801,299.629
50640,-20.279548011,10.279548011, 4090,153.627,133.127,49.074,299.467
50700,-20.329140456,10.329140456, 4017,153.117,132.333,49.346,299.304
50760,-20.378732901,10.378732901, 3944,152.607,131.539,49.619,299.142
50820,-20.428325346,10.428325346, 3871,152.098,130.744,49.891,298.979
50880,-20.477917790,10.477917790, 3798,151.588,129.950,50.164,298.816
50940,-20.527510235,10.527510235, 3725,151.078,129.156,50.437,298.654
51000,-20.577102680,10.577102680, 3653,150.568,128.361,50.709,298.491
51060,-20.626695125,10.626695125, 3580,150.059,127.567,50.982,298.329
51120,-20.676287570,10.676287570, 3507,149.549,126.773,51.254,298.166
51180,-20.725880014,10.725880014, 3434,149.039,125.978,51.527,298.003
51240,-20.775472459,10.775472459, 3361,148.529,125.184,51.800,297.841
51300,-20.825064904,10.825064904, 3289,148.020,124.390,52.072,297.678
51360,-20.874657349,10.874657349, 3216,147.510,123.595,52.345,297.516
51420,-20.924249794,10.924249794, 3143,147.000,122.801,52.618,297.353
51480,-20.973842239,10.973842239, 3070,146.491,122.007,52.890,297.190
51540,-21.023434683,11.023434683, 2997,145.981,121.212,53.163,297.028
51600,-21.073027128,11.073027128, 2924,145.471,120.418,53.435,296.865
51660,-21.122619573,11.122619573, 2852,144.961,119.624,53.708,296.703
51720,-21.172212018,11.172212018, 2779,144.452,118.829,53.981,296.540
51780,-21.221804463,11.221804463, 2706,143.942,118.035,54.253,296.377
51840,-21.271396907,11.271396907, 2633,143.432,117.241,54.526,296.215
51900,-21.320989352,11.320989352, 2560,142.922,116.447,54.799,296.052
51960,-21.370581797,11.370581797, 2488,142.413,115.652,55.071,295.890
52020,-21.420174242,11.420174242, 2415,141.903,114.858,55.344,295.727
52080,-21.469766687,11.469766687, 2342,141.393,114.064,55.616,295.564
52140,-21.519359131,11.519359131, 2269,140.884,113.269,55.889,295.402
52200,-21.568951576,11.568951576, 2196,140.374,112.475,56.162,295.239
52260,-21.618544021,11.618544021, 2123,139.864,111.681,56.434,295.077
52320,-21.668136466,11.668136466, 2051,139.354,110.886,56.707,294.914
52380,-21.717728911,11.717728911, 1978,138.845,110.092,56.979,294.752
52440,-21.767321355,11.767321355, 1905,138.335,109.298,57.252,294.589
52500,-21.816913800,11.816913800, 1832,137.825,108.503,57.525,294.426
52560,-21.866506245,11.866506245, 1759,137.315,107.709,57.797,294.264
52620,-21.916098690,11.916098690, 1687,136.806,106.915,58.070,294.101
52680,-21.965691135,11.965691135, 1614,136.296,106.120,58.343,293.939
52740,-22.015283579,12.015283579, 1541,135.786,105.326,58.615,293.776
52800,-22.064876024,12.064876024, 1468,135.277,104.532,58.888,293.613
52860,-22.114468469,12.114468469, 1395,134.767,103.738,59.160,293.451
52920,-22.164060914,12.164060914, 1322,134.257,102.943,59.433,293.288
52980,-22.213653359,12.213653359, 1250,133.747,102.149,59.706,293.126
53040,-22.263245804,12.263245804, 1177,133.238,101.355,59.978,292.963
