src/Components/missions/ORACLES/Plans/ORACLES-Flt-plan_p3_20170819_RC.ict
43, 1001
jredeman
NASA Ames Research Center
Simulated flight plan
ORACLES
1,1
2017,08,19,2017,08,19
60
Start_UTC, seconds from midnight UTC, time keeping
7
1,1,1,1,1,1,1
-9999,-9999,-9999,-9999,-9999,-9999,-9999
Latitude, Degrees (North positive), Planned latitude position of the aircraft
Longitude, Degrees (East positive), Planned longitude position of the aircraft
Altitude, meters (above sea level), Planned altitude of the aircraft
speed, meters per second (m/s), Estimated speed of aircraft
Bearing, degrees from north, Direction of travel of the plane per respect to north
SZA, degrees from zenith, Elevation position of the sun in the sky per respect to zenith
AZI, degrees from north, Azimuthal position of the sun in the sky per respect to north
1
Simulated aircraft data interpolated from flight plan waypoints
21
-----------------------------------------------------------------------------
PI_CONTACT_INFO: jredeman
PLATFORM: p3
LOCATION: N/A
ASSOCIATED_DATA: N/A
INSTRUMENT_INFO: None
DATA_INFO: Compiled with flight planner: moving lines v1.2
UNCERTAINTY: Undefined
ULOD_FLAG: -7777
ULOD_VALUE: N/A
LLOD_FLAG: -8888
LLOD_VALUE: N/A
DM_CONTACT_INFO: Samuel LeBlanc, samuel.leblanc@nasa.gov
PROJECT_INFO: ORACLES
STIPULATIONS_ON_USE: None
OTHER_COMMENTS: N/A
REVISION: RC
RC: Version 3 of the flight plan ict 
  RA: First iteration of the flight plan
-----------------------------------------------------------------------------
Start_UTC,Latitude,Longitude,Altitude,speed,Bearing,SZA,AZI
25200,-7.933330000,-14.400000000,   95,150.000,23.049,91.271,76.847
25260,-7.871386407,-14.373452651,  372,148.332,23.440,91.035,76.812
25320,-7.809442814,-14.346905302,  649,146.664,23.831,90.799,76.776
25380,-7.747499221,-14.320357953,  926,144.997,24.222,90.563,76.740
25440,-7.685555629,-14.293810604, 1203,143.329,24.613,90.327,76.704
25500,-7.623612036,-14.267263255, 1480,141.661,25.004,90.091,76.669
25560,-7.561668443,-14.240715907, 1756,139.993,25.395,89.855,76.633
25620,-7.499724850,-14.214168558, 2033,138.325,25.787,89.618,76.597
25680,-7.437781257,-14.187621209, 2310,136.658,26.178,89.382,76.562
25740,-7.375837664,-14.161073860, 2587,134.990,26.569,89.146,76.526
25800,-7.313894071,-14.134526511, 2864,133.322,26.960,88.910,76.490
25860,-7.251950478,-14.107979162, 3141,131.654,27.351,88.674,76.454
25920,-7.190006886,-14.081431813, 3418,129.986,27.742,88.438,76.419
25980,-7.128063293,-14.054884464, 3695,128.318,28.133,88.201,76.383
26040,-7.066119700,-14.028337115, 3972,126.651,28.524,87.965,76.347
26100,-7.004176107,-14.001789766, 4249,124.983,28.915,87.729,76.311
26160,-6.943098535,-13.968704194, 4271,124.895,29.289,87.445,76.290
26220,-6.882083569,-13.935145963, 4274,124.921,29.661,87.158,76.270
26280,-6.821068604,-13.901587732, 4278,124.947,30.034,86.870,76.250
26340,-6.760053638,-13.868029501, 4282,124.973,30.406,86.583,76.229
26400,-6.699038672,-13.834471270, 4286,124.999,30.779,86.296,76.209
26460,-6.638023707,-13.800913039, 4289,125.025,31.151,86.008,76.189
26520,-6.577008741,-13.767354807, 4293,125.051,31.523,85.721,76.169
26580,-6.515993775,-13.733796576, 4297,125.077,31.896,85.433,76.149
26640,-6.454978809,-13.700238345, 4300,125.103,32.268,85.146,76.128
26700,-6.393963844,-13.666680114, 4304,125.129,32.641,84.859,76.108
26760,-6.332948878,-13.633121883, 4308,125.155,33.013,84.571,76.088
26820,-6.271933912,-13.599563652, 4312,125.181,33.385,84.284,76.068
26880,-6.210918947,-13.566005421, 4315,125.207,33.758,83.996,76.047
26940,-6.149903981,-13.532447189, 4319,125.233,34.130,83.709,76.027
27000,-6.088889015,-13.498888958, 4323,125.259,34.502,83.421,76.007
27060,-6.027874049,-13.465330727, 4326,125.285,34.875,83.134,75.987
27120,-5.966859084,-13.431772496, 4330,125.311,35.247,82.847,75.967
27180,-5.905844118,-13.398214265, 4334,125.337,35.620,82.559,75.946
27240,-5.844829152,-13.364656034, 4338,125.363,35.992,82.272,75.926
27300,-5.783814187,-13.331097803, 4341,125.389,36.364,81.984,75.906
27360,-5.722799221,-13.297539571, 4345,125.415,36.737,81.697,75.886
27420,-5.661784255,-13.263981340, 4349,125.441,37.109,81.410,75.865
27480,-5.600769289,-13.230423109, 4352,125.467,37.482,81.122,75.845
27540,-5.539754324,-13.196864878, 4356,125.494,37.854,80.835,75.825
27600,-5.478739358,-13.163306647, 4360,125.520,38.226,80.547,75.805
27660,-5.417724392,-13.129748416, 4364,125.546,38.599,80.260,75.784
27720,-5.356709427,-13.096190185, 4367,125.572,38.971,79.973,75.764
27780,-5.295694461,-13.062631953, 4371,125.598,39.344,79.685,75.744
27840,-5.234679495,-13.029073722, 4375,125.624,39.716,79.398,75.724
27900,-5.173664529,-12.995515491, 4379,125.650,40.088,79.110,75.704
27960,-5.112649564,-12.961957260, 4382,125.676,40.461,78.823,75.683
28020,-5.051634598,-12.928399029, 4386,125.702,40.833,78.536,75.663
28080,-4.990619632,-12.894840798, 4390,125.728,41.205,78.248,75.643
28140,-4.929604667,-12.861282567, 4393,125.754,41.578,77.961,75.623
28200,-4.868589701,-12.827724336, 4397,125.780,41.950,77.673,75.602
28260,-4.807574735,-12.794166104, 4401,125.806,42.323,77.386,75.582
28320,-4.746559769,-12.760607873, 4405,125.832,42.695,77.098,75.562
28380,-4.685544804,-12.727049642, 4408,125.858,43.067,76.811,75.542
28440,-4.624529838,-12.693491411, 4412,125.884,43.440,76.524,75.522
28500,-4.563514872,-12.659933180, 4416,125.910,43.812,76.236,75.501
28560,-4.502499907,-12.626374949, 4419,125.936,44.185,75.949,75.481
28620,-4.441484941,-12.592816718, 4423,125.962,44.557,75.661,75.461
28680,-4.380469975,-12.559258486, 4427,125.988,44.929,75.374,75.441
28740,-4.319455010,-12.525700255, 4431,126.014,45.302,75.087,75.420
28800,-4.258440044,-12.492142024, 4434,126.040,45.674,74.799,75.400
28860,-4.197425078,-12.458583793, 4438,126.066,46.046,74.512,75.380
28920,-4.136410112,-12.425025562, 4442,126.092,46.419,74.224,75.360
28980,-4.075395147,-12.391467331, 4445,126.118,46.791,73.937,75.340
29040,-4.014380181,-12.357909100, 4449,126.144,47.164,73.650,75.319
29100,-3.953365215,-12.324350868, 4453,126.170,47.536,73.362,75.299
29160,-3.892350250,-12.290792637, 4457,126.196,47.908,73.075,75.279
29220,-3.831335284,-12.257234406, 4460,126.223,48.281,72.787,75.259
29280,-3.770320318,-12.223676175, 4464,126.249,48.653,72.500,75.238
29340,-3.709305352,-12.190117944, 4468,126.275,49.026,72.212,75.218
29400,-3.648290387,-12.156559713, 4472,126.301,49.398,71.925,75.198
29460,-3.587275421,-12.123001482, 4475,126.327,49.770,71.638,75.178
29520,-3.526260455,-12.089443250, 4479,126.353,50.143,71.350,75.157
29580,-3.465245490,-12.055885019, 4483,126.379,50.515,71.063,75.137
29640,-3.404230524,-12.022326788, 4486,126.405,50.888,70.775,75.117
29700,-3.343215558,-11.988768557, 4490,126.431,51.260,70.488,75.097
29760,-3.282200592,-11.955210326, 4494,126.457,51.632,70.201,75.077
29820,-3.221185627,-11.921652095, 4498,126.483,52.005,69.913,75.056
29880,-3.160170661,-11.888093864, 4501,126.509,52.377,69.626,75.036
29940,-3.099155695,-11.854535632, 4505,126.535,52.749,69.338,75.016
30000,-3.038140730,-11.820977401, 4509,126.561,53.122,69.051,74.996
30060,-2.977125764,-11.787419170, 4512,126.587,53.494,68.764,74.975
30120,-2.916110798,-11.753860939, 4516,126.613,53.867,68.476,74.955
30180,-2.855095832,-11.720302708, 4520,126.639,54.239,68.189,74.935
30240,-2.794080867,-11.686744477, 4524,126.665,54.611,67.901,74.915
30300,-2.733065901,-11.653186246, 4527,126.691,54.984,67.614,74.895
30360,-2.672050935,-11.619628014, 4531,126.717,55.356,67.326,74.874
30420,-2.611035970,-11.586069783, 4535,126.743,55.729,67.039,74.854
30480,-2.550021004,-11.552511552, 4538,126.769,56.101,66.752,74.834
30540,-2.489006038,-11.518953321, 4542,126.795,56.473,66.464,74.814
30600,-2.427991072,-11.485395090, 4546,126.821,56.846,66.177,74.793
30660,-2.366976107,-11.451836859, 4550,126.847,57.218,65.889,74.773
30720,-2.305961141,-11.418278628, 4553,126.873,57.590,65.602,74.753
30780,-2.244946175,-11.384720396, 4557,126.899,57.963,65.315,74.733
30840,-2.183931210,-11.351162165, 4561,126.926,58.335,65.027,74.712
30900,-2.122916244,-11.317603934, 4565,126.952,58.708,64.740,74.692
30960,-2.061901278,-11.284045703, 4568,126.978,59.080,64.452,74.672
31020,-2.000886312,-11.250487472, 4572,127.004,59.452,64.165,74.652
31080,-1.939871347,-11.216929241, 4576,127.030,59.825,63.878,74.632
31140,-1.878856381,-11.183371010, 4579,127.056,60.197,63.590,74.611
31200,-1.817841415,-11.149812778, 4583,127.082,60.570,63.303,74.591
31260,-1.756826450,-11.116254547, 4587,127.108,60.942,63.015,74.571
31320,-1.695811484,-11.082696316, 4591,127.134,61.314,62.728,74.551
31380,-1.634796518,-11.049138085, 4594,127.160,61.687,62.440,74.530
31440,-1.573781552,-11.015579854, 4598,127.186,62.059,62.153,74.510
31500,-1.512766587,-10.982021623, 4602,127.212,62.431,61.866,74.490
31560,-1.451751621,-10.948463392, 4605,127.238,62.804,61.578,74.470
31620,-1.390736655,-10.914905160, 4609,127.264,63.176,61.291,74.450
31680,-1.329721690,-10.881346929, 4613,127.290,63.549,61.003,74.429
31740,-1.268706724,-10.847788698, 4617,127.316,63.921,60.716,74.409
31800,-1.207691758,-10.814230467, 4620,127.342,64.293,60.429,74.389
31860,-1.146676793,-10.780672236, 4624,127.368,64.666,60.141,74.369
31920,-1.085661827,-10.747114005, 4628,127.394,65.038,59.854,74.348
31980,-1.024646861,-10.713555774, 4631,127.420,65.411,59.566,74.328
32040,-0.963631895,-10.679997542, 4635,127.446,65.783,59.279,74.308
32100,-0.902616930,-10.646439311, 4639,127.472,66.155,58.992,74.288
32160,-0.841601964,-10.612881080, 4643,127.498,66.528,58.704,74.268
32220,-0.780586998,-10.579322849, 4646,127.524,66.900,58.417,74.247
32280,-0.719572033,-10.545764618, 4650,127.550,67.273,58.129,74.227
32340,-0.658557067,-10.512206387, 4654,127.576,67.645,57.842,74.207
32400,-0.597542101,-10.478648156, 4657,127.602,68.017,57.554,74.187
32460,-0.536527135,-10.445089924, 4661,127.628,68.390,57.267,74.166
32520,-0.475512170,-10.411531693, 4665,127.655,68.762,56.980,74.146
32580,-0.414497204,-10.377973462, 4669,127.681,69.134,56.692,74.126
32640,-0.353482238,-10.344415231, 4672,127.707,69.507,56.405,74.106
32700,-0.292467273,-10.310857000, 4676,127.733,69.879,56.117,74.085
32760,-0.231452307,-10.277298769, 4680,127.759,70.252,55.830,74.065
32820,-0.170437341,-10.243740538, 4684,127.785,70.624,55.543,74.045
32880,-0.109422375,-10.210182306, 4687,127.811,70.996,55.255,74.025
32940,-0.048407410,-10.176624075, 4691,127.837,71.369,54.968,74.005
33000,0.012607556,-10.143065844, 4695,127.863,71.741,54.680,73.984
33060,0.073622522,-10.109507613, 4698,127.889,72.114,54.393,73.964
33120,0.134637487,-10.075949382, 4702,127.915,72.486,54.106,73.944
33180,0.195652453,-10.042391151, 4706,127.941,72.858,53.818,73.924
33240,0.256667419,-10.008832920, 4710,127.967,73.231,53.531,73.903
33300,0.317682385,-9.975274688, 4713,127.993,73.603,53.243,73.883
33360,0.378697350,-9.941716457, 4717,128.019,73.975,52.956,73.863
33420,0.439712316,-9.908158226, 4721,128.045,74.348,52.668,73.843
33480,0.500727282,-9.874599995, 4724,128.071,74.720,52.381,73.823
33540,0.561742247,-9.841041764, 4728,128.097,75.093,52.094,73.802
33600,0.622757213,-9.807483533, 4732,128.123,75.465,51.806,73.782
33660,0.683772179,-9.773925302, 4736,128.149,75.837,51.519,73.762
33720,0.744787145,-9.740367070, 4739,128.175,76.210,51.231,73.742
33780,0.805802110,-9.706808839, 4743,128.201,76.582,50.944,73.721
33840,0.866817076,-9.673250608, 4747,128.227,76.955,50.657,73.701
33900,0.927832042,-9.639692377, 4750,128.253,77.327,50.369,73.681
33960,0.988847007,-9.606134146, 4754,128.279,77.699,50.082,73.661
34020,1.049861973,-9.572575915, 4758,128.305,78.072,49.794,73.640
34080,1.110876939,-9.539017684, 4762,128.331,78.444,49.507,73.620
34140,1.171891905,-9.505459453, 4765,128.358,78.817,49.220,73.600
34200,1.232906870,-9.471901221, 4769,128.384,79.189,48.932,73.580
34260,1.293921836,-9.438342990, 4773,128.410,79.561,48.645,73.560
34320,1.354936802,-9.404784759, 4777,128.436,79.934,48.357,73.539
34380,1.415951767,-9.371226528, 4780,128.462,80.306,48.070,73.519
34440,1.476966733,-9.337668297, 4784,128.488,80.678,47.782,73.499
34500,1.537981699,-9.304110066, 4788,128.514,81.051,47.495,73.479
34560,1.598996665,-9.270551835, 4791,128.540,81.423,47.208,73.458
34620,1.660011630,-9.236993603, 4795,128.566,81.796,46.920,73.438
34680,1.721026596,-9.203435372, 4799,128.592,82.168,46.633,73.418
34740,1.782041562,-9.169877141, 4803,128.618,82.540,46.345,73.398
34800,1.843056527,-9.136318910, 4806,128.644,82.913,46.058,73.378
34860,1.904071493,-9.102760679, 4810,128.670,83.285,45.771,73.357
34920,1.965086459,-9.069202448, 4814,128.696,83.658,45.483,73.337
34980,2.026101424,-9.035644217, 4817,128.722,84.030,45.196,73.317
35040,2.087116390,-9.002085985, 4821,128.748,84.402,44.908,73.297
35100,2.148131356,-8.968527754, 4825,128.774,84.775,44.621,73.276
35160,2.209146322,-8.934969523, 4829,128.800,85.147,44.334,73.256
35220,2.270161287,-8.901411292, 4832,128.826,85.519,44.046,73.236
35280,2.331176253,-8.867853061, 4836,128.852,85.892,43.759,73.216
35340,2.392191219,-8.834294830, 4840,128.878,86.264,43.471,73.196
35400,2.453206184,-8.800736599, 4843,128.904,86.637,43.184,73.175
35460,2.514221150,-8.767178367, 4847,128.930,87.009,42.897,73.155
35520,2.575236116,-8.733620136, 4851,128.956,87.381,42.609,73.135
35580,2.636251082,-8.700061905, 4855,128.982,87.754,42.322,73.115
35640,2.697266047,-8.666503674, 4858,129.008,88.126,42.034,73.094
35700,2.758281013,-8.632945443, 4862,129.034,88.499,41.747,73.074
35760,2.819295979,-8.599387212, 4866,129.060,88.871,41.459,73.054
35820,2.880310944,-8.565828981, 4870,129.087,89.243,41.172,73.034
35880,2.941325910,-8.532270749, 4873,129.113,89.616,40.885,73.013
35940,3.000000000,-8.497015322, 4877,129.182,90.780,40.596,72.990
36000,3.000000000,-8.419219648, 4877,130.349,111.787,40.285,72.883
36060,3.000000000,-8.341423973, 4877,131.516,132.794,39.973,72.776
36120,3.000000000,-8.263628299, 4877,132.683,153.800,39.661,72.669
36180,3.000000000,-8.185832624, 4877,133.850,174.807,39.349,72.562
36240,3.000000000,-8.108036950, 4877,135.017,195.814,39.037,72.454
36300,3.000000000,-8.030241275, 4877,136.184,216.821,38.726,72.347
36360,3.000000000,-7.952445601, 4877,137.351,237.828,38.414,72.240
36420,3.000000000,-7.874649926, 4877,138.518,258.835,38.102,72.133
36480,3.000000000,-7.796854251, 4877,139.685,279.842,37.790,72.026
36540,3.000000000,-7.719058577, 4877,140.852,300.848,37.479,71.919
36600,3.000000000,-7.641262902, 4877,142.019,321.855,37.167,71.812
36660,3.000000000,-7.563467228, 4877,143.186,342.862,36.855,71.705
36720,3.000000000,-7.500000000, 4822,143.751,358.968,36.557,71.598
36780,3.000000000,-7.500000000, 4522,141.651,353.362,36.321,71.493
36840,3.000000000,-7.500000000, 4222,139.551,347.757,36.085,71.387
36900,3.000000000,-7.500000000, 3922,137.451,342.151,35.849,71.282
36960,3.000000000,-7.500000000, 3622,135.351,336.546,35.613,71.177
37020,3.000000000,-7.500000000, 3322,133.251,330.940,35.377,71.071
37080,3.000000000,-7.500000000, 3022,131.151,325.334,35.141,70.966
37140,3.000000000,-7.500000000, 2722,129.051,319.729,34.905,70.860
37200,3.000000000,-7.500000000, 2422,126.951,314.123,34.669,70.755
37260,3.000000000,-7.500000000, 2122,124.851,308.518,34.433,70.650
37320,3.000000000,-7.500000000, 1822,122.751,302.912,34.197,70.544
37380,3.000000000,-7.500000000, 1522,120.651,297.307,33.961,70.439
37440,3.000000000,-7.500000000, 1222,118.551,291.701,33.725,70.334
37500,3.000000000,-7.500000000,  922,116.451,286.096,33.489,70.228
37560,3.000000000,-7.500000000,  622,114.351,280.490,33.253,70.123
37620,3.000000000,-7.500000000,  322,112.251,274.885,33.017,70.018
37680,3.000000000,-7.507830418,   61,110.427,271.181,32.789,69.913
37740,3.000000000,-7.567431251,   61,110.427,280.054,32.611,69.817
37800,3.000000000,-7.627032084,   61,110.427,288.926,32.433,69.720
37860,3.000000000,-7.686632917,   61,110.427,297.798,32.256,69.623
37920,3.000000000,-7.746233751,   61,110.427,306.671,32.078,69.526
37980,3.000000000,-7.805834584,   61,110.427,315.543,31.900,69.429
38040,3.000000000,-7.865435417,   61,110.427,324.415,31.722,69.333
38100,3.000000000,-7.925036250,   61,110.427,333.287,31.544,69.236
38160,3.000000000,-7.984637083,   61,110.427,342.160,31.366,69.139
38220,3.000000000,-8.044237916,   61,110.427,351.032,31.188,69.042
38280,3.000000000,-8.103838749,   61,110.427,359.904,31.010,68.946
38340,3.000000000,-8.104482217,  358,109.461,305.231,30.778,68.804
38400,3.000000000,-8.104482217,  658,108.486,249.863,30.546,68.663
38460,3.000000000,-8.104482217,  958,107.510,194.496,30.313,68.521
38520,3.000000000,-8.104482217, 1258,106.534,139.129,30.080,68.379
38580,3.000000000,-8.097161546, 1524,105.859,93.422,29.841,68.231
38640,3.000000000,-8.032033167, 1524,107.558,124.001,29.550,68.025
38700,3.000000000,-7.966904787, 1524,109.256,154.579,29.260,67.819
38760,3.000000000,-7.901776408, 1524,110.955,185.157,28.969,67.614
38820,3.000000000,-7.836648028, 1524,112.654,215.736,28.678,67.408
38880,3.000000000,-7.771519649, 1524,114.352,246.314,28.388,67.203
38940,3.000000000,-7.706391269, 1524,116.051,276.893,28.097,66.997
39000,3.000000000,-7.641262890, 1524,117.750,307.471,27.807,66.792
39060,3.000000000,-7.576134510, 1524,119.449,338.050,27.516,66.586
39120,3.000000000,-7.529382986, 1609,119.960,336.581,27.243,66.387
39180,3.000000000,-7.529382986, 1909,117.449,253.584,27.015,66.202
39240,3.000000000,-7.529382986, 2209,114.938,170.587,26.787,66.017
39300,3.000000000,-7.527399010, 2500,112.545,90.799,26.557,65.829
39360,3.000000000,-7.458583182, 2500,114.118,119.108,26.270,65.555
