src/Components/missions/ORACLES/Plans/ORACLES-Flt-plan_p3_20160924_R0.ict
42, 1001
Samuel LeBlanc
NASA Ames Research Center
Simulated flight plan
ORACLES
1,1
2016,09,24,2016,09,24
60
Start_UTC, seconds from midnight UTC, time keeping
7
1,1,1,1,1,1,1
-9999,-9999,-9999,-9999,-9999,-9999,-9999
Latitude, Degrees (North positive), Planned latitude position of the aircraft
Longitude, Degrees (East positive), Planned longitude position of the aircraft
Altitude, meters (above sea level), Planned altitude of the aircraft
speed, meters per second (m/s), Estimated speed of aircraft
Bearing, degrees from north, Direction of travel of the plane per respect to north
SZA, degrees from zenith, Elevation position of the sun in the sky per respect to zenith
AZI, degrees from north, Azimuthal position of the sun in the sky per respect to north
1
Simulated aircraft data interpolated from flight plan waypoints
20
-----------------------------------------------------------------------------
PI_CONTACT_INFO: Samuel LeBlanc, samuel.leblanc@nasa.gov
PLATFORM: p3
LOCATION: N/A
ASSOCIATED_DATA: N/A
INSTRUMENT_INFO: None
DATA_INFO: Compiled with flight planner: moving lines v1.02
UNCERTAINTY: Undefined
ULOD_FLAG: -7777
ULOD_VALUE: N/A
LLOD_FLAG: -8888
LLOD_VALUE: N/A
DM_CONTACT_INFO: See PI
PROJECT_INFO: ORACLES
STIPULATIONS_ON_USE: None
OTHER_COMMENTS: N/A
REVISION: RA
RA: First iteration of the flight plan
-----------------------------------------------------------------------------
Start_UTC,Latitude,Longitude,Altitude,speed,Bearing,SZA,AZI
22500,-22.979716667,14.645283333,   95,150.000,268.911,70.958,82.356
22560,-22.980598396,14.573761833,  276,148.908,271.472,70.796,82.277
22620,-22.981480125,14.502240333,  458,147.815,274.033,70.634,82.197
22680,-22.982361854,14.430718833,  639,146.723,276.594,70.472,82.118
22740,-22.983243584,14.359197333,  820,145.630,279.154,70.310,82.039
22800,-22.984125313,14.287675833, 1002,144.538,281.715,70.147,81.960
22860,-22.985007042,14.216154334, 1183,143.446,284.276,69.985,81.881
22920,-22.985888771,14.144632834, 1365,142.353,286.836,69.823,81.802
22980,-22.986770501,14.073111334, 1546,141.261,289.397,69.661,81.723
23040,-22.987652230,14.001589834, 1727,140.168,291.958,69.499,81.643
23100,-22.988533959,13.930068334, 1909,139.076,294.518,69.337,81.564
23160,-22.989415688,13.858546834, 2090,137.984,297.079,69.175,81.485
23220,-22.990297418,13.787025334, 2271,136.891,299.640,69.013,81.406
23280,-22.991179147,13.715503834, 2453,135.799,302.200,68.850,81.327
23340,-22.992060876,13.643982334, 2634,134.706,304.761,68.688,81.248
23400,-22.992942605,13.572460834, 2816,133.614,307.322,68.526,81.169
23460,-22.993824335,13.500939334, 2997,132.522,309.882,68.364,81.090
23520,-22.994706064,13.429417834, 3178,131.429,312.443,68.202,81.010
23580,-22.995587793,13.357896334, 3360,130.337,315.004,68.040,80.931
23640,-22.996469522,13.286374834, 3541,129.244,317.564,67.878,80.852
23700,-22.997351251,13.214853334, 3722,128.152,320.125,67.716,80.773
23760,-22.998232981,13.143331834, 3904,127.060,322.686,67.554,80.694
23820,-22.999114710,13.071810334, 4085,125.967,325.246,67.391,80.615
23880,-22.999996439,13.000288834, 4266,124.875,327.807,67.229,80.536
23940,-22.941397392,12.960931595, 4279,124.954,328.446,67.026,80.469
24000,-22.882557163,12.921704775, 4291,125.037,329.077,66.822,80.402
24060,-22.823716934,12.882477956, 4303,125.121,329.708,66.619,80.335
24120,-22.764876704,12.843251136, 4315,125.205,330.340,66.415,80.268
24180,-22.706036475,12.804024317, 4327,125.289,330.971,66.211,80.202
24240,-22.647196246,12.764797497, 4339,125.372,331.602,66.008,80.135
24300,-22.588356016,12.725570678, 4351,125.456,332.233,65.804,80.068
24360,-22.529515787,12.686343858, 4363,125.540,332.865,65.600,80.001
24420,-22.470675558,12.647117038, 4375,125.623,333.496,65.397,79.934
24480,-22.411835328,12.607890219, 4387,125.707,334.127,65.193,79.868
24540,-22.352995099,12.568663399, 4399,125.791,334.758,64.989,79.801
24600,-22.294154870,12.529436580, 4411,125.874,335.389,64.786,79.734
24660,-22.235314640,12.490209760, 4423,125.958,336.021,64.582,79.667
24720,-22.176474411,12.450982941, 4435,126.042,336.652,64.379,79.600
24780,-22.117634182,12.411756121, 4446,126.125,337.283,64.175,79.533
24840,-22.058793952,12.372529302, 4458,126.209,337.914,63.971,79.467
24900,-21.999953723,12.333302482, 4470,126.293,338.545,63.768,79.400
24960,-21.941113494,12.294075662, 4482,126.377,339.177,63.564,79.333
25020,-21.882273264,12.254848843, 4494,126.460,339.808,63.360,79.266
25080,-21.823433035,12.215622023, 4506,126.544,340.439,63.157,79.199
25140,-21.764592806,12.176395204, 4518,126.628,341.070,62.953,79.133
25200,-21.705752576,12.137168384, 4530,126.711,341.701,62.749,79.066
25260,-21.646912347,12.097941565, 4542,126.795,342.333,62.546,78.999
25320,-21.588072118,12.058714745, 4554,126.879,342.964,62.342,78.932
25380,-21.529231888,12.019487925, 4566,126.962,343.595,62.138,78.865
25440,-21.470391659,11.980261106, 4578,127.046,344.226,61.935,78.799
25500,-21.411551430,11.941034286, 4590,127.130,344.858,61.731,78.732
25560,-21.352711200,11.901807467, 4602,127.214,345.489,61.528,78.665
25620,-21.293870971,11.862580647, 4614,127.297,346.120,61.324,78.598
25680,-21.235030742,11.823353828, 4626,127.381,346.751,61.120,78.531
25740,-21.176190512,11.784127008, 4638,127.465,347.382,60.917,78.464
25800,-21.117350283,11.744900189, 4650,127.548,348.014,60.713,78.398
25860,-21.058510054,11.705673369, 4662,127.632,348.645,60.509,78.331
25920,-20.999669824,11.666446549, 4674,127.716,349.276,60.306,78.264
25980,-20.940829595,11.627219730, 4686,127.799,349.907,60.102,78.197
26040,-20.881989366,11.587992910, 4698,127.883,350.538,59.898,78.130
26100,-20.823149136,11.548766091, 4710,127.967,351.170,59.695,78.064
26160,-20.764308907,11.509539271, 4721,128.050,351.801,59.491,77.997
26220,-20.705468677,11.470312452, 4733,128.134,352.432,59.288,77.930
26280,-20.646628448,11.431085632, 4745,128.218,353.063,59.084,77.863
26340,-20.587788219,11.391858813, 4757,128.302,353.694,58.880,77.796
26400,-20.528947989,11.352631993, 4769,128.385,354.326,58.677,77.730
26460,-20.470107760,11.313405173, 4781,128.469,354.957,58.473,77.663
26520,-20.411267531,11.274178354, 4793,128.553,355.588,58.269,77.596
26580,-20.352427301,11.234951534, 4805,128.636,356.219,58.066,77.529
26640,-20.293587072,11.195724715, 4817,128.720,356.851,57.862,77.462
26700,-20.234746843,11.156497895, 4829,128.804,357.482,57.658,77.395
26760,-20.175906613,11.117271076, 4841,128.887,358.113,57.455,77.329
26820,-20.117066384,11.078044256, 4853,128.971,358.744,57.251,77.262
26880,-20.058226155,11.038817437, 4865,129.055,359.375,57.047,77.195
26940,-19.999128111,11.000000000, 4877,129.140,360.000,56.843,77.128
27000,-19.915584305,11.000000000, 4877,129.410,360.000,56.590,77.074
27060,-19.832040499,11.000000000, 4877,129.681,360.000,56.336,77.020
27120,-19.748496693,11.000000000, 4877,129.951,360.000,56.082,76.966
27180,-19.664952887,11.000000000, 4877,130.221,360.000,55.829,76.912
27240,-19.581409081,11.000000000, 4877,130.491,360.000,55.575,76.858
27300,-19.497865275,11.000000000, 4877,130.761,360.000,55.321,76.804
27360,-19.414321469,11.000000000, 4877,131.031,360.000,55.068,76.750
27420,-19.330777663,11.000000000, 4877,131.301,360.000,54.814,76.696
27480,-19.247233857,11.000000000, 4877,131.571,360.000,54.561,76.642
27540,-19.163690051,11.000000000, 4877,131.841,360.000,54.307,76.588
27600,-19.080146245,11.000000000, 4877,132.111,360.000,54.053,76.534
27660,-18.996602439,11.000000000, 4877,132.381,360.000,53.800,76.480
27720,-18.913058633,11.000000000, 4877,132.651,360.000,53.546,76.426
27780,-18.829514826,11.000000000, 4877,132.922,360.000,53.292,76.371
27840,-18.745971020,11.000000000, 4877,133.192,360.000,53.039,76.317
27900,-18.662427214,11.000000000, 4877,133.462,360.000,52.785,76.263
27960,-18.578883408,11.000000000, 4877,133.732,360.000,52.531,76.209
28020,-18.495339602,11.000000000, 4877,134.002,360.000,52.278,76.155
28080,-18.411795796,11.000000000, 4877,134.272,360.000,52.024,76.101
28140,-18.328251990,11.000000000, 4877,134.542,360.000,51.770,76.047
28200,-18.244708184,11.000000000, 4877,134.812,360.000,51.517,75.993
28260,-18.161164378,11.000000000, 4877,135.082,360.000,51.263,75.939
28320,-18.077620572,11.000000000, 4877,135.352,360.000,51.010,75.885
28380,-17.994076766,11.000000000, 4877,135.622,360.000,50.756,75.831
28440,-17.910532960,11.000000000, 4877,135.892,360.000,50.502,75.777
28500,-17.826989154,11.000000000, 4877,136.163,360.000,50.249,75.723
28560,-17.743445348,11.000000000, 4877,136.433,360.000,49.995,75.669
28620,-17.659901542,11.000000000, 4877,136.703,360.000,49.741,75.615
28680,-17.576357735,11.000000000, 4877,136.973,360.000,49.488,75.560
28740,-17.492813929,11.000000000, 4877,137.243,360.000,49.234,75.506
28800,-17.409270123,11.000000000, 4877,137.513,360.000,48.980,75.452
28860,-17.325726317,11.000000000, 4877,137.783,360.000,48.727,75.398
28920,-17.242182511,11.000000000, 4877,138.053,360.000,48.473,75.344
28980,-17.158638705,11.000000000, 4877,138.323,360.000,48.219,75.290
29040,-17.075094899,11.000000000, 4877,138.593,360.000,47.966,75.236
29100,-16.991551093,11.000000000, 4877,138.863,360.000,47.712,75.182
29160,-16.908007287,11.000000000, 4877,139.133,360.000,47.459,75.128
29220,-16.824463481,11.000000000, 4877,139.403,360.000,47.205,75.074
29280,-16.740919675,11.000000000, 4877,139.674,360.000,46.951,75.020
29340,-16.657375869,11.000000000, 4877,139.944,360.000,46.698,74.966
29400,-16.573832063,11.000000000, 4877,140.214,360.000,46.444,74.912
29460,-16.490288257,11.000000000, 4877,140.484,360.000,46.190,74.858
29520,-16.406744451,11.000000000, 4877,140.754,360.000,45.937,74.804
29580,-16.323200644,11.000000000, 4877,141.024,360.000,45.683,74.750
29640,-16.239656838,11.000000000, 4877,141.294,360.000,45.429,74.695
29700,-16.156113032,11.000000000, 4877,141.564,360.000,45.176,74.641
29760,-16.072569226,11.000000000, 4877,141.834,360.000,44.922,74.587
29820,-15.989025420,11.000000000, 4877,142.104,360.000,44.668,74.533
29880,-15.905481614,11.000000000, 4877,142.374,360.000,44.415,74.479
29940,-15.821937808,11.000000000, 4877,142.644,360.000,44.161,74.425
30000,-15.738394002,11.000000000, 4877,142.915,360.000,43.908,74.371
30060,-15.654850196,11.000000000, 4877,143.185,360.000,43.654,74.317
30120,-15.571306390,11.000000000, 4877,143.455,360.000,43.400,74.263
30180,-15.487762584,11.000000000, 4877,143.725,360.000,43.147,74.209
30240,-15.404218778,11.000000000, 4877,143.995,360.000,42.893,74.155
30300,-15.320674972,11.000000000, 4877,144.265,360.000,42.639,74.101
30360,-15.237131166,11.000000000, 4877,144.535,360.000,42.386,74.047
30420,-15.153587360,11.000000000, 4877,144.805,360.000,42.132,73.993
30480,-15.070043553,11.000000000, 4877,145.075,360.000,41.878,73.939
30540,-14.986499747,11.000000000, 4877,145.345,360.000,41.625,73.884
30600,-14.902955941,11.000000000, 4877,145.615,360.000,41.371,73.830
30660,-14.819412135,11.000000000, 4877,145.885,360.000,41.117,73.776
30720,-14.735868329,11.000000000, 4877,146.155,360.000,40.864,73.722
30780,-14.652324523,11.000000000, 4877,146.426,360.000,40.610,73.668
30840,-14.568780717,11.000000000, 4877,146.696,360.000,40.357,73.614
30900,-14.485236911,11.000000000, 4877,146.966,360.000,40.103,73.560
30960,-14.401693105,11.000000000, 4877,147.236,360.000,39.849,73.506
31020,-14.318149299,11.000000000, 4877,147.506,360.000,39.596,73.452
31080,-14.234605493,11.000000000, 4877,147.776,360.000,39.342,73.398
31140,-14.151061687,11.000000000, 4877,148.046,360.000,39.088,73.344
31200,-14.067517881,11.000000000, 4877,148.316,360.000,38.835,73.290
31260,-13.983974075,11.000000000, 4877,148.586,360.000,38.581,73.236
31320,-13.900430269,11.000000000, 4877,148.856,360.000,38.327,73.182
31380,-13.816886462,11.000000000, 4877,149.126,360.000,38.074,73.128
31440,-13.733342656,11.000000000, 4877,149.396,360.000,37.820,73.073
31500,-13.649798850,11.000000000, 4877,149.667,360.000,37.566,73.019
31560,-13.566255044,11.000000000, 4877,149.937,360.000,37.313,72.965
31620,-13.482711238,11.000000000, 4877,150.207,360.000,37.059,72.911
31680,-13.399167432,11.000000000, 4877,150.477,360.000,36.806,72.857
31740,-13.315623626,11.000000000, 4877,150.747,360.000,36.552,72.803
31800,-13.232079820,11.000000000, 4877,151.017,360.000,36.298,72.749
31860,-13.148536014,11.000000000, 4877,151.287,360.000,36.045,72.695
31920,-13.064992208,11.000000000, 4877,151.557,360.000,35.791,72.641
31980,-12.981448402,11.000000000, 4877,151.827,360.000,35.537,72.587
32040,-12.897904596,11.000000000, 4877,152.097,360.000,35.284,72.533
32100,-12.814360790,11.000000000, 4877,152.367,360.000,35.030,72.479
32160,-12.730816984,11.000000000, 4877,152.637,360.000,34.776,72.425
32220,-12.647273178,11.000000000, 4877,152.907,360.000,34.523,72.371
32280,-12.563729371,11.000000000, 4877,153.178,360.000,34.269,72.317
32340,-12.480185565,11.000000000, 4877,153.448,360.000,34.015,72.262
32400,-12.396641759,11.000000000, 4877,153.718,360.000,33.762,72.208
32460,-12.313097953,11.000000000, 4877,153.988,360.000,33.508,72.154
32520,-12.229554147,11.000000000, 4877,154.258,360.000,33.255,72.100
32580,-12.146010341,11.000000000, 4877,154.528,360.000,33.001,72.046
32640,-12.062466535,11.000000000, 4877,154.798,360.000,32.747,71.992
32700,-11.978922729,11.000000000, 4877,155.000,360.000,32.492,71.940
32760,-11.895378923,11.000000000, 4877,155.000,360.000,32.233,71.894
32820,-11.811835117,11.000000000, 4877,155.000,360.000,31.973,71.848
32880,-11.728291311,11.000000000, 4877,155.000,360.000,31.714,71.803
32940,-11.644747505,11.000000000, 4877,155.000,360.000,31.455,71.757
33000,-11.561203699,11.000000000, 4877,155.000,360.000,31.195,71.711
33060,-11.477659893,11.000000000, 4877,155.000,360.000,30.936,71.665
33120,-11.394116087,11.000000000, 4877,155.000,360.000,30.676,71.619
33180,-11.310572280,11.000000000, 4877,155.000,360.000,30.417,71.573
33240,-11.227028474,11.000000000, 4877,155.000,360.000,30.158,71.527
33300,-11.143484668,11.000000000, 4877,155.000,360.000,29.898,71.481
33360,-11.059940862,11.000000000, 4877,155.000,360.000,29.639,71.436
33420,-10.976397056,11.000000000, 4877,155.000,360.000,29.379,71.390
33480,-10.892853250,11.000000000, 4877,155.000,360.000,29.120,71.344
33540,-10.809309444,11.000000000, 4877,155.000,360.000,28.861,71.298
33600,-10.725765638,11.000000000, 4877,155.000,360.000,28.601,71.252
33660,-10.642221832,11.000000000, 4877,155.000,360.000,28.342,71.206
33720,-10.558678026,11.000000000, 4877,155.000,360.000,28.082,71.160
33780,-10.475134220,11.000000000, 4877,155.000,360.000,27.823,71.114
33840,-10.391590414,11.000000000, 4877,155.000,360.000,27.564,71.069
33900,-10.308046608,11.000000000, 4877,155.000,360.000,27.304,71.023
33960,-10.224502802,11.000000000, 4877,155.000,360.000,27.045,70.977
34020,-10.140958996,11.000000000, 4877,155.000,360.000,26.786,70.931
34080,-10.057415189,11.000000000, 4877,155.000,360.000,26.526,70.885
34140,-9.973871383,11.000000000, 4877,155.000,357.648,26.266,70.838
34200,-9.890327577,11.000000000, 4877,155.000,350.129,26.006,70.788
34260,-9.806783771,11.000000000, 4877,155.000,342.611,25.745,70.738
34320,-9.723239965,11.000000000, 4877,155.000,335.092,25.484,70.688
34380,-9.639696159,11.000000000, 4877,155.000,327.573,25.224,70.639
34440,-9.556152353,11.000000000, 4877,155.000,320.054,24.963,70.589
34500,-9.472608547,11.000000000, 4877,155.000,312.535,24.703,70.539
34560,-9.389064741,11.000000000, 4877,155.000,305.016,24.442,70.489
34620,-9.305520935,11.000000000, 4877,155.000,297.497,24.181,70.439
34680,-9.221977129,11.000000000, 4877,155.000,289.978,23.921,70.390
34740,-9.138433323,11.000000000, 4877,155.000,282.459,23.660,70.340
34800,-9.054889517,11.000000000, 4877,155.000,274.940,23.399,70.290
34860,-8.971345711,11.000000000, 4877,155.000,267.421,23.139,70.240
34920,-8.887801905,11.000000000, 4877,155.000,259.902,22.878,70.190
34980,-8.804258099,11.000000000, 4877,155.000,252.383,22.618,70.140
35040,-8.720714292,11.000000000, 4877,155.000,244.864,22.357,70.091
35100,-8.637170486,11.000000000, 4877,155.000,237.345,22.096,70.041
35160,-8.553626680,11.000000000, 4877,155.000,229.826,21.836,69.991
35220,-8.470082874,11.000000000, 4877,155.000,222.307,21.575,69.941
35280,-8.386539068,11.000000000, 4877,155.000,214.789,21.314,69.891
35340,-8.302995262,11.000000000, 4877,155.000,207.270,21.054,69.842
35400,-8.219451456,11.000000000, 4877,155.000,199.751,20.793,69.792
35460,-8.135907650,11.000000000, 4877,155.000,192.232,20.532,69.742
35520,-8.052363844,11.000000000, 4877,155.000,184.713,20.272,69.692
35580,-8.006457569,11.000000000, 4875,154.968,180.000,20.088,70.444
35640,-8.023760023,11.000000000, 4870,154.881,180.000,20.032,72.541
35700,-8.041062477,11.000000000, 4864,154.795,180.000,19.976,74.638
35760,-8.058364931,11.000000000, 4859,154.708,180.000,19.920,76.735
35820,-8.075667385,11.000000000, 4854,154.622,180.000,19.864,78.833
35880,-8.092969839,11.000000000, 4848,154.535,180.000,19.809,80.930
35940,-8.110272293,11.000000000, 4843,154.449,180.000,19.753,83.027
36000,-8.127574748,11.000000000, 4838,154.362,180.000,19.697,85.124
36060,-8.144877202,11.000000000, 4833,154.276,180.000,19.641,87.222
36120,-8.162179656,11.000000000, 4827,154.189,180.000,19.585,89.319
36180,-8.179482110,11.000000000, 4822,154.103,180.000,19.529,91.416
36240,-8.196784564,11.000000000, 4817,154.016,180.000,19.474,93.513
36300,-8.214087018,11.000000000, 4812,153.930,180.000,19.418,95.611
36360,-8.231389472,11.000000000, 4806,153.843,180.000,19.362,97.708
