src/Components/missions/ORACLES/Plans/ORACLES-Flt-plan_p3_20170830_RB.ict
43, 1001
jredeman
NASA Ames Research Center
Simulated flight plan
ORACLES
1,1
2017,08,30,2017,08,30
60
Start_UTC, seconds from midnight UTC, time keeping
7
1,1,1,1,1,1,1
-9999,-9999,-9999,-9999,-9999,-9999,-9999
Latitude, Degrees (North positive), Planned latitude position of the aircraft
Longitude, Degrees (East positive), Planned longitude position of the aircraft
Altitude, meters (above sea level), Planned altitude of the aircraft
speed, meters per second (m/s), Estimated speed of aircraft
Bearing, degrees from north, Direction of travel of the plane per respect to north
SZA, degrees from zenith, Elevation position of the sun in the sky per respect to zenith
AZI, degrees from north, Azimuthal position of the sun in the sky per respect to north
1
Simulated aircraft data interpolated from flight plan waypoints
21
-----------------------------------------------------------------------------
PI_CONTACT_INFO: jredeman
PLATFORM: p3
LOCATION: N/A
ASSOCIATED_DATA: N/A
INSTRUMENT_INFO: None
DATA_INFO: Compiled with flight planner: moving lines v1.2
UNCERTAINTY: Undefined
ULOD_FLAG: -7777
ULOD_VALUE: N/A
LLOD_FLAG: -8888
LLOD_VALUE: N/A
DM_CONTACT_INFO: Samuel LeBlanc, samuel.leblanc@nasa.gov
PROJECT_INFO: ORACLES
STIPULATIONS_ON_USE: None
OTHER_COMMENTS: N/A
REVISION: RB
RB: Version 2 of the flight plan ict 
  RA: First iteration of the flight plan
-----------------------------------------------------------------------------
Start_UTC,Latitude,Longitude,Altitude,speed,Bearing,SZA,AZI
28800,0.378006000,6.708200000,   95,150.000,253.488,53.862,79.257
28860,0.357971019,6.640628064,  381,149.470,254.363,53.687,79.215
28920,0.337936038,6.573056127,  667,148.940,255.238,53.512,79.174
28980,0.317901057,6.505484191,  952,148.410,256.113,53.337,79.132
29040,0.297866076,6.437912254, 1238,147.880,256.988,53.162,79.090
29100,0.277831094,6.370340318, 1524,147.350,257.864,52.987,79.049
29160,0.257796113,6.302768381, 1810,146.820,258.739,52.812,79.007
29220,0.237761132,6.235196445, 2095,146.290,259.614,52.637,78.965
29280,0.217726151,6.167624508, 2381,145.760,260.489,52.462,78.924
29340,0.197691170,6.100052572, 2667,145.230,261.364,52.287,78.882
29400,0.177656189,6.032480636, 2953,144.700,262.239,52.112,78.841
29460,0.157621208,5.964908699, 3238,144.170,263.115,51.937,78.799
29520,0.137586227,5.897336763, 3524,143.640,263.990,51.761,78.757
29580,0.117551246,5.829764826, 3810,143.110,264.865,51.586,78.716
29640,0.097516265,5.762192890, 4096,142.580,265.740,51.411,78.674
29700,0.077481283,5.694620953, 4381,142.050,266.615,51.236,78.632
29760,0.057446302,5.627049017, 4667,141.520,267.491,51.061,78.591
29820,0.037411321,5.559477080, 4953,140.990,268.366,50.886,78.549
29880,0.017376340,5.491905144, 5239,140.460,269.241,50.711,78.508
29940,0.000000000,5.423704029, 5486,140.332,268.007,50.536,78.468
30000,0.000000000,5.351390734, 5486,142.836,252.987,50.362,78.438
30060,0.000000000,5.279077438, 5486,145.339,237.967,50.189,78.408
30120,0.000000000,5.206764142, 5486,147.842,222.947,50.015,78.379
30180,0.000000000,5.134450847, 5486,150.346,207.927,49.841,78.349
30240,0.000000000,5.062137551, 5486,152.849,192.906,49.668,78.320
30300,-0.011756074,5.000000000, 5486,155.000,180.176,49.494,78.249
30360,-0.095299880,5.000000000, 5486,155.000,181.429,49.320,77.930
30420,-0.178843686,5.000000000, 5486,155.000,182.683,49.146,77.610
30480,-0.262387492,5.000000000, 5486,155.000,183.936,48.972,77.291
30540,-0.345931298,5.000000000, 5486,155.000,185.189,48.798,76.972
30600,-0.429475104,5.000000000, 5486,155.000,186.442,48.624,76.652
30660,-0.513018910,5.000000000, 5486,155.000,187.695,48.450,76.333
30720,-0.596562716,5.000000000, 5486,155.000,188.948,48.276,76.014
30780,-0.680106522,5.000000000, 5486,155.000,190.202,48.102,75.694
30840,-0.763650328,5.000000000, 5486,155.000,191.455,47.928,75.375
30900,-0.847194135,5.000000000, 5486,155.000,192.708,47.754,75.056
30960,-0.930737941,5.000000000, 5486,155.000,193.961,47.580,74.736
31020,-1.014281747,5.000000000, 5486,155.000,195.214,47.406,74.417
31080,-1.097825553,5.000000000, 5486,155.000,196.467,47.233,74.098
31140,-1.181369359,5.000000000, 5486,155.000,197.721,47.059,73.778
31200,-1.264913165,5.000000000, 5486,155.000,198.974,46.885,73.459
31260,-1.348456971,5.000000000, 5486,155.000,200.227,46.711,73.140
31320,-1.432000777,5.000000000, 5486,155.000,201.480,46.537,72.820
31380,-1.515544583,5.000000000, 5486,155.000,202.733,46.363,72.501
31440,-1.599088389,5.000000000, 5486,155.000,203.986,46.189,72.182
31500,-1.682632195,5.000000000, 5486,155.000,205.239,46.015,71.862
31560,-1.766176001,5.000000000, 5486,155.000,206.493,45.841,71.543
31620,-1.849719807,5.000000000, 5486,155.000,207.746,45.667,71.224
31680,-1.933263613,5.000000000, 5486,155.000,208.999,45.493,70.904
31740,-2.016807419,5.000000000, 5486,155.000,210.252,45.319,70.585
31800,-2.100351226,5.000000000, 5486,155.000,211.505,45.145,70.266
31860,-2.183895032,5.000000000, 5486,155.000,212.758,44.971,69.946
31920,-2.267438838,5.000000000, 5486,155.000,214.012,44.797,69.627
31980,-2.350982644,5.000000000, 5486,155.000,215.265,44.623,69.308
32040,-2.434526450,5.000000000, 5486,155.000,216.518,44.449,68.988
32100,-2.518070256,5.000000000, 5486,155.000,217.771,44.275,68.669
32160,-2.601614062,5.000000000, 5486,155.000,219.024,44.101,68.350
32220,-2.685157868,5.000000000, 5486,155.000,220.277,43.927,68.030
32280,-2.768701674,5.000000000, 5486,155.000,221.531,43.753,67.711
32340,-2.852245480,5.000000000, 5486,155.000,222.784,43.579,67.392
32400,-2.935789286,5.000000000, 5486,155.000,224.037,43.405,67.072
32460,-3.019333092,5.000000000, 5486,155.000,225.290,43.231,66.753
32520,-3.102876898,5.000000000, 5486,155.000,226.543,43.057,66.434
32580,-3.186420704,5.000000000, 5486,155.000,227.796,42.883,66.114
32640,-3.269964510,5.000000000, 5486,155.000,229.049,42.709,65.795
32700,-3.353508317,5.000000000, 5486,155.000,230.303,42.536,65.476
32760,-3.437052123,5.000000000, 5486,155.000,231.556,42.362,65.156
32820,-3.520595929,5.000000000, 5486,155.000,232.809,42.188,64.837
32880,-3.604139735,5.000000000, 5486,155.000,234.062,42.014,64.518
32940,-3.687683541,5.000000000, 5486,155.000,235.315,41.840,64.198
33000,-3.771227347,5.000000000, 5486,155.000,236.568,41.666,63.879
33060,-3.854771153,5.000000000, 5486,155.000,237.822,41.492,63.560
33120,-3.938314959,5.000000000, 5486,155.000,239.075,41.318,63.240
33180,-4.021858765,5.000000000, 5486,155.000,240.328,41.144,62.921
33240,-4.105402571,5.000000000, 5486,155.000,241.581,40.970,62.602
33300,-4.188946377,5.000000000, 5486,155.000,242.834,40.796,62.282
33360,-4.272490183,5.000000000, 5486,155.000,244.087,40.622,61.963
33420,-4.356033989,5.000000000, 5486,155.000,245.341,40.448,61.644
33480,-4.439577795,5.000000000, 5486,155.000,246.594,40.274,61.324
33540,-4.523121601,5.000000000, 5486,155.000,247.847,40.100,61.005
33600,-4.606665408,5.000000000, 5486,155.000,249.100,39.926,60.686
33660,-4.690209214,5.000000000, 5486,155.000,250.353,39.752,60.366
33720,-4.773753020,5.000000000, 5486,155.000,251.606,39.578,60.047
33780,-4.857296826,5.000000000, 5486,155.000,252.859,39.404,59.728
33840,-4.940840632,5.000000000, 5486,155.000,254.113,39.230,59.408
33900,-5.024384438,5.000000000, 5486,155.000,255.366,39.056,59.089
33960,-5.107928244,5.000000000, 5486,155.000,256.619,38.882,58.770
34020,-5.191472050,5.000000000, 5486,155.000,257.872,38.708,58.450
34080,-5.275015856,5.000000000, 5486,155.000,259.125,38.534,58.131
34140,-5.358559662,5.000000000, 5486,155.000,260.378,38.360,57.812
34200,-5.442103468,5.000000000, 5486,155.000,261.632,38.186,57.492
34260,-5.525647274,5.000000000, 5486,155.000,262.885,38.012,57.173
34320,-5.609191080,5.000000000, 5486,155.000,264.138,37.839,56.854
34380,-5.692734886,5.000000000, 5486,155.000,265.391,37.665,56.534
34440,-5.776278692,5.000000000, 5486,155.000,266.644,37.491,56.215
34500,-5.859822499,5.000000000, 5486,155.000,267.897,37.317,55.896
34560,-5.943366305,5.000000000, 5486,155.000,269.150,37.143,55.576
34620,-6.026910111,5.000000000, 5486,155.000,270.404,36.969,55.257
34680,-6.110453917,5.000000000, 5486,155.000,271.657,36.795,54.938
34740,-6.193997723,5.000000000, 5486,155.000,272.910,36.621,54.618
34800,-6.277541529,5.000000000, 5486,155.000,274.163,36.447,54.299
34860,-6.361085335,5.000000000, 5486,155.000,275.416,36.273,53.980
34920,-6.444629141,5.000000000, 5486,155.000,276.669,36.099,53.660
34980,-6.528172947,5.000000000, 5486,155.000,277.923,35.925,53.341
35040,-6.611716753,5.000000000, 5486,155.000,279.176,35.751,53.022
35100,-6.695260559,5.000000000, 5486,155.000,280.429,35.577,52.702
35160,-6.778804365,5.000000000, 5486,155.000,281.682,35.403,52.383
35220,-6.862348171,5.000000000, 5486,155.000,282.935,35.229,52.063
35280,-6.945891977,5.000000000, 5486,155.000,284.188,35.055,51.744
35340,-7.029435783,5.000000000, 5486,155.000,285.442,34.881,51.425
35400,-7.112979590,5.000000000, 5486,155.000,286.695,34.707,51.105
35460,-7.196523396,5.000000000, 5486,155.000,287.948,34.533,50.786
35520,-7.280067202,5.000000000, 5486,155.000,289.201,34.359,50.467
35580,-7.363611008,5.000000000, 5486,155.000,290.454,34.185,50.147
35640,-7.447154814,5.000000000, 5486,155.000,291.707,34.011,49.828
35700,-7.530698620,5.000000000, 5486,155.000,292.960,33.837,49.509
35760,-7.614242426,5.000000000, 5486,155.000,294.214,33.663,49.189
35820,-7.697786232,5.000000000, 5486,155.000,295.467,33.489,48.870
35880,-7.781330038,5.000000000, 5486,155.000,296.720,33.315,48.551
35940,-7.864873844,5.000000000, 5486,155.000,297.973,33.141,48.231
36000,-7.948417650,5.000000000, 5486,155.000,299.226,32.968,47.912
36060,-8.031961456,5.000000000, 5486,155.000,300.479,32.794,47.593
36120,-8.115505262,5.000000000, 5486,155.000,301.733,32.620,47.273
36180,-8.199049068,5.000000000, 5486,155.000,302.986,32.446,46.954
36240,-8.282592874,5.000000000, 5486,155.000,304.239,32.272,46.635
36300,-8.366136681,5.000000000, 5486,155.000,305.492,32.098,46.315
36360,-8.449680487,5.000000000, 5486,155.000,306.745,31.924,45.996
36420,-8.533224293,5.000000000, 5486,155.000,307.998,31.750,45.677
36480,-8.616768099,5.000000000, 5486,155.000,309.252,31.576,45.357
36540,-8.700311905,5.000000000, 5486,155.000,310.505,31.402,45.038
36600,-8.783855711,5.000000000, 5486,155.000,311.758,31.228,44.719
36660,-8.867399517,5.000000000, 5486,155.000,313.011,31.054,44.399
36720,-8.950943323,5.000000000, 5486,155.000,314.264,30.880,44.080
36780,-9.034487129,5.000000000, 5486,155.000,315.517,30.706,43.761
36840,-9.118030935,5.000000000, 5486,155.000,316.770,30.532,43.441
36900,-9.201574741,5.000000000, 5486,155.000,318.024,30.358,43.122
36960,-9.285118547,5.000000000, 5486,155.000,319.277,30.184,42.803
37020,-9.368662353,5.000000000, 5486,155.000,320.530,30.010,42.483
37080,-9.452206159,5.000000000, 5486,155.000,321.783,29.836,42.164
37140,-9.535749965,5.000000000, 5486,155.000,323.036,29.662,41.845
37200,-9.619293772,5.000000000, 5486,155.000,324.289,29.488,41.525
37260,-9.702837578,5.000000000, 5486,155.000,325.543,29.314,41.206
37320,-9.786381384,5.000000000, 5486,155.000,326.796,29.140,40.887
37380,-9.869925190,5.000000000, 5486,155.000,328.049,28.966,40.567
37440,-9.953468996,5.000000000, 5486,155.000,329.302,28.792,40.248
37500,-10.037012802,5.000000000, 5486,155.000,330.555,28.618,39.929
37560,-10.120556608,5.000000000, 5486,155.000,331.808,28.444,39.609
37620,-10.204100414,5.000000000, 5486,155.000,333.062,28.271,39.290
37680,-10.287644220,5.000000000, 5486,155.000,334.315,28.097,38.971
37740,-10.371188026,5.000000000, 5486,155.000,335.568,27.923,38.651
37800,-10.454731832,5.000000000, 5486,155.000,336.821,27.749,38.332
37860,-10.538275638,5.000000000, 5486,155.000,338.074,27.575,38.013
37920,-10.621819444,5.000000000, 5486,155.000,339.327,27.401,37.693
37980,-10.705363250,5.000000000, 5486,155.000,340.580,27.227,37.374
38040,-10.788907056,5.000000000, 5486,155.000,341.834,27.053,37.055
38100,-10.872450862,5.000000000, 5486,155.000,343.087,26.879,36.735
38160,-10.955994669,5.000000000, 5486,155.000,344.340,26.705,36.416
38220,-11.039538475,5.000000000, 5486,155.000,345.593,26.531,36.097
38280,-11.123082281,5.000000000, 5486,155.000,346.846,26.357,35.777
38340,-11.206626087,5.000000000, 5486,155.000,348.099,26.183,35.458
38400,-11.290169893,5.000000000, 5486,155.000,349.353,26.009,35.139
38460,-11.373713699,5.000000000, 5486,155.000,350.606,25.835,34.819
38520,-11.457257505,5.000000000, 5486,155.000,351.859,25.661,34.500
38580,-11.540801311,5.000000000, 5486,155.000,353.112,25.487,34.181
38640,-11.624345117,5.000000000, 5486,155.000,354.365,25.313,33.861
38700,-11.707888923,5.000000000, 5486,155.000,355.618,25.139,33.542
38760,-11.791432729,5.000000000, 5486,155.000,356.871,24.965,33.223
38820,-11.874976535,5.000000000, 5486,155.000,358.125,24.791,32.903
38880,-11.958520341,5.000000000, 5486,155.000,359.378,24.617,32.584
38940,-12.000000000,5.000000000, 5465,154.826,360.000,24.545,33.545
39000,-12.000000000,5.000000000, 5423,154.479,360.000,24.573,35.768
39060,-12.000000000,5.000000000, 5381,154.133,360.000,24.600,37.992
39120,-12.000000000,5.000000000, 5339,153.786,360.000,24.628,40.215
39180,-12.000000000,5.000000000, 5297,153.440,360.000,24.656,42.438
39240,-12.000000000,5.000000000, 5255,153.093,360.000,24.684,44.662
39300,-12.000000000,5.000000000, 5212,152.747,360.000,24.711,46.885
39360,-12.000000000,5.000000000, 5170,152.400,360.000,24.739,49.109
39420,-12.000000000,5.000000000, 5128,152.054,360.000,24.767,51.332
39480,-12.000000000,5.000000000, 5086,151.708,360.000,24.795,53.556
39540,-12.000000000,5.000000000, 5044,151.361,360.000,24.822,55.779
39600,-12.000000000,5.000000000, 5002,151.015,360.000,24.850,58.002
39660,-12.000000000,5.000000000, 4960,150.668,360.000,24.878,60.226
39720,-12.000000000,5.000000000, 4918,150.322,360.000,24.906,62.449
39780,-12.000000000,5.000000000, 4875,149.975,360.000,24.934,64.673
39840,-12.000000000,5.000000000, 4833,149.629,360.000,24.961,66.896
39900,-12.000000000,5.000000000, 4791,149.282,360.000,24.989,69.119
39960,-12.000000000,5.000000000, 4749,148.936,360.000,25.017,71.343
40020,-12.000000000,5.000000000, 4707,148.590,360.000,25.045,73.566
40080,-12.000000000,5.000000000, 4665,148.243,360.000,25.072,75.790
40140,-12.000000000,5.000000000, 4623,147.897,360.000,25.100,78.013
40200,-12.000000000,5.000000000, 4580,147.550,360.000,25.128,80.236
40260,-12.000000000,5.000000000, 4538,147.204,360.000,25.156,82.460
40320,-12.000000000,5.000000000, 4496,146.857,360.000,25.183,84.683
40380,-12.000000000,5.000000000, 4454,146.511,360.000,25.211,86.907
40440,-12.000000000,5.000000000, 4412,146.164,360.000,25.239,89.130
40500,-12.000000000,5.000000000, 4370,145.818,360.000,25.267,91.353
40560,-12.000000000,5.000000000, 4328,145.472,360.000,25.294,93.577
40620,-12.000000000,5.000000000, 4286,145.125,360.000,25.322,95.800
40680,-12.000000000,5.000000000, 4243,144.779,360.000,25.350,98.024
40740,-12.000000000,5.000000000, 4201,144.432,360.000,25.378,100.247
40800,-12.000000000,5.000000000, 4159,144.086,360.000,25.405,102.470
40860,-12.000000000,5.000000000, 4117,143.739,360.000,25.433,104.694
40920,-12.000000000,5.000000000, 4075,143.393,360.000,25.461,106.917
40980,-12.000000000,5.000000000, 4033,143.046,360.000,25.489,109.141
41040,-12.000000000,5.000000000, 3991,142.700,360.000,25.516,111.364
41100,-12.000000000,5.000000000, 3949,142.354,360.000,25.544,113.588
41160,-12.000000000,5.000000000, 3906,142.007,360.000,25.572,115.811
41220,-12.000000000,5.000000000, 3864,141.661,360.000,25.600,118.034
41280,-12.000000000,5.000000000, 3822,141.314,360.000,25.627,120.258
41340,-12.000000000,5.000000000, 3780,140.968,360.000,25.655,122.481
41400,-12.000000000,5.000000000, 3738,140.621,360.000,25.683,124.705
41460,-12.000000000,5.000000000, 3696,140.275,360.000,25.711,126.928
41520,-12.000000000,5.000000000, 3654,139.928,360.000,25.738,129.151
41580,-12.000000000,5.000000000, 3611,139.582,360.000,25.766,131.375
41640,-12.000000000,5.000000000, 3569,139.236,360.000,25.794,133.598
41700,-12.000000000,5.000000000, 3527,138.889,360.000,25.822,135.822
41760,-12.000000000,5.000000000, 3485,138.543,360.000,25.850,138.045
41820,-12.000000000,5.000000000, 3443,138.196,360.000,25.877,140.268
41880,-12.000000000,5.000000000, 3401,137.850,360.000,25.905,142.492
41940,-12.000000000,5.000000000, 3359,137.503,360.000,25.933,144.715
42000,-12.000000000,5.000000000, 3317,137.157,360.000,25.961,146.939
42060,-12.000000000,5.000000000, 3274,136.810,360.000,25.988,149.162
42120,-12.000000000,5.000000000, 3232,136.464,360.000,26.016,151.385
42180,-12.000000000,5.000000000, 3190,136.118,360.000,26.044,153.609
42240,-12.000000000,5.000000000, 3148,135.771,360.000,26.072,155.832
42300,-12.000000000,5.000000000, 3106,135.425,360.000,26.099,158.056
42360,-12.000000000,5.000000000, 3064,135.078,360.000,26.127,160.279
42420,-12.000000000,5.000000000, 3022,134.732,360.000,26.155,162.502
42480,-12.000000000,5.000000000, 2980,134.385,360.000,26.183,164.726
42540,-12.000000000,5.000000000, 2937,134.039,360.000,26.210,166.949
42600,-12.000000000,5.000000000, 2895,133.692,360.000,26.238,169.173
42660,-12.000000000,5.000000000, 2853,133.346,360.000,26.266,171.396
42720,-12.000000000,5.000000000, 2811,133.000,360.000,26.294,173.620
42780,-12.000000000,5.000000000, 2769,132.653,360.000,26.321,175.843
42840,-12.000000000,5.000000000, 2727,132.307,360.000,26.349,178.066
42900,-12.000000000,5.000000000, 2685,131.960,360.000,26.377,180.290
42960,-12.000000000,5.000000000, 2642,131.614,360.000,26.405,182.513
