src/Components/missions/ORACLES/Plans/ORACLES-Flt-plan_p3_20170826_RA.ict
42, 1001
michaeldiamond
NASA Ames Research Center
Simulated flight plan
ORACLES-2017
1,1
2017,08,26,2017,08,26
60
Start_UTC, seconds from midnight UTC, time keeping
7
1,1,1,1,1,1,1
-9999,-9999,-9999,-9999,-9999,-9999,-9999
Latitude, Degrees (North positive), Planned latitude position of the aircraft
Longitude, Degrees (East positive), Planned longitude position of the aircraft
Altitude, meters (above sea level), Planned altitude of the aircraft
speed, meters per second (m/s), Estimated speed of aircraft
Bearing, degrees from north, Direction of travel of the plane per respect to north
SZA, degrees from zenith, Elevation position of the sun in the sky per respect to zenith
AZI, degrees from north, Azimuthal position of the sun in the sky per respect to north
1
Simulated aircraft data interpolated from flight plan waypoints
20
-----------------------------------------------------------------------------
PI_CONTACT_INFO: michaeldiamond
PLATFORM: p3
LOCATION: N/A
ASSOCIATED_DATA: N/A
INSTRUMENT_INFO: None
DATA_INFO: Compiled with flight planner: moving lines v1.2
UNCERTAINTY: Undefined
ULOD_FLAG: -7777
ULOD_VALUE: N/A
LLOD_FLAG: -8888
LLOD_VALUE: N/A
DM_CONTACT_INFO: Samuel LeBlanc, samuel.leblanc@nasa.gov
PROJECT_INFO: ORACLES-2017
STIPULATIONS_ON_USE: None
OTHER_COMMENTS: N/A
REVISION: RA
RA: First iteration of the flight plan
-----------------------------------------------------------------------------
Start_UTC,Latitude,Longitude,Altitude,speed,Bearing,SZA,AZI
[from data line 238]
43080,-4.177231370,3.103752165, 4877,144.138,281.603,19.795,249.084
43140,-4.151684160,3.175284351, 4877,144.138,284.561,19.703,251.847
43200,-4.126136951,3.246816537, 4877,144.138,287.518,19.612,254.610
43260,-4.100589742,3.318348723, 4877,144.138,290.475,19.521,257.373
43320,-4.075042533,3.389880909, 4877,144.138,293.433,19.429,260.136
43380,-4.049495323,3.461413095, 4877,144.138,296.390,19.338,262.899
43440,-4.023948114,3.532945280, 4877,144.138,299.347,19.247,265.663
43500,-3.998400905,3.604477466, 4877,144.138,302.305,19.155,268.426
43560,-3.972853696,3.676009652, 4877,144.138,305.262,19.064,271.189
43620,-3.947306486,3.747541838, 4877,144.138,308.219,18.973,273.952
43680,-3.921759277,3.819074024, 4877,144.138,311.177,18.881,276.715
43740,-3.896212068,3.890606210, 4877,144.138,314.134,18.790,279.478
43800,-3.870664859,3.962138396, 4877,144.138,317.092,18.699,282.241
43860,-3.845117650,4.033670581, 4877,144.138,320.049,18.607,285.004
43920,-3.819570440,4.105202767, 4877,144.138,323.006,18.516,287.767
43980,-3.794023231,4.176734953, 4877,144.138,325.964,18.425,290.530
44040,-3.768476022,4.248267139, 4877,144.138,328.921,18.333,293.293
44100,-3.742928813,4.319799325, 4877,144.138,331.878,18.242,296.056
44160,-3.717381603,4.391331511, 4877,144.138,334.836,18.151,298.819
44220,-3.691834394,4.462863696, 4877,144.138,337.793,18.059,301.582
44280,-3.666287185,4.534395882, 4877,144.138,340.750,17.968,304.346
44340,-3.640739976,4.605928068, 4877,144.138,343.708,17.877,307.109
44400,-3.615192766,4.677460254, 4877,144.138,346.665,17.785,309.872
44460,-3.589645557,4.748992440, 4877,144.138,349.623,17.694,312.635
44520,-3.564098348,4.820524626, 4877,144.138,352.580,17.603,315.398
44580,-3.538551139,4.892056811, 4877,144.138,355.537,17.511,318.161
44640,-3.513003930,4.963588997, 4877,144.138,358.495,17.420,320.924
44700,-3.461855890,5.000000000, 4877,144.138,357.057,17.447,322.041
44760,-3.384166835,5.000000000, 4877,144.138,351.064,17.596,321.451
44820,-3.306477779,5.000000000, 4877,144.138,345.071,17.746,320.861
44880,-3.228788724,5.000000000, 4877,144.138,339.078,17.895,320.271
44940,-3.151099668,5.000000000, 4877,144.138,333.085,18.045,319.682
45000,-3.073410612,5.000000000, 4877,144.138,327.092,18.194,319.092
45060,-2.995721557,5.000000000, 4877,144.138,321.099,18.343,318.502
45120,-2.918032501,5.000000000, 4877,144.138,315.105,18.493,317.912
45180,-2.840343446,5.000000000, 4877,144.138,309.112,18.642,317.322
45240,-2.762654390,5.000000000, 4877,144.138,303.119,18.792,316.732
45300,-2.684965335,5.000000000, 4877,144.138,297.126,18.941,316.143
45360,-2.607276279,5.000000000, 4877,144.138,291.133,19.091,315.553
45420,-2.529587224,5.000000000, 4877,144.138,285.140,19.240,314.963
45480,-2.451898168,5.000000000, 4877,144.138,279.146,19.389,314.373
45540,-2.374209113,5.000000000, 4877,144.138,273.153,19.539,313.783
45600,-2.296520057,5.000000000, 4877,144.138,267.160,19.688,313.193
45660,-2.218831001,5.000000000, 4877,144.138,261.167,19.838,312.604
45720,-2.141141946,5.000000000, 4877,144.138,255.174,19.987,312.014
45780,-2.063452890,5.000000000, 4877,144.138,249.181,20.136,311.424
45840,-1.985763835,5.000000000, 4877,144.138,243.187,20.286,310.834
45900,-1.908074779,5.000000000, 4877,144.138,237.194,20.435,310.244
45960,-1.830385724,5.000000000, 4877,144.138,231.201,20.585,309.654
46020,-1.752696668,5.000000000, 4877,144.138,225.208,20.734,309.065
46080,-1.675007613,5.000000000, 4877,144.138,219.215,20.883,308.475
46140,-1.597318557,5.000000000, 4877,144.138,213.222,21.033,307.885
46200,-1.519629501,5.000000000, 4877,144.138,207.229,21.182,307.295
46260,-1.441940446,5.000000000, 4877,144.138,201.235,21.332,306.705
46320,-1.364251390,5.000000000, 4877,144.138,195.242,21.481,306.115
46380,-1.286562335,5.000000000, 4877,144.138,189.249,21.631,305.526
46440,-1.208873279,5.000000000, 4877,144.138,183.256,21.780,304.936
46500,-1.131184224,5.000000000, 4877,144.138,177.263,21.929,304.346
46560,-1.053495168,5.000000000, 4877,144.138,171.270,22.079,303.756
46620,-0.975806113,5.000000000, 4877,144.138,165.276,22.228,303.166
46680,-0.898117057,5.000000000, 4877,144.138,159.283,22.378,302.576
46740,-0.820428002,5.000000000, 4877,144.138,153.290,22.527,301.987
46800,-0.742738946,5.000000000, 4877,144.138,147.297,22.676,301.397
46860,-0.665049890,5.000000000, 4877,144.138,141.304,22.826,300.807
46920,-0.587360835,5.000000000, 4877,144.138,135.311,22.975,300.217
46980,-0.509671779,5.000000000, 4877,144.138,129.318,23.125,299.627
47040,-0.431982724,5.000000000, 4877,144.138,123.324,23.274,299.038
47100,-0.354293668,5.000000000, 4877,144.138,117.331,23.423,298.448
47160,-0.276604613,5.000000000, 4877,144.138,111.338,23.573,297.858
47220,-0.198915557,5.000000000, 4877,144.138,105.345,23.722,297.268
47280,-0.121226502,5.000000000, 4877,144.138,99.352,23.872,296.678
47340,-0.043537446,5.000000000, 4877,144.138,93.359,24.021,296.088
47400,0.000000000,5.034151609, 4877,144.138,88.698,24.236,295.627
47460,0.000000000,5.111840665, 4877,144.138,85.735,24.533,295.329
47520,0.000000000,5.189529721, 4877,144.138,82.772,24.830,295.031
47580,0.000000000,5.267218776, 4877,144.138,79.809,25.128,294.733
47640,0.000000000,5.344907832, 4877,144.138,76.847,25.425,294.435
47700,0.000000000,5.422596887, 4877,144.138,73.884,25.723,294.137
47760,0.019123136,5.497511736, 4877,144.138,73.487,26.017,293.870
47820,0.041202910,5.571997664, 4877,144.138,73.488,26.310,293.608
47880,0.063282684,5.646483592, 4877,144.138,73.488,26.603,293.345
47940,0.085362458,5.720969520, 4877,144.138,73.488,26.896,293.083
48000,0.107442232,5.795455448, 4877,144.138,73.488,27.189,292.821
48060,0.129522006,5.869941375, 4877,144.138,73.489,27.482,292.558
48120,0.151601779,5.944427303, 4877,144.138,73.489,27.775,292.296
48180,0.173681553,6.018913231, 4877,144.138,73.489,28.068,292.034
48240,0.195761327,6.093399159, 4877,144.138,73.489,28.361,291.772
48300,0.217841101,6.167885087, 4877,144.138,73.490,28.654,291.509
48360,0.239920875,6.242371014, 4877,144.138,73.490,28.947,291.247
48420,0.262000649,6.316856942, 4877,144.138,73.490,29.240,290.985
48480,0.284080423,6.391342870, 4877,144.138,73.490,29.533,290.723
48540,0.306160196,6.465828798, 4877,144.138,73.491,29.826,290.460
48600,0.328239970,6.540314725, 4877,144.138,73.491,30.119,290.198
48660,0.350319744,6.614800653, 4877,144.138,73.491,30.412,289.936
48720,0.372399518,6.689286581, 4877,144.138,73.491,30.705,289.674
