src/Components/missions/ORACLES/Plans/ORACLES-Flt-plan_p3_20170830_RB.ict
43, 1001
jredeman
NASA Ames Research Center
Simulated flight plan
ORACLES
1,1
2017,08,30,2017,08,30
60
Start_UTC, seconds from midnight UTC, time keeping
7
1,1,1,1,1,1,1
-9999,-9999,-9999,-9999,-9999,-9999,-9999
Latitude, Degrees (North positive), Planned latitude position of the aircraft
Longitude, Degrees (East positive), Planned longitude position of the aircraft
Altitude, meters (above sea level), Planned altitude of the aircraft
speed, meters per second (m/s), Estimated speed of aircraft
Bearing, degrees from north, Direction of travel of the plane per respect to north
SZA, degrees from zenith, Elevation position of the sun in the sky per respect to zenith
AZI, degrees from north, Azimuthal position of the sun in the sky per respect to north
1
Simulated aircraft data interpolated from flight plan waypoints
21
-----------------------------------------------------------------------------
PI_CONTACT_INFO: jredeman
PLATFORM: p3
LOCATION: N/A
ASSOCIATED_DATA: N/A
INSTRUMENT_INFO: None
DATA_INFO: Compiled with flight planner: moving lines v1.2
UNCERTAINTY: Undefined
ULOD_FLAG: -7777
ULOD_VALUE: N/A
LLOD_FLAG: -8888
LLOD_VALUE: N/A
DM_CONTACT_INFO: Samuel LeBlanc, samuel.leblanc@nasa.gov
PROJECT_INFO: ORACLES
STIPULATIONS_ON_USE: None
OTHER_COMMENTS: N/A
REVISION: RB
RB: Version 2 of the flight plan ict 
  RA: First iteration of the flight plan
-----------------------------------------------------------------------------
Start_UTC,Latitude,Longitude,Altitude,speed,Bearing,SZA,AZI
[from data line 238]
43080,-12.000000000,5.000000000, 2558,130.921,360.000,26.460,186.960
43140,-12.000000000,5.000000000, 2516,130.574,360.000,26.488,189.183
43200,-12.000000000,5.000000000, 2474,130.228,360.000,26.516,191.407
43260,-12.000000000,5.000000000, 2432,129.882,360.000,26.543,193.630
43320,-12.000000000,5.000000000, 2390,129.535,360.000,26.571,195.854
43380,-12.000000000,5.000000000, 2348,129.189,360.000,26.599,198.077
43440,-12.000000000,5.000000000, 2305,128.842,360.000,26.627,200.300
43500,-12.000000000,5.000000000, 2263,128.496,360.000,26.654,202.524
43560,-12.000000000,5.000000000, 2221,128.149,360.000,26.682,204.747
43620,-12.000000000,5.000000000, 2179,127.803,360.000,26.710,206.971
43680,-12.000000000,5.000000000, 2137,127.456,360.000,26.738,209.194
43740,-12.000000000,5.000000000, 2095,127.110,360.000,26.766,211.417
43800,-12.000000000,5.000000000, 2053,126.764,360.000,26.793,213.641
43860,-12.000000000,5.000000000, 2011,126.417,360.000,26.821,215.864
43920,-12.000000000,5.000000000, 1968,126.071,360.000,26.849,218.088
43980,-12.000000000,5.000000000, 1926,125.724,360.000,26.877,220.311
44040,-12.000000000,5.000000000, 1884,125.378,360.000,26.904,222.534
44100,-12.000000000,5.000000000, 1842,125.031,360.000,26.932,224.758
44160,-12.000000000,5.000000000, 1800,124.685,360.000,26.960,226.981
44220,-12.000000000,5.000000000, 1758,124.338,360.000,26.988,229.205
44280,-12.000000000,5.000000000, 1716,123.992,360.000,27.015,231.428
44340,-12.000000000,5.000000000, 1674,123.646,360.000,27.043,233.652
44400,-12.000000000,5.000000000, 1631,123.299,360.000,27.071,235.875
44460,-12.000000000,5.000000000, 1589,122.953,360.000,27.099,238.098
44520,-12.000000000,5.000000000, 1547,122.606,360.000,27.126,240.322
44580,-12.000000000,5.000000000, 1505,122.260,360.000,27.154,242.545
44640,-12.000000000,5.000000000, 1463,121.913,360.000,27.182,244.769
44700,-12.000000000,5.000000000, 1421,121.567,360.000,27.210,246.992
44760,-12.000000000,5.000000000, 1379,121.220,360.000,27.237,249.215
44820,-12.000000000,5.000000000, 1336,120.874,360.000,27.265,251.439
44880,-12.000000000,5.000000000, 1294,120.528,360.000,27.293,253.662
44940,-12.000000000,5.000000000, 1252,120.181,360.000,27.321,255.886
45000,-12.000000000,5.000000000, 1210,119.835,360.000,27.348,258.109
45060,-12.000000000,5.000000000, 1168,119.488,360.000,27.376,260.332
45120,-12.000000000,5.000000000, 1126,119.142,360.000,27.404,262.556
45180,-12.000000000,5.000000000, 1084,118.795,360.000,27.432,264.779
45240,-12.000000000,5.000000000, 1042,118.449,360.000,27.459,267.003
45300,-12.000000000,5.000000000,  999,118.102,360.000,27.487,269.226
45360,-12.000000000,5.000000000,  957,117.756,360.000,27.515,271.449
45420,-12.000000000,5.000000000,  915,117.410,360.000,27.543,273.673
45480,-12.000000000,5.000000000,  873,117.063,360.000,27.570,275.896
45540,-12.000000000,5.000000000,  831,116.717,360.000,27.598,278.120
45600,-12.000000000,5.000000000,  789,116.370,360.000,27.626,280.343
45660,-12.000000000,5.000000000,  747,116.024,360.000,27.654,282.566
45720,-12.000000000,5.000000000,  705,115.677,360.000,27.682,284.790
45780,-12.000000000,5.000000000,  662,115.331,360.000,27.709,287.013
45840,-12.000000000,5.000000000,  620,114.984,360.000,27.737,289.237
45900,-12.000000000,5.000000000,  578,114.638,360.000,27.765,291.460
45960,-12.000000000,5.000000000,  536,114.292,360.000,27.793,293.684
46020,-12.000000000,5.000000000,  494,113.945,360.000,27.820,295.907
46080,-12.000000000,5.000000000,  452,113.599,360.000,27.848,298.130
46140,-12.000000000,5.000000000,  410,113.252,360.000,27.876,300.354
46200,-12.000000000,5.000000000,  367,112.906,360.000,27.904,302.577
46260,-12.000000000,5.000000000,  325,112.559,360.000,27.931,304.801
46320,-12.000000000,5.000000000,  283,112.213,360.000,27.959,307.024
46380,-12.000000000,5.000000000,  241,111.866,360.000,27.987,309.247
46440,-12.000000000,5.000000000,  199,111.520,360.000,28.015,311.471
46500,-12.000000000,5.000000000,  157,111.174,360.000,28.042,313.694
46560,-12.000000000,5.000000000,  115,110.827,360.000,28.070,315.918
46620,-12.000000000,5.000000000,  255,110.958,360.000,28.175,316.763
46680,-12.000000000,5.000000000,  555,111.509,360.000,28.347,316.396
46740,-12.000000000,5.000000000,  855,112.060,360.000,28.519,316.030
46800,-12.000000000,5.000000000, 1155,112.611,360.000,28.691,315.664
46860,-12.000000000,5.000000000, 1455,113.162,360.000,28.864,315.297
46920,-12.000000000,5.000000000, 1755,113.713,360.000,29.036,314.931
46980,-12.000000000,5.000000000, 2055,114.264,360.000,29.208,314.564
47040,-12.000000000,5.000000000, 2355,114.815,360.000,29.380,314.198
47100,-12.000000000,5.000000000, 2655,115.366,360.000,29.553,313.831
47160,-12.000000000,5.000000000, 2955,115.917,360.000,29.725,313.465
47220,-11.940065677,5.000000000, 3000,116.899,360.000,29.870,313.063
47280,-11.869457686,5.000000000, 3000,117.958,360.000,30.010,312.655
47340,-11.798849695,5.000000000, 3000,119.017,360.000,30.150,312.247
47400,-11.728241704,5.000000000, 3000,120.076,360.000,30.291,311.839
47460,-11.657633713,5.000000000, 3000,121.135,360.000,30.431,311.432
47520,-11.587025722,5.000000000, 3000,122.195,360.000,30.571,311.024
47580,-11.516417731,5.000000000, 3000,123.254,360.000,30.711,310.616
47640,-11.445809740,5.000000000, 3000,124.313,360.000,30.851,310.208
47700,-11.375201749,5.000000000, 3000,125.372,360.000,30.992,309.800
47760,-11.304593758,5.000000000, 3000,126.431,360.000,31.132,309.392
47820,-11.233985767,5.000000000, 3000,127.490,360.000,31.272,308.984
47880,-11.163377776,5.000000000, 3000,128.549,360.000,31.412,308.576
47940,-11.092769785,5.000000000, 3000,129.608,360.000,31.552,308.168
48000,-11.022161795,5.000000000, 3000,130.668,360.000,31.693,307.760
48060,-10.951553804,5.000000000, 3000,131.000,360.000,31.874,307.483
48120,-10.880945813,5.000000000, 3000,131.000,360.000,32.073,307.266
48180,-10.810337822,5.000000000, 3000,131.000,360.000,32.273,307.049
48240,-10.739729831,5.000000000, 3000,131.000,360.000,32.473,306.832
48300,-10.669121840,5.000000000, 3000,131.000,360.000,32.673,306.614
48360,-10.598513849,5.000000000, 3000,131.000,360.000,32.872,306.397
48420,-10.527905858,5.000000000, 3000,131.000,360.000,33.072,306.180
48480,-10.457297867,5.000000000, 3000,131.000,360.000,33.272,305.963
48540,-10.386689876,5.000000000, 3000,131.000,360.000,33.472,305.746
48600,-10.316081885,5.000000000, 3000,131.000,360.000,33.672,305.529
48660,-10.245473894,5.000000000, 3000,131.000,360.000,33.871,305.312
48720,-10.174865903,5.000000000, 3000,131.000,360.000,34.071,305.095
48780,-10.104257912,5.000000000, 3000,131.000,360.000,34.271,304.877
48840,-10.033649921,5.000000000, 3000,131.000,360.000,34.471,304.660
48900,-9.963041931,5.000000000, 3000,131.000,360.000,34.670,304.443
48960,-9.892433940,5.000000000, 3000,131.000,360.000,34.870,304.226
49020,-9.821825949,5.000000000, 3000,131.000,360.000,35.070,304.009
49080,-9.751217958,5.000000000, 3000,131.000,360.000,35.270,303.792
49140,-9.680609967,5.000000000, 3000,131.000,360.000,35.469,303.575
49200,-9.610001976,5.000000000, 3000,131.000,360.000,35.669,303.358
49260,-9.539393985,5.000000000, 3000,131.000,360.000,35.869,303.140
49320,-9.468785994,5.000000000, 3000,131.000,360.000,36.069,302.923
49380,-9.398178003,5.000000000, 3000,131.000,360.000,36.269,302.706
49440,-9.327570012,5.000000000, 3000,131.000,360.000,36.468,302.489
49500,-9.256962021,5.000000000, 3000,131.000,360.000,36.668,302.272
49560,-9.186354030,5.000000000, 3000,131.000,360.000,36.868,302.055
49620,-9.115746039,5.000000000, 3000,131.000,360.000,37.068,301.838
49680,-9.045138048,5.000000000, 3000,131.000,360.000,37.267,301.621
49740,-8.974530057,5.000000000, 3000,131.000,360.000,37.467,301.404
49800,-8.903922067,5.000000000, 3000,131.000,360.000,37.667,301.186
49860,-8.833314076,5.000000000, 3000,131.000,360.000,37.867,300.969
49920,-8.762706085,5.000000000, 3000,131.000,360.000,38.067,300.752
49980,-8.692098094,5.000000000, 3000,131.000,360.000,38.266,300.535
50040,-8.621490103,5.000000000, 3000,131.000,360.000,38.466,300.318
50100,-8.550882112,5.000000000, 3000,131.000,360.000,38.666,300.101
50160,-8.480274121,5.000000000, 3000,131.000,360.000,38.866,299.884
50220,-8.409666130,5.000000000, 3000,131.000,360.000,39.065,299.667
50280,-8.339058139,5.000000000, 3000,131.000,360.000,39.265,299.449
50340,-8.268450148,5.000000000, 3000,131.000,360.000,39.465,299.232
50400,-8.197842157,5.000000000, 3000,131.000,360.000,39.665,299.015
50460,-8.127234166,5.000000000, 3000,131.000,360.000,39.864,298.798
50520,-8.056626175,5.000000000, 3000,131.000,360.000,40.064,298.581
50580,-7.986018184,5.000000000, 3000,131.000,360.000,40.264,298.364
50640,-7.915410193,5.000000000, 3000,131.000,360.000,40.464,298.147
50700,-7.844802203,5.000000000, 3000,131.000,360.000,40.664,297.930
50760,-7.774194212,5.000000000, 3000,131.000,360.000,40.863,297.712
50820,-7.703586221,5.000000000, 3000,131.000,360.000,41.063,297.495
50880,-7.632978230,5.000000000, 3000,131.000,360.000,41.263,297.278
50940,-7.562370239,5.000000000, 3000,131.000,360.000,41.463,297.061
51000,-7.491762248,5.000000000, 3000,131.000,360.000,41.662,296.844
51060,-7.421154257,5.000000000, 3000,131.000,360.000,41.862,296.627
51120,-7.350546266,5.000000000, 3000,131.000,360.000,42.062,296.410
51180,-7.279938275,5.000000000, 3000,131.000,360.000,42.262,296.193
51240,-7.209330284,5.000000000, 3000,131.000,360.000,42.462,295.975
51300,-7.138722293,5.000000000, 3000,131.000,360.000,42.661,295.758
51360,-7.068114302,5.000000000, 3000,131.000,360.000,42.861,295.541
51420,-6.997506311,5.000000000, 3000,131.000,360.000,43.061,295.324
51480,-6.926898320,5.000000000, 3000,131.000,360.000,43.261,295.107
51540,-6.856290329,5.000000000, 3000,131.000,360.000,43.460,294.890
51600,-6.785682339,5.000000000, 3000,131.000,360.000,43.660,294.673
51660,-6.715074348,5.000000000, 3000,131.000,360.000,43.860,294.456
51720,-6.644466357,5.000000000, 3000,131.000,360.000,44.060,294.238
51780,-6.573858366,5.000000000, 3000,131.000,360.000,44.259,294.021
51840,-6.503250375,5.000000000, 3000,131.000,360.000,44.459,293.804
51900,-6.432642384,5.000000000, 3000,131.000,360.000,44.659,293.587
51960,-6.362034393,5.000000000, 3000,131.000,360.000,44.859,293.370
52020,-6.291426402,5.000000000, 3000,131.000,360.000,45.059,293.153
52080,-6.220818411,5.000000000, 3000,131.000,360.000,45.258,292.936
52140,-6.150210420,5.000000000, 3000,131.000,360.000,45.458,292.719
52200,-6.079602429,5.000000000, 3000,131.000,360.000,45.658,292.501
52260,-6.008994438,5.000000000, 3000,131.000,360.000,45.858,292.284
52320,-5.938386447,5.000000000, 3000,131.000,360.000,46.057,292.067
52380,-5.867778456,5.000000000, 3000,131.000,360.000,46.257,291.850
52440,-5.797170465,5.000000000, 3000,131.000,360.000,46.457,291.633
52500,-5.726562475,5.000000000, 3000,131.000,360.000,46.657,291.416
52560,-5.655954484,5.000000000, 3000,131.000,360.000,46.856,291.199
52620,-5.585346493,5.000000000, 3000,131.000,360.000,47.056,290.982
52680,-5.514738502,5.000000000, 3000,131.000,360.000,47.256,290.765
52740,-5.444130511,5.000000000, 3000,131.000,360.000,47.456,290.547
52800,-5.373522520,5.000000000, 3000,131.000,360.000,47.656,290.330
52860,-5.302914529,5.000000000, 3000,131.000,360.000,47.855,290.113
52920,-5.232306538,5.000000000, 3000,131.000,360.000,48.055,289.896
52980,-5.161698547,5.000000000, 3000,131.000,360.000,48.255,289.679
53040,-5.091090556,5.000000000, 3000,131.000,360.000,48.455,289.462
53100,-5.020482565,5.000000000, 3000,131.000,360.000,48.654,289.245
53160,-4.949874574,5.000000000, 3000,131.000,360.000,48.854,289.028
53220,-4.879266583,5.000000000, 3000,131.000,360.000,49.054,288.810
53280,-4.808658592,5.000000000, 3000,131.000,360.000,49.254,288.593
53340,-4.738050601,5.000000000, 3000,131.000,360.000,49.454,288.376
53400,-4.667442611,5.000000000, 3000,131.000,360.000,49.653,288.159
53460,-4.596834620,5.000000000, 3000,131.000,360.000,49.853,287.942
53520,-4.526226629,5.000000000, 3000,131.000,360.000,50.053,287.725
53580,-4.455618638,5.000000000, 3000,131.000,360.000,50.253,287.508
53640,-4.385010647,5.000000000, 3000,131.000,360.000,50.452,287.291
53700,-4.314402656,5.000000000, 3000,131.000,360.000,50.652,287.073
53760,-4.243794665,5.000000000, 3000,131.000,360.000,50.852,286.856
53820,-4.173186674,5.000000000, 3000,131.000,360.000,51.052,286.639
53880,-4.102578683,5.000000000, 3000,131.000,360.000,51.251,286.422
53940,-4.031970692,5.000000000, 3000,131.000,360.000,51.451,286.205
54000,-3.961362701,5.000000000, 3000,131.000,360.000,51.651,285.988
54060,-3.890754710,5.000000000, 3000,131.000,360.000,51.851,285.771
54120,-3.820146719,5.000000000, 3000,131.000,360.000,52.051,285.554
54180,-3.749538728,5.000000000, 3000,131.000,360.000,52.250,285.336
54240,-3.678930737,5.000000000, 3000,131.000,360.000,52.450,285.119
54300,-3.608322747,5.000000000, 3000,131.000,360.000,52.650,284.902
54360,-3.537714756,5.000000000, 3000,131.000,360.000,52.850,284.685
54420,-3.467106765,5.000000000, 3000,131.000,360.000,53.049,284.468
54480,-3.396498774,5.000000000, 3000,131.000,360.000,53.249,284.251
54540,-3.325890783,5.000000000, 3000,131.000,360.000,53.449,284.034
54600,-3.255282792,5.000000000, 3000,131.000,360.000,53.649,283.817
54660,-3.184674801,5.000000000, 3000,131.000,360.000,53.849,283.599
54720,-3.114066810,5.000000000, 3000,131.000,360.000,54.048,283.382
54780,-3.043458819,5.000000000, 3000,131.000,360.000,54.248,283.165
54840,-2.973783433,5.000000000, 3079,130.764,360.000,54.459,282.994
54900,-2.905600908,5.000000000, 3283,130.150,360.000,54.687,282.898
54960,-2.837418382,5.000000000, 3488,129.537,360.000,54.916,282.801
55020,-2.769235856,5.000000000, 3692,128.923,360.000,55.144,282.705
55080,-2.701053331,5.000000000, 3897,128.309,360.000,55.373,282.608
55140,-2.632870805,5.000000000, 4101,127.696,360.000,55.601,282.512
55200,-2.564688280,5.000000000, 4306,127.082,360.000,55.830,282.415
55260,-2.496109143,5.000000000, 4500,126.523,359.580,56.058,282.320
55320,-2.420187626,5.000000000, 4500,126.979,351.380,56.289,282.243
55380,-2.344266110,5.000000000, 4500,127.434,343.181,56.520,282.166
55440,-2.268344593,5.000000000, 4500,127.890,334.981,56.751,282.089
55500,-2.192423076,5.000000000, 4500,128.345,326.782,56.981,282.012
55560,-2.116501559,5.000000000, 4500,128.801,318.582,57.212,281.935
55620,-2.040580042,5.000000000, 4500,129.257,310.383,57.443,281.858
55680,-1.964658526,5.000000000, 4500,129.712,302.183,57.674,281.781
55740,-1.888737009,5.000000000, 4500,130.168,293.984,57.904,281.705
55800,-1.812815492,5.000000000, 4500,130.623,285.784,58.135,281.628
55860,-1.736893975,5.000000000, 4500,131.079,277.585,58.366,281.551
55920,-1.660972459,5.000000000, 4500,131.534,269.385,58.597,281.474
55980,-1.585050942,5.000000000, 4500,131.990,261.186,58.827,281.397
56040,-1.509129425,5.000000000, 4500,132.445,252.986,59.058,281.320
56100,-1.433207908,5.000000000, 4500,132.901,244.786,59.289,281.243
56160,-1.357286391,5.000000000, 4500,133.356,236.587,59.519,281.166
56220,-1.281364875,5.000000000, 4500,133.812,228.387,59.750,281.089
56280,-1.205443358,5.000000000, 4500,134.267,220.188,59.981,281.013
56340,-1.129521841,5.000000000, 4500,134.723,211.988,60.212,280.936
56400,-1.053600324,5.000000000, 4500,135.178,203.789,60.442,280.859
56460,-0.977678807,5.000000000, 4500,135.634,195.589,60.673,280.782
56520,-0.901757291,5.000000000, 4500,136.089,187.390,60.904,280.705
56580,-0.825835774,5.000000000, 4500,136.545,179.190,61.135,280.628
56640,-0.749914257,5.000000000, 4500,137.001,170.991,61.365,280.551
56700,-0.673992740,5.000000000, 4500,137.456,162.791,61.596,280.474
56760,-0.598071224,5.000000000, 4500,137.912,154.592,61.827,280.397
56820,-0.522149707,5.000000000, 4500,138.367,146.392,62.058,280.320
56880,-0.446228190,5.000000000, 4500,138.823,138.193,62.288,280.244
56940,-0.370306673,5.000000000, 4500,139.278,129.993,62.519,280.167
57000,-0.294385156,5.000000000, 4500,139.734,121.794,62.750,280.090
