src/Components/missions/ORACLES/Plans/ORACLES-Flt-plan_p3_20170828_RC.ict
43, 1001
pz
NASA Ames Research Center
Simulated flight plan
ORACLES-2017
1,1
2017,08,28,2017,08,28
60
Start_UTC, seconds from midnight UTC, time keeping
7
1,1,1,1,1,1,1
-9999,-9999,-9999,-9999,-9999,-9999,-9999
Latitude, Degrees (North positive), Planned latitude position of the aircraft
Longitude, Degrees (East positive), Planned longitude position of the aircraft
Altitude, meters (above sea level), Planned altitude of the aircraft
speed, meters per second (m/s), Estimated speed of aircraft
Bearing, degrees from north, Direction of travel of the plane per respect to north
SZA, degrees from zenith, Elevation position of the sun in the sky per respect to zenith
AZI, degrees from north, Azimuthal position of the sun in the sky per respect to north
1
Simulated aircraft data interpolated from flight plan waypoints
21
-----------------------------------------------------------------------------
PI_CONTACT_INFO: pz
PLATFORM: p3
LOCATION: N/A
ASSOCIATED_DATA: N/A
INSTRUMENT_INFO: None
DATA_INFO: Compiled with flight planner: moving lines v1.09
UNCERTAINTY: Undefined
ULOD_FLAG: -7777
ULOD_VALUE: N/A
LLOD_FLAG: -8888
LLOD_VALUE: N/A
DM_CONTACT_INFO: Samuel LeBlanc, samuel.leblanc@nasa.gov
PROJECT_INFO: ORACLES-2017
STIPULATIONS_ON_USE: None
OTHER_COMMENTS: N/A
REVISION: RC
RC: Version 3 of the flight plan ict 
  RA: First iteration of the flight plan
-----------------------------------------------------------------------------
Start_UTC,Latitude,Longitude,Altitude,speed,Bearing,SZA,AZI
[from data line 238]
44227,-13.745920366,5.000000000,  800,105.911,360.000,28.858,343.381
44287,-13.683612857,5.000000000,  800,106.846,360.000,28.873,342.868
44347,-13.621305347,5.000000000,  800,107.780,360.000,28.888,342.355
44407,-13.558997837,5.000000000,  800,108.715,360.000,28.903,341.842
44467,-13.496690328,5.000000000,  800,109.650,360.000,28.918,341.328
44527,-13.434382818,5.000000000,  800,110.584,360.000,28.933,340.815
44587,-13.372075309,5.000000000,  800,111.519,360.000,28.948,340.302
44647,-13.309767799,5.000000000,  800,112.453,360.000,28.963,339.789
44707,-13.247460290,5.000000000,  800,113.388,360.000,28.977,339.276
44767,-13.185152780,5.000000000,  800,114.323,360.000,28.992,338.763
44827,-13.122845271,5.000000000,  800,115.257,360.000,29.007,338.250
44887,-13.060059845,5.000000000,  827,115.786,360.000,29.036,337.744
44947,-12.996997746,5.000000000,  869,116.081,360.000,29.074,337.241
45007,-12.933935647,5.000000000,  911,116.375,360.000,29.111,336.739
45067,-12.870873548,5.000000000,  953,116.669,360.000,29.149,336.236
45127,-12.807811450,5.000000000,  995,116.964,360.000,29.186,335.734
45187,-12.744749351,5.000000000, 1000,117.000,360.000,29.243,335.247
45247,-12.681687252,5.000000000, 1000,117.000,360.000,29.303,334.762
45307,-12.618625153,5.000000000, 1000,117.000,360.000,29.362,334.278
45367,-12.555563054,5.000000000, 1000,117.000,360.000,29.422,333.794
45427,-12.492500956,5.000000000, 1000,117.000,360.000,29.482,333.309
45487,-12.429438857,5.000000000, 1000,117.000,360.000,29.542,332.825
45547,-12.366376758,5.000000000, 1000,117.000,360.000,29.601,332.340
45607,-12.303314659,5.000000000, 1000,117.000,360.000,29.661,331.856
45667,-12.240252561,5.000000000, 1000,117.000,360.000,29.721,331.372
45727,-12.177190462,5.000000000, 1000,117.000,360.000,29.781,330.887
45787,-12.114128363,5.000000000, 1000,117.000,360.000,29.840,330.403
45847,-12.051066264,5.000000000, 1000,117.000,360.000,29.900,329.918
45907,-11.988004166,5.000000000, 1000,117.000,360.000,29.960,329.434
45967,-11.924942067,5.000000000, 1000,117.000,360.000,30.020,328.950
46027,-11.861879968,5.000000000, 1000,117.000,360.000,30.079,328.465
46087,-11.798884281,5.000000000,  997,116.982,360.000,30.140,327.981
46147,-11.739364978,5.000000000,  858,116.004,360.000,30.225,327.528
46207,-11.679845676,5.000000000,  718,115.026,360.000,30.310,327.074
46267,-11.620326373,5.000000000,  578,114.048,360.000,30.396,326.620
46327,-11.560807071,5.000000000,  438,113.069,360.000,30.481,326.166
46387,-11.501287769,5.000000000,  299,112.091,360.000,30.567,325.712
46447,-11.441768466,5.000000000,  159,111.113,360.000,30.652,325.258
46507,-11.382249164,5.000000000,   61,110.427,360.000,30.744,324.815
46567,-11.322729861,5.000000000,   61,110.427,360.000,30.851,324.395
46627,-11.263210559,5.000000000,   61,110.427,360.000,30.957,323.975
46687,-11.203691257,5.000000000,   61,110.427,360.000,31.064,323.555
46747,-11.144171954,5.000000000,   61,110.427,360.000,31.170,323.135
46807,-11.084652652,5.000000000,   61,110.427,360.000,31.277,322.715
46867,-11.025133349,5.000000000,   61,110.427,360.000,31.384,322.295
46927,-10.965614047,5.000000000,   61,110.427,360.000,31.490,321.875
46987,-10.906094745,5.000000000,   61,110.427,360.000,31.597,321.455
47047,-10.846575442,5.000000000,   61,110.427,360.000,31.704,321.035
47107,-10.787056140,5.000000000,   61,110.427,360.000,31.810,320.615
47167,-10.727536837,5.000000000,   61,110.427,360.000,31.917,320.195
47227,-10.668017535,5.000000000,   61,110.427,360.000,32.023,319.776
47287,-10.608498233,5.000000000,   61,110.427,360.000,32.130,319.356
47347,-10.548978930,5.000000000,   61,110.427,360.000,32.237,318.936
47407,-10.489459628,5.000000000,   61,110.427,360.000,32.343,318.516
47467,-10.429940325,5.000000000,   61,110.427,360.000,32.450,318.096
47527,-10.387361741,5.000000000,  185,110.662,360.000,32.580,317.716
47587,-10.361930828,5.000000000,  434,111.134,360.000,32.732,317.376
47647,-10.336499915,5.000000000,  683,111.607,360.000,32.885,317.037
47707,-10.311069003,5.000000000,  932,112.079,360.000,33.038,316.697
47767,-10.285638090,5.000000000, 1181,112.551,360.000,33.191,316.358
47827,-10.260207177,5.000000000, 1431,113.024,360.000,33.344,316.018
47887,-10.234776265,5.000000000, 1680,113.496,360.000,33.497,315.679
47947,-10.209345352,5.000000000, 1929,113.969,360.000,33.650,315.339
48007,-10.183914439,5.000000000, 2178,114.441,360.000,33.803,315.000
48067,-10.158483526,5.000000000, 2427,114.914,360.000,33.956,314.660
48127,-10.133052614,5.000000000, 2676,115.386,360.000,34.109,314.320
48187,-10.107621701,5.000000000, 2925,115.858,360.000,34.262,313.981
48247,-10.050553381,5.000000000, 3000,116.371,360.000,34.411,313.650
48307,-9.979945390,5.000000000, 3000,116.900,360.000,34.558,313.324
48367,-9.909337399,5.000000000, 3000,117.430,360.000,34.705,312.997
48427,-9.838729408,5.000000000, 3000,117.960,360.000,34.852,312.671
48487,-9.768121417,5.000000000, 3000,118.489,360.000,34.999,312.344
48547,-9.697513426,5.000000000, 3000,119.019,360.000,35.145,312.018
48607,-9.626905435,5.000000000, 3000,119.548,360.000,35.292,311.691
48667,-9.556297444,5.000000000, 3000,120.078,360.000,35.439,311.365
48727,-9.485689453,5.000000000, 3000,120.607,360.000,35.586,311.038
48787,-9.415081463,5.000000000, 3000,121.137,360.000,35.733,310.711
48847,-9.344473472,5.000000000, 3000,121.666,360.000,35.880,310.385
48907,-9.273865481,5.000000000, 3000,122.196,360.000,36.027,310.058
48967,-9.203257490,5.000000000, 3000,122.726,360.000,36.174,309.732
49027,-9.132649499,5.000000000, 3000,123.255,360.000,36.321,309.405
49087,-9.062041508,5.000000000, 3000,123.785,360.000,36.468,309.079
49147,-8.991433517,5.000000000, 3000,124.314,360.000,36.615,308.752
49207,-8.920825526,5.000000000, 3000,124.844,360.000,36.762,308.425
49267,-8.850217535,5.000000000, 3000,125.373,360.000,36.909,308.099
49327,-8.779609544,5.000000000, 3000,125.903,360.000,37.055,307.772
49387,-8.709001553,5.000000000, 3000,126.432,360.000,37.202,307.446
49447,-8.638393562,5.000000000, 3000,126.962,360.000,37.349,307.119
49507,-8.567785571,5.000000000, 3000,127.492,360.000,37.496,306.793
49567,-8.497177580,5.000000000, 3000,128.021,360.000,37.643,306.466
49627,-8.426569589,5.000000000, 3000,128.551,360.000,37.790,306.140
49687,-8.355961599,5.000000000, 3000,129.080,360.000,37.937,305.813
49747,-8.285353608,5.000000000, 3000,129.610,360.000,38.084,305.486
49807,-8.214745617,5.000000000, 3000,130.139,360.000,38.231,305.160
49867,-8.144137626,5.000000000, 3000,130.669,360.000,38.378,304.833
49927,-8.085004323,5.000000000, 3112,131.337,360.000,38.539,304.539
49987,-8.045004323,5.000000000, 3412,132.237,360.000,38.723,304.297
50047,-8.005004323,5.000000000, 3712,133.137,360.000,38.908,304.056
50107,-7.965004323,5.000000000, 4012,134.037,360.000,39.092,303.815
50167,-7.925004323,5.000000000, 4312,134.937,360.000,39.277,303.573
50227,-7.885004323,5.000000000, 4612,135.837,360.000,39.461,303.332
50287,-7.845004323,5.000000000, 4912,136.737,360.000,39.646,303.090
50347,-7.805004323,5.000000000, 5212,137.637,360.000,39.831,302.849
50407,-7.765004323,5.000000000, 5512,138.537,360.000,40.015,302.608
50467,-7.725004323,5.000000000, 5812,139.437,360.000,40.200,302.366
50527,-7.668680102,5.000000000, 6000,140.671,360.000,40.378,302.117
50587,-7.585136296,5.000000000, 6000,142.461,360.000,40.547,301.856
50647,-7.501592490,5.000000000, 6000,144.252,360.000,40.716,301.594
50707,-7.418048684,5.000000000, 6000,146.042,360.000,40.884,301.333
50767,-7.334504878,5.000000000, 6000,147.832,360.000,41.053,301.071
50827,-7.250961072,5.000000000, 6000,149.622,360.000,41.222,300.810
50887,-7.167417266,5.000000000, 6000,151.412,360.000,41.390,300.548
50947,-7.083873460,5.000000000, 6000,153.203,360.000,41.559,300.287
51007,-7.000329654,5.000000000, 6000,154.993,360.000,41.728,300.025
51067,-7.000000000,5.000000000, 5761,153.210,360.000,41.946,299.875
51127,-7.000000000,5.000000000, 5522,151.412,360.000,42.165,299.724
51187,-7.000000000,5.000000000, 5282,149.614,360.000,42.384,299.574
51247,-7.000000000,5.000000000, 5043,147.817,360.000,42.602,299.424
51307,-7.000000000,5.000000000, 4803,146.019,360.000,42.821,299.273
51367,-7.000000000,5.000000000, 4564,144.222,360.000,43.040,299.123
51427,-7.000000000,5.000000000, 4324,142.424,360.000,43.258,298.973
51487,-7.000000000,5.000000000, 4085,140.627,360.000,43.477,298.822
51547,-7.000000000,5.000000000, 3845,138.829,360.000,43.696,298.672
51607,-7.000000000,5.000000000, 3606,137.032,360.000,43.915,298.522
51667,-7.000000000,5.000000000, 3366,135.234,360.000,44.133,298.372
51727,-7.000000000,5.000000000, 3127,133.437,360.000,44.352,298.221
51787,-7.000000000,5.000000000, 2887,131.639,360.000,44.571,298.071
51847,-7.000000000,5.000000000, 2648,129.842,360.000,44.790,297.921
51907,-7.000000000,5.000000000, 2408,128.044,360.000,45.008,297.770
51967,-7.000000000,5.000000000, 2169,126.246,360.000,45.227,297.620
52027,-7.000000000,5.000000000, 1929,124.449,360.000,45.446,297.470
52087,-7.000000000,5.000000000, 1690,122.651,360.000,45.665,297.319
52147,-7.000000000,5.000000000, 1450,120.854,360.000,45.883,297.169
52207,-7.000000000,5.000000000, 1211,119.056,360.000,46.102,297.019
52267,-7.000000000,5.000000000,  971,117.259,360.000,46.321,296.868
52327,-7.000000000,5.000000000,  732,115.461,360.000,46.539,296.718
52387,-7.000000000,5.000000000,  492,113.664,360.000,46.758,296.568
52447,-7.000000000,5.000000000,  253,111.866,360.000,46.977,296.418
52507,-6.988132628,5.000000000,   61,110.427,360.000,47.192,296.263
52567,-6.928613476,5.000000000,   61,110.427,360.000,47.390,296.090
52627,-6.869094325,5.000000000,   61,110.427,360.000,47.589,295.917
52687,-6.809575173,5.000000000,   61,110.427,360.000,47.788,295.744
52747,-6.750056022,5.000000000,   61,110.427,360.000,47.986,295.571
52807,-6.690536871,5.000000000,   61,110.427,360.000,48.185,295.397
52867,-6.631017719,5.000000000,   61,110.427,360.000,48.383,295.224
52927,-6.571498568,5.000000000,   61,110.427,360.000,48.582,295.051
52987,-6.511979416,5.000000000,   61,110.427,360.000,48.781,294.878
53047,-6.452460265,5.000000000,   61,110.427,360.000,48.979,294.705
53107,-6.393479780,5.000000000,   81,110.244,360.000,49.178,294.534
53167,-6.338502566,5.000000000,  253,108.699,360.000,49.382,294.378
53227,-6.283525352,5.000000000,  426,107.155,360.000,49.586,294.222
53287,-6.228548137,5.000000000,  598,105.611,360.000,49.790,294.066
53347,-6.173570923,5.000000000,  770,104.067,360.000,49.994,293.911
53407,-6.118593709,5.000000000,  942,102.522,360.000,50.198,293.755
53467,-6.058265979,5.000000000, 1000,102.569,353.171,50.403,293.607
53527,-5.995203880,5.000000000, 1000,103.429,342.852,50.609,293.463
53587,-5.932141781,5.000000000, 1000,104.289,332.532,50.815,293.319
53647,-5.869079683,5.000000000, 1000,105.149,322.213,51.021,293.175
53707,-5.806017584,5.000000000, 1000,106.009,311.894,51.227,293.031
53767,-5.742955485,5.000000000, 1000,106.869,301.575,51.433,292.887
53827,-5.679893386,5.000000000, 1000,107.729,291.255,51.638,292.743
53887,-5.616831288,5.000000000, 1000,108.589,280.936,51.844,292.599
53947,-5.553769189,5.000000000, 1000,109.449,270.617,52.050,292.455
54007,-5.490707090,5.000000000, 1000,110.309,260.298,52.256,292.311
54067,-5.427644991,5.000000000, 1000,111.168,249.978,52.462,292.167
54127,-5.364582893,5.000000000, 1000,112.028,239.659,52.668,292.023
54187,-5.301520794,5.000000000, 1000,112.888,229.340,52.874,291.879
54247,-5.238458695,5.000000000, 1000,113.748,219.021,53.080,291.735
54307,-5.175396596,5.000000000, 1000,114.608,208.701,53.286,291.591
54367,-5.112334497,5.000000000, 1000,115.468,198.382,53.491,291.447
54427,-5.049272399,5.000000000, 1000,116.328,188.063,53.697,291.303
54487,-4.987153185,5.000000000, 1043,116.657,180.000,53.914,291.180
54547,-4.928403025,5.000000000, 1239,115.091,180.000,54.166,291.133
54607,-4.869652865,5.000000000, 1434,113.524,180.000,54.419,291.086
54667,-4.810902704,5.000000000, 1630,111.957,180.000,54.672,291.038
54727,-4.752152544,5.000000000, 1826,110.391,180.000,54.925,290.991
54787,-4.710154562,5.000000000, 2000,109.066,180.000,55.179,290.944
54847,-4.800578446,5.000000000, 2000,109.656,180.000,55.434,290.902
54907,-4.891002330,5.000000000, 2000,110.246,180.000,55.690,290.860
54967,-4.981426214,5.000000000, 2000,110.835,180.000,55.946,290.818
55027,-5.071850098,5.000000000, 2000,111.425,180.000,56.202,290.777
55087,-5.162273983,5.000000000, 2000,112.015,180.000,56.458,290.735
55147,-5.252697867,5.000000000, 2000,112.605,180.000,56.714,290.693
55207,-5.343121751,5.000000000, 2000,113.194,180.000,56.970,290.651
55267,-5.433545635,5.000000000, 2000,113.784,180.000,57.226,290.609
55327,-5.523969519,5.000000000, 2000,114.374,180.000,57.482,290.567
55387,-5.614393404,5.000000000, 2000,114.963,180.000,57.738,290.525
55447,-5.704817288,5.000000000, 2000,115.553,180.000,57.994,290.483
55507,-5.795241172,5.000000000, 2000,116.143,180.000,58.250,290.441
55567,-5.885665056,5.000000000, 2000,116.733,180.000,58.506,290.399
55627,-5.976088941,5.000000000, 2000,117.322,180.000,58.762,290.357
55687,-6.066512825,5.000000000, 2000,117.912,180.000,59.018,290.316
55747,-6.156936709,5.000000000, 2000,118.502,180.000,59.274,290.274
55807,-6.247360593,5.000000000, 2000,119.091,180.000,59.530,290.232
55867,-6.337784477,5.000000000, 2000,119.681,180.000,59.786,290.190
55927,-6.428208362,5.000000000, 2000,120.271,180.000,60.041,290.148
55987,-6.518632246,5.000000000, 2000,120.861,180.000,60.297,290.106
56047,-6.609056130,5.000000000, 2000,121.450,180.000,60.553,290.064
56107,-6.699480014,5.000000000, 2000,122.040,180.000,60.809,290.022
56167,-6.789903898,5.000000000, 2000,122.630,180.000,61.065,289.980
56227,-6.880327783,5.000000000, 2000,123.220,180.000,61.321,289.938
56287,-6.970751667,5.000000000, 2000,123.809,180.000,61.577,289.896
56347,-7.027247983,5.000000000, 2091,123.273,196.349,61.827,289.846
56407,-7.067523361,5.000000000, 2225,122.199,220.514,62.074,289.791
56467,-7.107798739,5.000000000, 2359,121.125,244.679,62.321,289.736
56527,-7.148074117,5.000000000, 2494,120.051,268.844,62.567,289.681
56587,-7.188349495,5.000000000, 2628,118.977,293.010,62.814,289.626
56647,-7.228624873,5.000000000, 2762,117.903,317.175,63.061,289.571
56707,-7.268900251,5.000000000, 2896,116.829,341.340,63.308,289.516
56767,-7.284357476,5.000000000, 3000,116.071,360.000,63.548,289.455
56827,-7.215696401,5.000000000, 3000,116.383,360.000,63.764,289.375
56887,-7.147035326,5.000000000, 3000,116.695,360.000,63.981,289.295
56947,-7.078374252,5.000000000, 3000,117.007,360.000,64.197,289.216
57007,-7.009713177,5.000000000, 3000,117.319,360.000,64.413,289.136
57067,-6.941052102,5.000000000, 3000,117.632,360.000,64.630,289.056
57127,-6.872391028,5.000000000, 3000,117.944,360.000,64.846,288.976
57187,-6.803729953,5.000000000, 3000,118.256,360.000,65.063,288.897
57247,-6.735068878,5.000000000, 3000,118.568,360.000,65.279,288.817
57307,-6.666407803,5.000000000, 3000,118.880,360.000,65.496,288.737
57367,-6.597746729,5.000000000, 3000,119.192,360.000,65.712,288.657
57427,-6.529085654,5.000000000, 3000,119.504,360.000,65.929,288.578
57487,-6.460424579,5.000000000, 3000,119.816,360.000,66.145,288.498
57547,-6.391763505,5.000000000, 3000,120.128,360.000,66.361,288.418
57607,-6.323102430,5.000000000, 3000,120.440,360.000,66.578,288.338
57667,-6.254441355,5.000000000, 3000,120.753,360.000,66.794,288.259
57727,-6.185780281,5.000000000, 3000,121.065,360.000,67.011,288.179
57787,-6.117119206,5.000000000, 3000,121.377,360.000,67.227,288.099
57847,-6.048458131,5.000000000, 3000,121.689,360.000,67.444,288.019
57907,-5.979797057,5.000000000, 3000,122.001,360.000,67.660,287.940
57967,-5.911135982,5.000000000, 3000,122.313,360.000,67.876,287.860
58027,-5.842474907,5.000000000, 3000,122.625,360.000,68.093,287.780
58087,-5.773813833,5.000000000, 3000,122.937,360.000,68.309,287.700
58147,-5.705152758,5.000000000, 3000,123.249,360.000,68.526,287.621
