src/Components/missions/ORACLES/Plans/ORACLES-Flt-plan_p3_20160923_RF.ict
42, 1001
Samuel LeBlanc
NASA Ames Research Center
Simulated flight plan
ORACLES
1,1
2016,09,23,2016,09,23
60
Start_UTC, seconds from midnight UTC, time keeping
7
1,1,1,1,1,1,1
-9999,-9999,-9999,-9999,-9999,-9999,-9999
Latitude, Degrees (North positive), Planned latitude position of the aircraft
Longitude, Degrees (East positive), Planned longitude position of the aircraft
Altitude, meters (above sea level), Planned altitude of the aircraft
speed, meters per second (m/s), Estimated speed of aircraft
Bearing, degrees from north, Direction of travel of the plane per respect to north
SZA, degrees from zenith, Elevation position of the sun in the sky per respect to zenith
AZI, degrees from north, Azimuthal position of the sun in the sky per respect to north
1
Simulated aircraft data interpolated from flight plan waypoints
20
-----------------------------------------------------------------------------
PI_CONTACT_INFO: Samuel LeBlanc, samuel.leblanc@nasa.gov
PLATFORM: p3
LOCATION: N/A
ASSOCIATED_DATA: N/A
INSTRUMENT_INFO: None
DATA_INFO: Compiled with flight planner: moving lines v1.07
UNCERTAINTY: Undefined
ULOD_FLAG: -7777
ULOD_VALUE: N/A
LLOD_FLAG: -8888
LLOD_VALUE: N/A
DM_CONTACT_INFO: See PI
PROJECT_INFO: ORACLES
STIPULATIONS_ON_USE: None
OTHER_COMMENTS: N/A
REVISION: RA
RA: First iteration of the flight plan
-----------------------------------------------------------------------------
Start_UTC,Latitude,Longitude,Altitude,speed,Bearing,SZA,AZI
[from data line 233]
39180,-13.863132901,11.189477850, 6000,155.000,183.467,16.579,15.013
39240,-13.945421812,11.175763031, 6000,155.000,183.216,16.582,14.126
39300,-14.027710724,11.162048213, 6000,155.000,182.965,16.585,13.240
39360,-14.109999636,11.148333394, 6000,155.000,182.714,16.588,12.353
39420,-14.192288547,11.134618575, 6000,155.000,182.463,16.591,11.467
39480,-14.274577459,11.120903757, 6000,155.000,182.212,16.594,10.581
39540,-14.356866371,11.107188938, 6000,155.000,181.961,16.597,9.694
39600,-14.439155282,11.093474120, 6000,155.000,181.710,16.600,8.808
39660,-14.521444194,11.079759301, 6000,155.000,181.459,16.603,7.922
39720,-14.603733106,11.066044482, 6000,155.000,181.208,16.606,7.035
39780,-14.686022017,11.052329664, 6000,155.000,180.957,16.609,6.149
39840,-14.768310929,11.038614845, 6000,155.000,180.707,16.612,5.262
39900,-14.850599841,11.024900027, 6000,155.000,180.456,16.615,4.376
39960,-14.932888752,11.011185208, 6000,155.000,180.205,16.618,3.490
40020,-15.015340185,11.000000000, 6000,155.000,179.904,16.648,3.757
40080,-15.098510237,11.000000000, 6000,155.000,179.380,16.799,9.125
40140,-15.181680290,11.000000000, 6000,155.000,178.857,16.951,14.492
40200,-15.264850343,11.000000000, 6000,155.000,178.334,17.102,19.860
40260,-15.348020395,11.000000000, 6000,155.000,177.811,17.253,25.228
40320,-15.431190448,11.000000000, 6000,155.000,177.288,17.404,30.596
40380,-15.514360500,11.000000000, 6000,155.000,176.765,17.555,35.964
40440,-15.597530553,11.000000000, 6000,155.000,176.242,17.706,41.331
40500,-15.680700606,11.000000000, 6000,155.000,175.718,17.858,46.699
40560,-15.763870658,11.000000000, 6000,155.000,175.195,18.009,52.067
40620,-15.847040711,11.000000000, 6000,155.000,174.672,18.160,57.435
40680,-15.930210764,11.000000000, 6000,155.000,174.149,18.311,62.802
40740,-16.013380816,11.000000000, 6000,155.000,173.626,18.462,68.170
40800,-16.096550869,11.000000000, 6000,155.000,173.103,18.614,73.538
40860,-16.179720922,11.000000000, 6000,155.000,172.580,18.765,78.906
40920,-16.262890974,11.000000000, 6000,155.000,172.057,18.916,84.273
40980,-16.346061027,11.000000000, 6000,155.000,171.533,19.067,89.641
41040,-16.429231080,11.000000000, 6000,155.000,171.010,19.218,95.009
41100,-16.512401132,11.000000000, 6000,155.000,170.487,19.369,100.377
41160,-16.595571185,11.000000000, 6000,155.000,169.964,19.521,105.745
41220,-16.678741237,11.000000000, 6000,155.000,169.441,19.672,111.112
41280,-16.761911290,11.000000000, 6000,155.000,168.918,19.823,116.480
41340,-16.845081343,11.000000000, 6000,155.000,168.395,19.974,121.848
41400,-16.928251395,11.000000000, 6000,155.000,167.872,20.125,127.216
41460,-17.011421448,11.000000000, 6000,155.000,167.348,20.277,132.583
41520,-17.094591501,11.000000000, 6000,155.000,166.825,20.428,137.951
41580,-17.177761553,11.000000000, 6000,155.000,166.302,20.579,143.319
41640,-17.260931606,11.000000000, 6000,155.000,165.779,20.730,148.687
41700,-17.344101659,11.000000000, 6000,155.000,165.256,20.881,154.055
41760,-17.427271711,11.000000000, 6000,155.000,164.733,21.033,159.422
41820,-17.510441764,11.000000000, 6000,155.000,164.210,21.184,164.790
41880,-17.593611817,11.000000000, 6000,155.000,163.687,21.335,170.158
41940,-17.676781869,11.000000000, 6000,155.000,163.163,21.486,175.526
42000,-17.759951922,11.000000000, 6000,155.000,162.640,21.637,180.893
42060,-17.843121974,11.000000000, 6000,155.000,162.117,21.788,186.261
42120,-17.926292027,11.000000000, 6000,155.000,161.594,21.940,191.629
42180,-18.009462080,11.000000000, 6000,155.000,161.071,22.091,196.997
42240,-18.092632132,11.000000000, 6000,155.000,160.548,22.242,202.365
42300,-18.175802185,11.000000000, 6000,155.000,160.025,22.393,207.732
42360,-18.258972238,11.000000000, 6000,155.000,159.502,22.544,213.100
42420,-18.342142290,11.000000000, 6000,155.000,158.978,22.696,218.468
42480,-18.425312343,11.000000000, 6000,155.000,158.455,22.847,223.836
42540,-18.508482396,11.000000000, 6000,155.000,157.932,22.998,229.203
42600,-18.591652448,11.000000000, 6000,155.000,157.409,23.149,234.571
42660,-18.674822501,11.000000000, 6000,155.000,156.886,23.300,239.939
42720,-18.757992554,11.000000000, 6000,155.000,156.363,23.451,245.307
42780,-18.841162606,11.000000000, 6000,155.000,155.840,23.603,250.674
42840,-18.924332659,11.000000000, 6000,155.000,155.316,23.754,256.042
42900,-19.007502711,11.000000000, 6000,155.000,154.793,23.905,261.410
42960,-19.090672764,11.000000000, 6000,155.000,154.270,24.056,266.778
43020,-19.173842817,11.000000000, 6000,155.000,153.747,24.207,272.146
43080,-19.257012869,11.000000000, 6000,155.000,153.224,24.359,277.513
43140,-19.340182922,11.000000000, 6000,155.000,152.701,24.510,282.881
43200,-19.423352975,11.000000000, 6000,155.000,152.178,24.661,288.249
43260,-19.506523027,11.000000000, 6000,155.000,151.655,24.812,293.617
43320,-19.589693080,11.000000000, 6000,155.000,151.131,24.963,298.984
43380,-19.672863133,11.000000000, 6000,155.000,150.608,25.114,304.352
43440,-19.756033185,11.000000000, 6000,155.000,150.085,25.266,309.720
43500,-19.839203238,11.000000000, 6000,155.000,149.562,25.417,315.088
43560,-19.922373291,11.000000000, 6000,155.000,149.039,25.568,320.456
43620,-20.004676963,11.003117975, 6000,155.000,148.459,25.725,325.441
43680,-20.074848196,11.049898797, 6000,155.000,147.079,25.964,325.068
43740,-20.145019429,11.096679619, 6000,155.000,145.699,26.203,324.695
43800,-20.215190662,11.143460441, 6000,155.000,144.319,26.443,324.322
43860,-20.285361895,11.190241263, 6000,155.000,142.939,26.682,323.949
43920,-20.355533128,11.237022085, 6000,155.000,141.559,26.921,323.576
43980,-20.425704361,11.283802907, 6000,155.000,140.179,27.160,323.203
44040,-20.495875594,11.330583729, 6000,155.000,138.799,27.399,322.830
44100,-20.566046827,11.377364551, 6000,155.000,137.419,27.639,322.457
44160,-20.636218060,11.424145373, 6000,155.000,136.039,27.878,322.084
44220,-20.706389293,11.470926195, 6000,155.000,134.659,28.117,321.711
44280,-20.776560526,11.517707017, 6000,155.000,133.279,28.356,321.338
44340,-20.846731759,11.564487839, 6000,155.000,131.899,28.596,320.966
44400,-20.916902992,11.611268661, 6000,155.000,130.519,28.835,320.593
44460,-20.987074225,11.658049484, 6000,155.000,129.139,29.074,320.220
44520,-21.057245458,11.704830306, 6000,155.000,127.759,29.313,319.847
44580,-21.127416691,11.751611128, 6000,155.000,126.379,29.552,319.474
44640,-21.197587924,11.798391950, 6000,155.000,124.999,29.792,319.101
44700,-21.267759157,11.845172772, 6000,155.000,123.620,30.031,318.728
44760,-21.337930391,11.891953594, 6000,155.000,122.240,30.270,318.355
44820,-21.408101624,11.938734416, 6000,155.000,120.860,30.509,317.982
44880,-21.478272857,11.985515238, 6000,155.000,119.480,30.748,317.609
44940,-21.548444090,12.032296060, 6000,155.000,118.100,30.988,317.236
45000,-21.618615323,12.079076882, 6000,155.000,116.720,31.227,316.863
45060,-21.688786556,12.125857704, 6000,155.000,115.340,31.466,316.490
45120,-21.758957789,12.172638526, 6000,155.000,113.960,31.705,316.117
45180,-21.829129022,12.219419348, 6000,155.000,112.580,31.944,315.744
45240,-21.899300255,12.266200170, 6000,155.000,111.200,32.184,315.372
45300,-21.969471488,12.312980992, 6000,155.000,109.820,32.423,314.999
45360,-22.039642721,12.359761814, 6000,155.000,108.440,32.662,314.626
45420,-22.109813954,12.406542636, 6000,155.000,107.060,32.901,314.253
45480,-22.179985187,12.453323458, 6000,155.000,105.680,33.140,313.880
45540,-22.250156420,12.500104280, 6000,155.000,104.300,33.380,313.507
45600,-22.320327653,12.546885102, 6000,155.000,102.920,33.619,313.134
45660,-22.390498886,12.593665924, 6000,155.000,101.540,33.858,312.761
45720,-22.460670119,12.640446746, 6000,155.000,100.160,34.097,312.388
45780,-22.530841352,12.687227568, 6000,155.000,98.780,34.336,312.015
45840,-22.601012585,12.734008390, 6000,155.000,97.400,34.576,311.642
45900,-22.671183818,12.780789212, 6000,155.000,96.020,34.815,311.269
45960,-22.741355051,12.827570034, 6000,155.000,94.641,35.054,310.896
46020,-22.811526285,12.874350856, 6000,155.000,93.261,35.293,310.523
46080,-22.881697518,12.921131678, 6000,155.000,91.881,35.532,310.151
46140,-22.951868751,12.967912500, 6000,155.000,90.501,35.772,309.778
46200,-22.999648626,13.028501719, 6000,155.000,89.543,36.015,309.406
46260,-22.998529916,13.119245922, 6000,155.000,89.508,36.268,309.036
46320,-22.997411206,13.209990125, 6000,155.000,89.472,36.520,308.666
46380,-22.996292496,13.300734328, 6000,155.000,89.437,36.773,308.296
46440,-22.995173787,13.391478531, 6000,155.000,89.401,37.025,307.926
46500,-22.994055077,13.482222735, 6000,155.000,89.366,37.278,307.556
46560,-22.992936367,13.572966938, 6000,155.000,89.330,37.531,307.186
46620,-22.991817657,13.663711141, 6000,155.000,89.295,37.783,306.816
46680,-22.990698947,13.754455344, 6000,155.000,89.259,38.036,306.446
46740,-22.989580237,13.845199547, 6000,155.000,89.224,38.288,306.076
46800,-22.988461528,13.935943750, 6000,155.000,89.189,38.541,305.706
46860,-22.987342818,14.026687953, 6000,155.000,89.153,38.794,305.336
46920,-22.986224108,14.117432156, 6000,155.000,89.118,39.046,304.966
46980,-22.985105398,14.208176360, 6000,155.000,89.082,39.299,304.596
47040,-22.983986688,14.298920563, 6000,155.000,89.047,39.551,304.227
47100,-22.982867978,14.389664766, 6000,155.000,89.011,39.804,303.857
47160,-22.981749269,14.480408969, 6000,155.000,88.976,40.057,303.487
47220,-22.980630559,14.571153172, 6000,155.000,88.940,40.309,303.117
