src/Components/missions/ORACLES/Tracks/routine/ORACLES-Flt-plan_er2_20160901_RA_12S.ict
42, 1001
Samuel LeBlanc
NASA Ames Research Center
Simulated flight plan
ORACLES
1,1
2016,09,01,2016,09,01
60
Start_UTC, seconds from midnight UTC, time keeping
7
1,1,1,1,1,1,1
-9999,-9999,-9999,-9999,-9999,-9999,-9999
Latitude, Degrees (North positive), Planned latitude position of the aircraft
Longitude, Degrees (East positive), Planned longitude position of the aircraft
Altitude, meters (above sea level), Planned altitude of the aircraft
speed, meters per second (m/s), Estimated speed of aircraft
Bearing, degrees from north, Direction of travel of the plane per respect to north
SZA, degrees from zenith, Elevation position of the sun in the sky per respect to zenith
AZI, degrees from north, Azimuthal position of the sun in the sky per respect to north
1
Simulated aircraft data interpolated from flight plan waypoints
20
-----------------------------------------------------------------------------
PI_CONTACT_INFO: Samuel LeBlanc, samuel.leblanc@nasa.gov
PLATFORM: er2
LOCATION: N/A
ASSOCIATED_DATA: N/A
INSTRUMENT_INFO: None
DATA_INFO: Compiled with flight planner: moving lines v0.8beta
UNCERTAINTY: Undefined
ULOD_FLAG: -7777
ULOD_VALUE: N/A
LLOD_FLAG: -8888
LLOD_VALUE: N/A
DM_CONTACT_INFO: See PI
PROJECT_INFO: ORACLES
STIPULATIONS_ON_USE: None
OTHER_COMMENTS: N/A
REVISION: RA
RA: First iteration of the flight plan
-----------------------------------------------------------------------------
Start_UTC,Latitude,Longitude,Altitude,speed,Bearing,SZA,AZI
25200,-22.979716667,14.645283333,   95,150.000,36.363,66.622,110.459
25260,-22.948958009,14.621036426,  463,148.455,36.315,66.418,110.575
25320,-22.918199351,14.596789518,  831,146.911,36.266,66.214,110.690
25380,-22.887440693,14.572542611, 1199,145.366,36.217,66.010,110.805
25440,-22.856682035,14.548295703, 1567,143.822,36.169,65.806,110.921
25500,-22.825923377,14.524048796, 1935,142.277,36.120,65.602,111.036
25560,-22.795164719,14.499801888, 2304,140.733,36.071,65.398,111.151
25620,-22.764406062,14.475554980, 2672,139.188,36.023,65.195,111.267
25680,-22.733647404,14.451308073, 3040,137.644,35.974,64.991,111.382
25740,-22.702888746,14.427061165, 3408,136.099,35.925,64.787,111.497
25800,-22.672130088,14.402814258, 3776,134.555,35.877,64.583,111.613
25860,-22.641371430,14.378567350, 4144,133.010,35.828,64.379,111.728
25920,-22.610612772,14.354320443, 4512,131.465,35.779,64.175,111.843
25980,-22.579854114,14.330073535, 4880,129.921,35.731,63.971,111.959
26040,-22.549095457,14.305826627, 5248,128.376,35.682,63.767,112.074
26100,-22.518336799,14.281579720, 5616,126.832,35.633,63.563,112.189
26160,-22.487578141,14.257332812, 5985,125.287,35.585,63.359,112.304
26220,-22.456819483,14.233085905, 6353,123.743,35.536,63.155,112.420
26280,-22.426060825,14.208838997, 6721,122.198,35.487,62.952,112.535
26340,-22.395302167,14.184592090, 7089,120.654,35.439,62.748,112.650
26400,-22.364543509,14.160345182, 7457,119.109,35.390,62.544,112.766
26460,-22.333784852,14.136098275, 7825,117.565,35.341,62.340,112.881
26520,-22.303026194,14.111851367, 8193,116.020,35.293,62.136,112.996
26580,-22.272267536,14.087604459, 8561,114.475,35.244,61.932,113.112
26640,-22.241508878,14.063357552, 8929,112.931,35.195,61.728,113.227
26700,-22.210750220,14.039110644, 9297,111.386,35.147,61.524,113.342
26760,-22.179991562,14.014863737, 9666,109.842,35.098,61.320,113.458
26820,-22.149232904,13.990616829,10034,108.297,35.049,61.116,113.573
26880,-22.118474246,13.966369922,10402,106.753,35.001,60.912,113.688
26940,-22.087715589,13.942123014,10770,105.208,34.952,60.709,113.803
27000,-22.056956931,13.917876106,11138,103.664,34.903,60.505,113.919
27060,-22.026198273,13.893629199,11506,102.119,34.855,60.301,114.034
27120,-21.995439615,13.869382291,11874,100.575,34.806,60.097,114.149
27180,-21.964680957,13.845135384,12242,99.030,34.757,59.893,114.265
27240,-21.933922299,13.820888476,12610,97.485,34.709,59.689,114.380
27300,-21.903163641,13.796641569,12978,95.941,34.660,59.485,114.495
27360,-21.872404984,13.772394661,13347,94.396,34.611,59.281,114.611
27420,-21.841646326,13.748147753,13715,92.852,34.563,59.077,114.726
27480,-21.810887668,13.723900846,14083,91.307,34.514,58.873,114.841
27540,-21.780129010,13.699653938,14451,89.763,34.465,58.670,114.957
27600,-21.749370352,13.675407031,14819,88.218,34.417,58.466,115.072
27660,-21.718611694,13.651160123,15187,86.674,34.368,58.262,115.187
27720,-21.687853036,13.626913216,15555,85.129,34.319,58.058,115.303
27780,-21.657094379,13.602666308,15923,83.584,34.271,57.854,115.418
27840,-21.626335721,13.578419401,16291,82.040,34.222,57.650,115.533
27900,-21.595577063,13.554172493,16659,80.495,34.173,57.446,115.648
27960,-21.564818405,13.529925585,17028,78.951,34.125,57.242,115.764
28020,-21.534059747,13.505678678,17396,77.406,34.076,57.038,115.879
28080,-21.503301089,13.481431770,17764,75.862,34.027,56.834,115.994
28140,-21.472542431,13.457184863,18132,74.317,33.979,56.630,116.110
28200,-21.441783774,13.432937955,18500,72.773,33.930,56.427,116.225
28260,-21.411025116,13.408691048,18868,71.228,33.881,56.223,116.340
28320,-21.340902163,13.359370237,19000,71.914,33.551,56.021,116.421
28380,-21.248786407,13.296040655,19000,73.846,33.064,55.822,116.483
28440,-21.156670651,13.232711073,19000,75.778,32.576,55.622,116.545
28500,-21.064554895,13.169381490,19000,77.710,32.089,55.422,116.607
28560,-20.972439139,13.106051908,19000,79.642,31.602,55.223,116.669
28620,-20.880323383,13.042722326,19000,81.574,31.114,55.023,116.731
28680,-20.788207627,12.979392744,19000,83.505,30.627,54.823,116.794
28740,-20.696091872,12.916063162,19000,85.437,30.139,54.623,116.856
28800,-20.603976116,12.852733580,19000,87.369,29.652,54.424,116.918
28860,-20.511860360,12.789403997,19000,89.301,29.164,54.224,116.980
28920,-20.419744604,12.726074415,19000,91.233,28.677,54.024,117.042
28980,-20.327628848,12.662744833,19000,93.165,28.190,53.825,117.104
29040,-20.235513092,12.599415251,19000,95.097,27.702,53.625,117.166
29100,-20.143397336,12.536085669,19000,97.029,27.215,53.425,117.228
29160,-20.051281580,12.472756087,19000,98.961,26.727,53.225,117.290
29220,-19.959165824,12.409426504,19000,100.893,26.240,53.026,117.352
29280,-19.867050069,12.346096922,19000,102.825,25.753,52.826,117.414
29340,-19.774934313,12.282767340,19000,104.757,25.265,52.626,117.476
29400,-19.682818557,12.219437758,19000,106.688,24.778,52.427,117.538
29460,-19.590702801,12.156108176,19000,108.620,24.290,52.227,117.600
29520,-19.498587045,12.092778593,19000,110.552,23.803,52.027,117.662
29580,-19.406471289,12.029449011,19000,112.484,23.316,51.827,117.724
29640,-19.314355533,11.966119429,19000,114.416,22.828,51.628,117.786
29700,-19.222239777,11.902789847,19000,116.348,22.341,51.428,117.848
29760,-19.130124022,11.839460265,19000,118.280,21.853,51.228,117.910
29820,-19.038008266,11.776130683,19000,120.212,21.366,51.029,117.972
29880,-18.945892510,11.712801100,19000,122.144,20.879,50.829,118.034
29940,-18.853776754,11.649471518,19000,124.076,20.391,50.629,118.096
30000,-18.761660998,11.586141936,19000,126.008,19.904,50.429,118.158
30060,-18.669545242,11.522812354,19000,127.940,19.416,50.230,118.220
30120,-18.577429486,11.459482772,19000,129.872,18.929,50.030,118.282
30180,-18.485313730,11.396153190,19000,131.803,18.442,49.830,118.344
30240,-18.393197975,11.332823607,19000,133.735,17.954,49.631,118.406
30300,-18.301082219,11.269494025,19000,135.667,17.467,49.431,118.468
30360,-18.208966463,11.206164443,19000,137.599,16.979,49.231,118.530
30420,-18.116850707,11.142834861,19000,139.531,16.492,49.031,118.592
30480,-18.024734951,11.079505279,19000,141.463,16.005,48.832,118.654
30540,-17.932619195,11.016175697,19000,143.395,15.517,48.632,118.716
30600,-17.840503439,10.952846114,19000,145.327,15.030,48.432,118.778
30660,-17.748387683,10.889516532,19000,147.259,14.542,48.232,118.840
30720,-17.656271927,10.826186950,19000,149.191,14.055,48.033,118.902
30780,-17.564156172,10.762857368,19000,151.123,13.568,47.833,118.964
30840,-17.472040416,10.699527786,19000,153.055,13.080,47.633,119.026
30900,-17.379924660,10.636198204,19000,154.986,12.593,47.434,119.088
30960,-17.287808904,10.572868621,19000,156.918,12.105,47.234,119.150
31020,-17.195693148,10.509539039,19000,158.850,11.618,47.034,119.212
31080,-17.103577392,10.446209457,19000,160.782,11.131,46.834,119.274
31140,-17.011461636,10.382879875,19000,162.714,10.643,46.635,119.336
31200,-16.919345880,10.319550293,19000,164.646,10.156,46.435,119.398
31260,-16.827230125,10.256220711,19000,166.578,9.668,46.235,119.460
31320,-16.735114369,10.192891128,19000,168.510,9.181,46.036,119.522
31380,-16.642998613,10.129561546,19000,170.442,8.693,45.836,119.584
31440,-16.550882857,10.066231964,19000,172.374,8.206,45.636,119.646
31500,-16.458767101,10.002902382,19000,174.306,7.719,45.436,119.708
31560,-16.366651345,9.939572800,19000,176.238,7.231,45.237,119.770
31620,-16.274535589,9.876243218,19000,178.170,6.744,45.037,119.832
31680,-16.182419833,9.812913635,19000,180.101,6.256,44.837,119.894
31740,-16.090304077,9.749584053,19000,182.033,5.769,44.638,119.956
31800,-15.998188322,9.686254471,19000,183.965,5.282,44.438,120.018
31860,-15.906072566,9.622924889,19000,185.897,4.794,44.238,120.080
31920,-15.813956810,9.559595307,19000,187.829,4.307,44.038,120.142
31980,-15.721841054,9.496265725,19000,189.761,3.819,43.839,120.204
32040,-15.629725298,9.432936142,19000,191.693,3.332,43.639,120.266
32100,-15.537609542,9.369606560,19000,193.625,2.845,43.439,120.328
32160,-15.445493786,9.306276978,19000,195.557,2.357,43.240,120.390
32220,-15.353378030,9.242947396,19000,197.489,1.870,43.040,120.452
32280,-15.261262275,9.179617814,19000,199.421,1.382,42.840,120.514
32340,-15.169146519,9.116288232,19000,201.353,0.895,42.640,120.576
32400,-15.077030763,9.052958649,19000,203.284,0.408,42.441,120.638
32460,-14.982217027,9.000000000,19000,204.900,0.324,42.231,120.709
32520,-14.873626189,9.000000000,19000,204.900,2.303,41.967,120.822
32580,-14.765035351,9.000000000,19000,204.900,4.283,41.703,120.936
32640,-14.656444513,9.000000000,19000,204.900,6.262,41.440,121.050
32700,-14.547853675,9.000000000,19000,204.900,8.241,41.176,121.164
32760,-14.439262837,9.000000000,19000,204.900,10.220,40.913,121.278
32820,-14.330672000,9.000000000,19000,204.900,12.200,40.649,121.391
32880,-14.222081162,9.000000000,19000,204.900,14.179,40.385,121.505
32940,-14.113490324,9.000000000,19000,204.900,16.158,40.122,121.619
33000,-14.004899486,9.000000000,19000,204.900,18.137,39.858,121.733
33060,-13.896308648,9.000000000,19000,204.900,20.117,39.595,121.847
33120,-13.787717810,9.000000000,19000,204.900,22.096,39.331,121.960
33180,-13.679126973,9.000000000,19000,204.900,24.075,39.067,122.074
33240,-13.570536135,9.000000000,19000,204.900,26.054,38.804,122.188
33300,-13.461945297,9.000000000,19000,204.900,28.034,38.540,122.302
33360,-13.353354459,9.000000000,19000,204.900,30.013,38.277,122.415
33420,-13.244763621,9.000000000,19000,204.900,31.992,38.013,122.529
33480,-13.136172783,9.000000000,19000,204.900,33.971,37.750,122.643
33540,-13.027581946,9.000000000,19000,204.900,35.951,37.486,122.757
33600,-12.918991108,9.000000000,19000,204.900,37.930,37.222,122.871
33660,-12.810400270,9.000000000,19000,204.900,39.909,36.959,122.984
33720,-12.701809432,9.000000000,19000,204.900,41.888,36.695,123.098
33780,-12.593218594,9.000000000,19000,204.900,43.868,36.432,123.212
33840,-12.484627756,9.000000000,19000,204.900,45.847,36.168,123.326
33900,-12.376036919,9.000000000,19000,204.900,47.826,35.904,123.440
33960,-12.267446081,9.000000000,19000,204.900,49.805,35.641,123.553
34020,-12.158855243,9.000000000,19000,204.900,51.785,35.377,123.667
34080,-12.050264405,9.000000000,19000,204.900,53.764,35.114,123.781
34140,-11.941673567,9.000000000,19000,204.900,55.743,34.850,123.895
34200,-11.833082729,9.000000000,19000,204.900,57.722,34.586,124.009
34260,-11.724491892,9.000000000,19000,204.900,59.702,34.323,124.122
34320,-11.615901054,9.000000000,19000,204.900,61.681,34.059,124.236
34380,-11.507310216,9.000000000,19000,204.900,63.660,33.796,124.350
34440,-11.398719378,9.000000000,19000,204.900,65.639,33.532,124.464
34500,-11.290128540,9.000000000,19000,204.900,67.619,33.268,124.577
34560,-11.181537703,9.000000000,19000,204.900,69.598,33.005,124.691
34620,-11.072946865,9.000000000,19000,204.900,71.577,32.741,124.805
34680,-10.964356027,9.000000000,19000,204.900,73.556,32.478,124.919
34740,-10.855765189,9.000000000,19000,204.900,75.536,32.214,125.033
34800,-10.747174351,9.000000000,19000,204.900,77.515,31.951,125.146
34860,-10.638583513,9.000000000,19000,204.900,79.494,31.687,125.260
34920,-10.529992676,9.000000000,19000,204.900,81.473,31.423,125.374
34980,-10.421401838,9.000000000,19000,204.900,83.453,31.160,125.488
35040,-10.312811000,9.000000000,19000,204.900,85.432,30.896,125.602
35100,-10.204220162,9.000000000,19000,204.900,87.411,30.633,125.715
35160,-10.095629324,9.000000000,19000,204.900,89.390,30.369,125.829
35220,-10.000000000,8.986789039,19000,204.900,91.314,30.126,125.960
35280,-10.000000000,8.876108343,19000,204.900,92.827,30.037,126.218
35340,-10.000000000,8.765427646,19000,204.900,94.340,29.948,126.476
35400,-10.000000000,8.654746950,19000,204.900,95.854,29.858,126.734
35460,-10.000000000,8.544066254,19000,204.900,97.367,29.769,126.991
35520,-10.000000000,8.433385558,19000,204.900,98.880,29.680,127.249
35580,-10.000000000,8.322704862,19000,204.900,100.393,29.590,127.507
35640,-10.000000000,8.212024165,19000,204.900,101.906,29.501,127.765
35700,-10.000000000,8.101343469,19000,204.900,103.420,29.412,128.023
35760,-10.000000000,7.990662773,19000,204.900,104.933,29.322,128.280
35820,-10.000000000,7.879982077,19000,204.900,106.446,29.233,128.538
35880,-10.000000000,7.769301381,19000,204.900,107.959,29.144,128.796
35940,-10.000000000,7.658620684,19000,204.900,109.472,29.055,129.054
36000,-10.000000000,7.547939988,19000,204.900,110.986,28.965,129.311
36060,-10.000000000,7.437259292,19000,204.900,112.499,28.876,129.569
36120,-10.000000000,7.326578596,19000,204.900,114.012,28.787,129.827
36180,-10.000000000,7.215897900,19000,204.900,115.525,28.697,130.085
36240,-10.000000000,7.105217204,19000,204.900,117.038,28.608,130.343
36300,-10.000000000,6.994536507,19000,204.900,118.552,28.519,130.600
36360,-10.000000000,6.883855811,19000,204.900,120.065,28.429,130.858
36420,-10.000000000,6.773175115,19000,204.900,121.578,28.340,131.116
36480,-10.000000000,6.662494419,19000,204.900,123.091,28.251,131.374
36540,-10.000000000,6.551813723,19000,204.900,124.604,28.162,131.632
36600,-10.000000000,6.441133026,19000,204.900,126.118,28.072,131.889
36660,-10.000000000,6.330452330,19000,204.900,127.631,27.983,132.147
36720,-10.000000000,6.219771634,19000,204.900,129.144,27.894,132.405
36780,-10.000000000,6.109090938,19000,204.900,130.657,27.804,132.663
36840,-10.000000000,5.998410242,19000,204.900,132.171,27.715,132.921
36900,-10.000000000,5.887729545,19000,204.900,133.684,27.626,133.178
36960,-10.000000000,5.777048849,19000,204.900,135.197,27.536,133.436
37020,-10.000000000,5.666368153,19000,204.900,136.710,27.447,133.694
37080,-10.000000000,5.555687457,19000,204.900,138.223,27.358,133.952
37140,-10.000000000,5.445006761,19000,204.900,139.737,27.268,134.210
37200,-10.000000000,5.334326064,19000,204.900,141.250,27.179,134.467
37260,-10.000000000,5.223645368,19000,204.900,142.763,27.090,134.725
37320,-10.000000000,5.112964672,19000,204.900,144.276,27.001,134.983
37380,-10.000000000,5.002283976,19000,204.900,145.789,26.911,135.241
37440,-10.000000000,4.891603280,19000,204.900,147.303,26.822,135.498
37500,-10.000000000,4.780922584,19000,204.900,148.816,26.733,135.756
37560,-10.000000000,4.670241887,19000,204.900,150.329,26.643,136.014
37620,-10.000000000,4.559561191,19000,204.900,151.842,26.554,136.272
37680,-10.000000000,4.448880495,19000,204.900,153.355,26.465,136.530
37740,-10.000000000,4.338199799,19000,204.900,154.869,26.375,136.787
37800,-10.000000000,4.227519103,19000,204.900,156.382,26.286,137.045
37860,-10.000000000,4.116838406,19000,204.900,157.895,26.197,137.303
37920,-10.000000000,4.006157710,19000,204.900,159.408,26.107,137.561
37980,-10.000000000,3.895477014,19000,204.900,160.921,26.018,137.819
38040,-10.000000000,3.784796318,19000,204.900,162.435,25.929,138.076
38100,-10.000000000,3.674115622,19000,204.900,163.948,25.840,138.334
38160,-10.000000000,3.563434925,19000,204.900,165.461,25.750,138.592
38220,-10.000000000,3.452754229,19000,204.900,166.974,25.661,138.850
38280,-10.000000000,3.342073533,19000,204.900,168.487,25.572,139.108
38340,-10.000000000,3.231392837,19000,204.900,170.001,25.482,139.365
38400,-10.000000000,3.120712141,19000,204.900,171.514,25.393,139.623
38460,-10.000000000,3.010031445,19000,204.900,173.027,25.304,139.881
38520,-10.000000000,2.899350748,19000,204.900,174.540,25.214,140.139
38580,-10.000000000,2.788670052,19000,204.900,176.053,25.125,140.397
38640,-10.000000000,2.677989356,19000,204.900,177.567,25.036,140.654
38700,-10.000000000,2.567308660,19000,204.900,179.080,24.947,140.912
38760,-10.000000000,2.456627964,19000,204.900,180.593,24.857,141.170
38820,-10.000000000,2.345947267,19000,204.900,182.106,24.768,141.428
38880,-10.000000000,2.235266571,19000,204.900,183.619,24.679,141.685
38940,-10.000000000,2.124585875,19000,204.900,185.133,24.589,141.943
39000,-10.000000000,2.013905179,19000,204.900,186.646,24.500,142.201
39060,-10.000000000,1.903224483,19000,204.900,188.159,24.411,142.459
39120,-10.000000000,1.792543786,19000,204.900,189.672,24.321,142.717
