src/Components/missions/ORACLES/Tracks/routine/ORACLES-Flt-plan_er2_20160901_RA_12S.ict
42, 1001
Samuel LeBlanc
NASA Ames Research Center
Simulated flight plan
ORACLES
1,1
2016,09,01,2016,09,01
60
Start_UTC, seconds from midnight UTC, time keeping
7
1,1,1,1,1,1,1
-9999,-9999,-9999,-9999,-9999,-9999,-9999
Latitude, Degrees (North positive), Planned latitude position of the aircraft
Longitude, Degrees (East positive), Planned longitude position of the aircraft
Altitude, meters (above sea level), Planned altitude of the aircraft
speed, meters per second (m/s), Estimated speed of aircraft
Bearing, degrees from north, Direction of travel of the plane per respect to north
SZA, degrees from zenith, Elevation position of the sun in the sky per respect to zenith
AZI, degrees from north, Azimuthal position of the sun in the sky per respect to north
1
Simulated aircraft data interpolated from flight plan waypoints
20
-----------------------------------------------------------------------------
PI_CONTACT_INFO: Samuel LeBlanc, samuel.leblanc@nasa.gov
PLATFORM: er2
LOCATION: N/A
ASSOCIATED_DATA: N/A
INSTRUMENT_INFO: None
DATA_INFO: Compiled with flight planner: moving lines v0.8beta
UNCERTAINTY: Undefined
ULOD_FLAG: -7777
ULOD_VALUE: N/A
LLOD_FLAG: -8888
LLOD_VALUE: N/A
DM_CONTACT_INFO: See PI
PROJECT_INFO: ORACLES
STIPULATIONS_ON_USE: None
OTHER_COMMENTS: N/A
REVISION: RA
RA: First iteration of the flight plan
-----------------------------------------------------------------------------
Start_UTC,Latitude,Longitude,Altitude,speed,Bearing,SZA,AZI
[from data line 465]
53100,-16.704906102,10.166926220,19000,204.900,213.264,56.497,248.152
53160,-16.797434185,10.230257243,19000,204.900,213.304,56.808,248.260
53220,-16.889962269,10.293588265,19000,204.900,213.345,57.119,248.368
53280,-16.982490352,10.356919288,19000,204.900,213.385,57.430,248.476
53340,-17.075018436,10.420250310,19000,204.900,213.426,57.742,248.584
53400,-17.167546519,10.483581333,19000,204.900,213.466,58.053,248.692
53460,-17.260074603,10.546912356,19000,204.900,213.507,58.364,248.800
53520,-17.352602686,10.610243378,19000,204.900,213.548,58.675,248.908
53580,-17.445130770,10.673574401,19000,204.900,213.588,58.986,249.016
53640,-17.537658853,10.736905423,19000,204.900,213.629,59.297,249.124
53700,-17.630186937,10.800236446,19000,204.900,213.669,59.608,249.232
53760,-17.722715020,10.863567468,19000,204.900,213.710,59.919,249.340
53820,-17.815243104,10.926898491,19000,204.900,213.750,60.230,249.448
53880,-17.907771187,10.990229513,19000,204.900,213.791,60.541,249.556
53940,-18.000299271,11.053560536,19000,204.900,213.832,60.852,249.664
54000,-18.092827354,11.116891558,19000,204.900,213.872,61.163,249.772
54060,-18.185355438,11.180222581,19000,204.900,213.913,61.474,249.880
54120,-18.277883521,11.243553603,19000,204.900,213.953,61.785,249.988
54180,-18.370411605,11.306884626,19000,204.900,213.994,62.096,250.096
54240,-18.462939688,11.370215649,19000,204.900,214.034,62.407,250.204
54300,-18.555467772,11.433546671,19000,204.900,214.075,62.718,250.312
54360,-18.647995855,11.496877694,19000,204.900,214.115,63.029,250.420
54420,-18.740523939,11.560208716,19000,204.900,214.156,63.340,250.528
54480,-18.833052022,11.623539739,19000,204.900,214.197,63.652,250.636
54540,-18.925580106,11.686870761,19000,204.900,214.237,63.963,250.744
54600,-19.018108189,11.750201784,19000,204.900,214.278,64.274,250.852
54660,-19.110636273,11.813532806,19000,204.900,214.318,64.585,250.960
54720,-19.203164356,11.876863829,19000,204.900,214.359,64.896,251.068
54780,-19.295692440,11.940194851,19000,204.900,214.399,65.207,251.176
54840,-19.388220523,12.003525874,19000,204.900,214.440,65.518,251.284
54900,-19.480748607,12.066856896,19000,204.900,214.481,65.829,251.392
54960,-19.573276690,12.130187919,19000,204.900,214.521,66.140,251.500
55020,-19.665804774,12.193518942,19000,204.900,214.562,66.451,251.608
55080,-19.758332857,12.256849964,19000,204.900,214.602,66.762,251.716
55140,-19.850860941,12.320180987,19000,204.900,214.643,67.073,251.824
55200,-19.943389024,12.383512009,19000,204.900,214.683,67.384,251.932
55260,-20.035917108,12.446843032,19000,204.900,214.724,67.695,252.040
55320,-20.128445191,12.510174054,19000,204.900,214.765,68.006,252.148
55380,-20.220973275,12.573505077,19000,204.900,214.805,68.317,252.256
55440,-20.313501358,12.636836099,19000,204.900,214.846,68.628,252.364
55500,-20.406029442,12.700167122,19000,204.900,214.886,68.939,252.472
55560,-20.498557525,12.763498144,19000,204.900,214.927,69.250,252.580
55620,-20.591085609,12.826829167,19000,204.900,214.967,69.562,252.688
55680,-20.676598121,12.887562237,18773,204.900,215.001,69.866,252.799
55740,-20.750581970,12.944026101,18173,204.900,215.022,70.158,252.915
55800,-20.824565819,13.000489965,17573,204.900,215.043,70.451,253.030
55860,-20.898549668,13.056953829,16973,204.900,215.063,70.743,253.146
55920,-20.972533518,13.113417693,16373,204.900,215.084,71.036,253.261
55980,-21.046517367,13.169881558,15773,204.900,215.105,71.329,253.377
56040,-21.120501216,13.226345422,15173,204.900,215.126,71.621,253.493
56100,-21.194485066,13.282809286,14573,204.900,215.147,71.914,253.608
56160,-21.268468915,13.339273150,13973,204.900,215.168,72.207,253.724
56220,-21.342452764,13.395737014,13373,204.900,215.189,72.499,253.840
56280,-21.416436614,13.452200878,12773,204.900,215.210,72.792,253.955
56340,-21.490420463,13.508664743,12173,204.900,215.231,73.084,254.071
56400,-21.564404312,13.565128607,11573,204.900,215.252,73.377,254.186
56460,-21.638388162,13.621592471,10973,204.900,215.273,73.670,254.302
56520,-21.712372011,13.678056335,10373,204.900,215.294,73.962,254.418
56580,-21.786355860,13.734520199, 9773,204.900,215.315,74.255,254.533
56640,-21.860339710,13.790984064, 9173,204.900,215.336,74.548,254.649
56700,-21.934323559,13.847447928, 8573,204.900,215.357,74.840,254.765
56760,-22.008307408,13.903911792, 7973,204.900,215.378,75.133,254.880
56820,-22.082291258,13.960375656, 7373,204.900,215.399,75.425,254.996
56880,-22.156275107,14.016839520, 6773,204.900,215.420,75.718,255.112
56940,-22.230258956,14.073303384, 6173,204.900,215.441,76.011,255.227
57000,-22.304242806,14.129767249, 5573,204.900,215.462,76.303,255.343
57060,-22.378226655,14.186231113, 4973,204.900,215.483,76.596,255.458
57120,-22.452210504,14.242694977, 4373,204.900,215.504,76.888,255.574
57180,-22.526194354,14.299158841, 3773,204.900,215.525,77.181,255.690
57240,-22.600178203,14.355622705, 3173,204.900,215.546,77.474,255.805
57300,-22.674162052,14.412086569, 2573,204.900,215.567,77.766,255.921
57360,-22.748145902,14.468550434, 1973,204.900,215.588,78.059,256.037
57420,-22.822129751,14.525014298, 1373,204.900,215.609,78.352,256.152
57480,-22.896113600,14.581478162,  773,204.900,215.630,78.644,256.268
57540,-22.970097450,14.637942026,  173,204.900,215.651,78.937,256.383
