src/Components/missions/ORACLES/Tracks/routine/ORACLES-Flt-plan_p3_20160901_RA_12S.ict
42, 1001
Samuel LeBlanc
NASA Ames Research Center
Simulated flight plan
ORACLES
1,1
2016,09,01,2016,09,01
60
Start_UTC, seconds from midnight UTC, time keeping
7
1,1,1,1,1,1,1
-9999,-9999,-9999,-9999,-9999,-9999,-9999
Latitude, Degrees (North positive), Planned latitude position of the aircraft
Longitude, Degrees (East positive), Planned longitude position of the aircraft
Altitude, meters (above sea level), Planned altitude of the aircraft
speed, meters per second (m/s), Estimated speed of aircraft
Bearing, degrees from north, Direction of travel of the plane per respect to north
SZA, degrees from zenith, Elevation position of the sun in the sky per respect to zenith
AZI, degrees from north, Azimuthal position of the sun in the sky per respect to north
1
Simulated aircraft data interpolated from flight plan waypoints
20
-----------------------------------------------------------------------------
PI_CONTACT_INFO: Samuel LeBlanc, samuel.leblanc@nasa.gov
PLATFORM: p3
LOCATION: N/A
ASSOCIATED_DATA: N/A
INSTRUMENT_INFO: None
DATA_INFO: Compiled with flight planner: moving lines v0.8beta
UNCERTAINTY: Undefined
ULOD_FLAG: -7777
ULOD_VALUE: N/A
LLOD_FLAG: -8888
LLOD_VALUE: N/A
DM_CONTACT_INFO: See PI
PROJECT_INFO: ORACLES
STIPULATIONS_ON_USE: None
OTHER_COMMENTS: N/A
REVISION: RA
RA: First iteration of the flight plan
-----------------------------------------------------------------------------
Start_UTC,Latitude,Longitude,Altitude,speed,Bearing,SZA,AZI
25200,-22.979716667,14.645283333,   95,150.000,36.363,66.622,110.459
25260,-22.925528875,14.602567348,  349,150.343,36.278,66.424,110.548
25320,-22.871341083,14.559851363,  603,150.686,36.192,66.225,110.636
25380,-22.817153291,14.517135377,  857,151.029,36.106,66.027,110.725
25440,-22.762965500,14.474419392, 1111,151.372,36.020,65.829,110.813
25500,-22.708777708,14.431703407, 1365,151.715,35.935,65.631,110.902
25560,-22.654589916,14.388987421, 1619,152.058,35.849,65.433,110.990
25620,-22.600402125,14.346271436, 1873,152.401,35.763,65.234,111.078
25680,-22.546214333,14.303555451, 2127,152.744,35.677,65.036,111.167
25740,-22.492026541,14.260839466, 2381,153.087,35.592,64.838,111.255
25800,-22.437838749,14.218123480, 2635,153.430,35.506,64.640,111.344
25860,-22.383650958,14.175407495, 2889,153.773,35.420,64.442,111.432
25920,-22.329463166,14.132691510, 3143,154.116,35.334,64.243,111.520
25980,-22.275275374,14.089975524, 3397,154.459,35.249,64.045,111.609
26040,-22.221087582,14.047259539, 3651,154.802,35.163,63.847,111.697
26100,-22.166899791,14.004543554, 3905,155.145,35.077,63.649,111.786
26160,-22.112711999,13.961827568, 4159,155.488,34.992,63.451,111.874
26220,-22.058524207,13.919111583, 4413,155.831,34.906,63.252,111.962
26280,-22.004336415,13.876395598, 4667,156.174,34.820,63.054,112.051
26340,-21.950148624,13.833679613, 4921,156.517,34.734,62.856,112.139
26400,-21.895960832,13.790963627, 5175,156.860,34.649,62.658,112.228
26460,-21.841773040,13.748247642, 5429,157.203,34.563,62.460,112.316
26520,-21.787585248,13.705531657, 5683,157.546,34.477,62.261,112.404
26580,-21.733397457,13.662815671, 5937,157.890,34.391,62.063,112.493
26640,-21.679209665,13.620099686, 6191,158.233,34.306,61.865,112.581
26700,-21.625021873,13.577383701, 6445,158.576,34.220,61.667,112.670
26760,-21.570834081,13.534667715, 6699,158.919,34.134,61.469,112.758
26820,-21.516646290,13.491951730, 6953,159.262,34.048,61.270,112.846
26880,-21.462458498,13.449235745, 7207,159.605,33.963,61.072,112.935
26940,-21.408270706,13.406519759, 7461,159.948,33.877,60.874,113.023
27000,-21.333297723,13.354142184, 7500,160.156,33.511,60.673,113.096
27060,-21.254580855,13.300024338, 7500,160.341,33.094,60.471,113.166
27120,-21.175863988,13.245906492, 7500,160.525,32.678,60.270,113.235
27180,-21.097147121,13.191788646, 7500,160.710,32.261,60.068,113.305
27240,-21.018430254,13.137670800, 7500,160.894,31.845,59.866,113.375
27300,-20.939713387,13.083552953, 7500,161.079,31.428,59.665,113.444
27360,-20.860996520,13.029435107, 7500,161.263,31.012,59.463,113.514
27420,-20.782279652,12.975317261, 7500,161.448,30.595,59.262,113.584
27480,-20.703562785,12.921199415, 7500,161.632,30.179,59.060,113.654
27540,-20.624845918,12.867081569, 7500,161.817,29.762,58.858,113.723
27600,-20.546129051,12.812963723, 7500,162.001,29.346,58.657,113.793
27660,-20.467412184,12.758845876, 7500,162.186,28.929,58.455,113.863
27720,-20.388695317,12.704728030, 7500,162.370,28.513,58.254,113.933
27780,-20.309978449,12.650610184, 7500,162.555,28.096,58.052,114.002
27840,-20.231261582,12.596492338, 7500,162.739,27.680,57.850,114.072
27900,-20.152544715,12.542374492, 7500,162.924,27.263,57.649,114.142
27960,-20.073827848,12.488256645, 7500,163.108,26.847,57.447,114.211
28020,-19.995110981,12.434138799, 7500,163.293,26.430,57.246,114.281
28080,-19.916394114,12.380020953, 7500,163.477,26.014,57.044,114.351
28140,-19.837677246,12.325903107, 7500,163.662,25.597,56.842,114.421
28200,-19.758960379,12.271785261, 7500,163.846,25.181,56.641,114.490
28260,-19.680243512,12.217667415, 7500,164.031,24.764,56.439,114.560
28320,-19.601526645,12.163549568, 7500,164.215,24.348,56.238,114.630
28380,-19.522809778,12.109431722, 7500,164.400,23.931,56.036,114.700
28440,-19.444092911,12.055313876, 7500,164.584,23.515,55.834,114.769
28500,-19.365376043,12.001196030, 7500,164.769,23.098,55.633,114.839
28560,-19.286659176,11.947078184, 7500,164.953,22.682,55.431,114.909
28620,-19.207942309,11.892960338, 7500,165.138,22.265,55.230,114.978
28680,-19.129225442,11.838842491, 7500,165.322,21.849,55.028,115.048
28740,-19.050508575,11.784724645, 7500,165.507,21.432,54.826,115.118
28800,-18.971791708,11.730606799, 7500,165.691,21.016,54.625,115.188
28860,-18.893074840,11.676488953, 7500,165.876,20.599,54.423,115.257
28920,-18.814357973,11.622371107, 7500,166.060,20.183,54.222,115.327
28980,-18.735641106,11.568253260, 7500,166.245,19.766,54.020,115.397
29040,-18.656924239,11.514135414, 7500,166.429,19.350,53.818,115.467
29100,-18.578207372,11.460017568, 7500,166.614,18.933,53.617,115.536
29160,-18.499490505,11.405899722, 7500,166.798,18.517,53.415,115.606
29220,-18.420773637,11.351781876, 7500,166.983,18.100,53.214,115.676
29280,-18.342056770,11.297664030, 7500,167.167,17.684,53.012,115.745
29340,-18.263339903,11.243546183, 7500,167.352,17.267,52.810,115.815
29400,-18.184623036,11.189428337, 7500,167.536,16.851,52.609,115.885
29460,-18.105906169,11.135310491, 7500,167.721,16.434,52.407,115.955
29520,-18.027189302,11.081192645, 7500,167.905,16.018,52.206,116.024
29580,-17.948472434,11.027074799, 7500,168.090,15.601,52.004,116.094
29640,-17.869755567,10.972956953, 7500,168.274,15.185,51.802,116.164
29700,-17.791038700,10.918839106, 7500,168.459,14.768,51.601,116.234
29760,-17.712321833,10.864721260, 7500,168.643,14.352,51.399,116.303
29820,-17.633604966,10.810603414, 7500,168.827,13.935,51.198,116.373
29880,-17.554888099,10.756485568, 7500,169.012,13.518,50.996,116.443
29940,-17.476171232,10.702367722, 7500,169.196,13.102,50.794,116.512
30000,-17.397454364,10.648249875, 7500,169.381,12.685,50.593,116.582
30060,-17.318737497,10.594132029, 7500,169.565,12.269,50.391,116.652
30120,-17.240020630,10.540014183, 7500,169.750,11.852,50.190,116.722
30180,-17.161303763,10.485896337, 7500,169.934,11.436,49.988,116.791
30240,-17.082586896,10.431778491, 7500,170.119,11.019,49.786,116.861
30300,-17.003870029,10.377660645, 7500,170.303,10.603,49.585,116.931
30360,-16.925153161,10.323542798, 7500,170.488,10.186,49.383,117.001
30420,-16.846436294,10.269424952, 7500,170.672,9.770,49.182,117.070
30480,-16.767719427,10.215307106, 7500,170.857,9.353,48.980,117.140
30540,-16.689002560,10.161189260, 7500,171.041,8.937,48.778,117.210
30600,-16.610285693,10.107071414, 7500,171.226,8.520,48.577,117.280
30660,-16.531568826,10.052953568, 7500,171.410,8.104,48.375,117.349
30720,-16.452851958,9.998835721, 7500,171.595,7.687,48.174,117.419
30780,-16.374135091,9.944717875, 7500,171.779,7.271,47.972,117.489
30840,-16.295418224,9.890600029, 7500,171.964,6.854,47.770,117.558
30900,-16.216701357,9.836482183, 7500,172.148,6.438,47.569,117.628
30960,-16.137984490,9.782364337, 7500,172.333,6.021,47.367,117.698
31020,-16.059267623,9.728246490, 7500,172.517,5.605,47.166,117.768
31080,-15.980550755,9.674128644, 7500,172.702,5.188,46.964,117.837
31140,-15.901833888,9.620010798, 7500,172.886,4.772,46.762,117.907
31200,-15.823117021,9.565892952, 7500,173.071,4.355,46.561,117.977
31260,-15.744400154,9.511775106, 7500,173.255,3.939,46.359,118.047
31320,-15.665683287,9.457657260, 7500,173.440,3.522,46.158,118.116
31380,-15.586966420,9.403539413, 7500,173.624,3.106,45.956,118.186
31440,-15.508249552,9.349421567, 7500,173.809,2.689,45.754,118.256
31500,-15.429532685,9.295303721, 7500,173.993,2.273,45.553,118.325
31560,-15.350815818,9.241185875, 7500,174.178,1.856,45.351,118.395
31620,-15.272098951,9.187068029, 7500,174.362,1.440,45.150,118.465
31680,-15.193382084,9.132950183, 7500,174.547,1.023,44.948,118.535
31740,-15.114665217,9.078832336, 7500,174.731,0.607,44.746,118.604
31800,-15.035948349,9.024714490, 7500,174.916,0.190,44.545,118.674
31860,-14.949486141,9.000000000, 7500,175.000,0.911,44.313,118.771
31920,-14.856513717,9.000000000, 7500,175.000,2.586,44.057,118.892
31980,-14.763541294,9.000000000, 7500,175.000,4.262,43.801,119.012
32040,-14.670568871,9.000000000, 7500,175.000,5.938,43.544,119.132
32100,-14.577596447,9.000000000, 7500,175.000,7.614,43.288,119.252
32160,-14.484624024,9.000000000, 7500,175.000,9.290,43.032,119.373
32220,-14.391651601,9.000000000, 7500,175.000,10.966,42.775,119.493
32280,-14.298679177,9.000000000, 7500,175.000,12.642,42.519,119.613
32340,-14.205706754,9.000000000, 7500,175.000,14.317,42.262,119.733
32400,-14.112734331,9.000000000, 7500,175.000,15.993,42.006,119.854
32460,-14.019761907,9.000000000, 7500,175.000,17.669,41.750,119.974
32520,-13.926789484,9.000000000, 7500,175.000,19.345,41.493,120.094
32580,-13.833817061,9.000000000, 7500,175.000,21.021,41.237,120.214
32640,-13.740844637,9.000000000, 7500,175.000,22.697,40.980,120.335
32700,-13.647872214,9.000000000, 7500,175.000,24.372,40.724,120.455
32760,-13.554899791,9.000000000, 7500,175.000,26.048,40.468,120.575
32820,-13.461927367,9.000000000, 7500,175.000,27.724,40.211,120.695
32880,-13.368954944,9.000000000, 7500,175.000,29.400,39.955,120.816
32940,-13.275982520,9.000000000, 7500,175.000,31.076,39.699,120.936
33000,-13.183010097,9.000000000, 7500,175.000,32.752,39.442,121.056
33060,-13.090037674,9.000000000, 7500,175.000,34.428,39.186,121.177
33120,-12.997065250,9.000000000, 7500,175.000,36.103,38.929,121.297
33180,-12.904092827,9.000000000, 7500,175.000,37.779,38.673,121.417
33240,-12.811120404,9.000000000, 7500,175.000,39.455,38.417,121.537
33300,-12.718147980,9.000000000, 7500,175.000,41.131,38.160,121.658
33360,-12.625175557,9.000000000, 7500,175.000,42.807,37.904,121.778
33420,-12.532203134,9.000000000, 7500,175.000,44.483,37.648,121.898
33480,-12.439230710,9.000000000, 7500,175.000,46.159,37.391,122.018
33540,-12.346258287,9.000000000, 7500,175.000,47.834,37.135,122.139
33600,-12.253285864,9.000000000, 7500,175.000,49.510,36.878,122.259
33660,-12.160313440,9.000000000, 7500,175.000,51.186,36.622,122.379
33720,-12.067341017,9.000000000, 7500,175.000,52.862,36.366,122.499
33780,-11.974368593,9.000000000, 7500,175.000,54.538,36.109,122.620
33840,-11.881396170,9.000000000, 7500,175.000,56.214,35.853,122.740
33900,-11.788423747,9.000000000, 7500,175.000,57.890,35.596,122.860
33960,-11.695451323,9.000000000, 7500,175.000,59.565,35.340,122.981
34020,-11.602478900,9.000000000, 7500,175.000,61.241,35.084,123.101
34080,-11.509506477,9.000000000, 7500,175.000,62.917,34.827,123.221
34140,-11.416534053,9.000000000, 7500,175.000,64.593,34.571,123.341
34200,-11.323561630,9.000000000, 7500,175.000,66.269,34.315,123.462
34260,-11.230589207,9.000000000, 7500,175.000,67.945,34.058,123.582
34320,-11.137616783,9.000000000, 7500,175.000,69.621,33.802,123.702
34380,-11.044644360,9.000000000, 7500,175.000,71.296,33.545,123.822
34440,-10.951671937,9.000000000, 7500,175.000,72.972,33.289,123.943
34500,-10.858699513,9.000000000, 7500,175.000,74.648,33.033,124.063
34560,-10.765727090,9.000000000, 7500,175.000,76.324,32.776,124.183
34620,-10.672754667,9.000000000, 7500,175.000,78.000,32.520,124.303
34680,-10.579782243,9.000000000, 7500,175.000,79.676,32.264,124.424
34740,-10.486809820,9.000000000, 7500,175.000,81.352,32.007,124.544
34800,-10.393837396,9.000000000, 7500,175.000,83.027,31.751,124.664
34860,-10.300864973,9.000000000, 7500,175.000,84.703,31.494,124.785
34920,-10.207892550,9.000000000, 7500,175.000,86.379,31.238,124.905
34980,-10.114920126,9.000000000, 7500,175.000,88.055,30.982,125.025
35040,-10.021947703,9.000000000, 7500,175.000,89.731,30.725,125.145
35100,-10.000000000,8.948666886, 7271,173.942,90.125,30.556,125.349
35160,-10.000000000,8.881471070, 6971,172.558,90.123,30.413,125.577
35220,-10.000000000,8.814275255, 6671,171.173,90.121,30.270,125.806
35280,-10.000000000,8.747079439, 6371,169.789,90.120,30.127,126.035
35340,-10.000000000,8.679883623, 6071,168.404,90.118,29.984,126.264
35400,-10.000000000,8.612687808, 5771,167.020,90.116,29.842,126.493
35460,-10.000000000,8.545491992, 5471,165.635,90.114,29.699,126.722
35520,-10.000000000,8.478296177, 5171,164.251,90.112,29.556,126.951
35580,-10.000000000,8.411100361, 4871,162.866,90.110,29.413,127.180
35640,-10.000000000,8.343904545, 4571,161.482,90.109,29.271,127.409
35700,-10.000000000,8.276708730, 4271,160.097,90.107,29.128,127.637
35760,-10.000000000,8.209512914, 3971,158.713,90.105,28.985,127.866
35820,-10.000000000,8.142317099, 3671,157.328,90.103,28.842,128.095
35880,-10.000000000,8.075121283, 3371,155.944,90.101,28.699,128.324
35940,-10.000000000,8.007925467, 3071,154.559,90.099,28.557,128.553
36000,-10.000000000,7.940729652, 2771,153.175,90.098,28.414,128.782
36060,-10.000000000,7.873533836, 2471,151.790,90.096,28.271,129.011
36120,-10.000000000,7.806338020, 2171,150.406,90.094,28.128,129.240
36180,-10.000000000,7.739142205, 1871,149.021,90.092,27.986,129.469
36240,-10.000000000,7.671946389, 1571,147.637,90.090,27.843,129.697
36300,-10.000000000,7.604750574, 1271,146.252,90.088,27.700,129.926
36360,-10.000000000,7.536789069, 1007,144.946,90.090,27.559,130.158
36420,-10.000000000,7.461561790, 1082,144.382,90.119,27.430,130.416
36480,-10.000000000,7.386334511, 1158,143.818,90.148,27.302,130.674
36540,-10.000000000,7.311107232, 1233,143.254,90.178,27.174,130.932
36600,-10.000000000,7.235879953, 1308,142.689,90.207,27.045,131.189
36660,-10.000000000,7.160652674, 1383,142.125,90.237,26.917,131.447
36720,-10.000000000,7.085425394, 1459,141.561,90.266,26.789,131.705
36780,-10.000000000,7.010198115, 1534,140.997,90.295,26.660,131.963
36840,-10.000000000,6.934970836, 1609,140.433,90.325,26.532,132.221
36900,-10.000000000,6.859743557, 1684,139.868,90.354,26.404,132.479
36960,-10.000000000,6.784516278, 1759,139.304,90.383,26.276,132.737
37020,-10.000000000,6.709288998, 1835,138.740,90.413,26.147,132.994
37080,-10.000000000,6.634061719, 1910,138.176,90.442,26.019,133.252
37140,-10.000000000,6.558834440, 1985,137.612,90.472,25.891,133.510
37200,-10.000000000,6.487993701, 1990,137.424,92.302,25.791,133.893
37260,-10.000000000,6.418233973, 1977,137.328,94.576,25.698,134.306
37320,-10.000000000,6.348474246, 1964,137.233,96.850,25.605,134.720
37380,-10.000000000,6.278714519, 1952,137.138,99.124,25.512,135.133
37440,-10.000000000,6.208954792, 1939,137.043,101.398,25.419,135.547
37500,-10.000000000,6.139195064, 1926,136.948,103.672,25.326,135.960
37560,-10.000000000,6.069435337, 1914,136.852,105.946,25.233,136.373
37620,-10.000000000,5.999675610, 1901,136.757,108.220,25.140,136.787
37680,-10.000000000,5.929915883, 1888,136.662,110.494,25.047,137.200
37740,-10.000000000,5.860156155, 1876,136.567,112.768,24.954,137.614
37800,-10.000000000,5.790396428, 1863,136.471,115.042,24.862,138.027
37860,-10.000000000,5.720636701, 1850,136.376,117.316,24.769,138.441
37920,-10.000000000,5.650876973, 1837,136.281,119.590,24.676,138.854
37980,-10.000000000,5.581117246, 1825,136.186,121.864,24.583,139.267
38040,-10.000000000,5.511357519, 1812,136.091,124.138,24.490,139.681
38100,-10.000000000,5.441597792, 1799,135.995,126.412,24.397,140.094
38160,-10.000000000,5.371838064, 1787,135.900,128.685,24.304,140.508
38220,-10.000000000,5.302078337, 1774,135.805,130.959,24.211,140.921
38280,-10.000000000,5.232318610, 1761,135.710,133.233,24.118,141.335
38340,-10.000000000,5.162558883, 1749,135.615,135.507,24.025,141.748
38400,-10.000000000,5.092799155, 1736,135.519,137.781,23.932,142.161
38460,-10.000000000,5.023039428, 1723,135.424,140.055,23.840,142.575
38520,-10.000000000,4.953279701, 1711,135.329,142.329,23.747,142.988
38580,-10.000000000,4.883519973, 1698,135.234,144.603,23.654,143.402
38640,-10.000000000,4.813760246, 1685,135.139,146.877,23.561,143.815
38700,-10.000000000,4.744000519, 1672,135.043,149.151,23.468,144.229
38760,-10.000000000,4.674240792, 1660,134.948,151.425,23.375,144.642
38820,-10.000000000,4.604481064, 1647,134.853,153.699,23.282,145.055
38880,-10.000000000,4.534721337, 1634,134.758,155.973,23.189,145.469
38940,-10.000000000,4.464961610, 1622,134.662,158.247,23.096,145.882
39000,-10.000000000,4.395201883, 1609,134.567,160.521,23.003,146.296
39060,-10.000000000,4.325442155, 1596,134.472,162.795,22.910,146.709
39120,-10.000000000,4.255682428, 1584,134.377,165.069,22.818,147.123
