src/Components/missions/ORACLES/Tracks/routine/ORACLES-Flt-plan_p3_20160901_RA.ict
42, 1001
Samuel LeBlanc
NASA Ames Research Center
Simulated flight plan
ORACLES
1,1
2016,09,01,2016,09,01
60
Start_UTC, seconds from midnight UTC, time keeping
7
1,1,1,1,1,1,1
-9999,-9999,-9999,-9999,-9999,-9999,-9999
Latitude, Degrees (North positive), Planned latitude position of the aircraft
Longitude, Degrees (East positive), Planned longitude position of the aircraft
Altitude, meters (above sea level), Planned altitude of the aircraft
speed, meters per second (m/s), Estimated speed of aircraft
Bearing, degrees from north, Direction of travel of the plane per respect to north
SZA, degrees from zenith, Elevation position of the sun in the sky per respect to zenith
AZI, degrees from north, Azimuthal position of the sun in the sky per respect to north
1
Simulated aircraft data interpolated from flight plan waypoints
20
-----------------------------------------------------------------------------
PI_CONTACT_INFO: Samuel LeBlanc, samuel.leblanc@nasa.gov
PLATFORM: p3
LOCATION: N/A
ASSOCIATED_DATA: N/A
INSTRUMENT_INFO: None
DATA_INFO: Compiled with flight planner: moving lines v0.8beta
UNCERTAINTY: Undefined
ULOD_FLAG: -7777
ULOD_VALUE: N/A
LLOD_FLAG: -8888
LLOD_VALUE: N/A
DM_CONTACT_INFO: See PI
PROJECT_INFO: ORACLES
STIPULATIONS_ON_USE: None
OTHER_COMMENTS: N/A
REVISION: RA
RA: First iteration of the flight plan
-----------------------------------------------------------------------------
Start_UTC,Latitude,Longitude,Altitude,speed,Bearing,SZA,AZI
[from data line 233]
39180,-15.000000000,-0.183025281,19000,204.900,179.366,29.912,146.790
39240,-15.000000000,-0.296316172,19000,204.900,180.439,29.836,147.024
39300,-15.000000000,-0.409607063,19000,204.900,181.511,29.761,147.257
39360,-15.000000000,-0.522897954,19000,204.900,182.584,29.685,147.490
39420,-15.000000000,-0.636188845,19000,204.900,183.657,29.609,147.723
39480,-15.000000000,-0.749479735,19000,204.900,184.729,29.533,147.956
39540,-15.000000000,-0.862770626,19000,204.900,185.802,29.457,148.189
39600,-15.000000000,-0.976061517,19000,204.900,186.875,29.382,148.422
39660,-15.000000000,-1.089352408,19000,204.900,187.948,29.306,148.655
39720,-15.000000000,-1.202643299,19000,204.900,189.020,29.230,148.888
39780,-15.000000000,-1.315934190,19000,204.900,190.093,29.154,149.121
39840,-15.000000000,-1.429225080,19000,204.900,191.166,29.078,149.354
39900,-15.000000000,-1.542515971,19000,204.900,192.239,29.003,149.587
39960,-15.000000000,-1.655806862,19000,204.900,193.311,28.927,149.820
40020,-15.000000000,-1.769097753,19000,204.900,194.384,28.851,150.053
40080,-15.000000000,-1.882388644,19000,204.900,195.457,28.775,150.287
40140,-15.000000000,-1.995679534,19000,204.900,196.529,28.699,150.520
40200,-15.000000000,-2.108970425,19000,204.900,197.602,28.623,150.753
40260,-15.000000000,-2.222261316,19000,204.900,198.675,28.548,150.986
40320,-15.000000000,-2.335552207,19000,204.900,199.748,28.472,151.219
40380,-15.000000000,-2.448843098,19000,204.900,200.820,28.396,151.452
40440,-15.000000000,-2.562133989,19000,204.900,201.893,28.320,151.685
40500,-15.000000000,-2.675424879,19000,204.900,202.966,28.244,151.918
40560,-15.000000000,-2.788715770,19000,204.900,204.039,28.169,152.151
40620,-15.000000000,-2.902006661,19000,204.900,205.111,28.093,152.384
40680,-15.000000000,-3.015297552,19000,204.900,206.184,28.017,152.617
40740,-15.000000000,-3.128588443,19000,204.900,207.257,27.941,152.850
40800,-15.000000000,-3.241879334,19000,204.900,208.329,27.865,153.083
40860,-15.000000000,-3.355170224,19000,204.900,209.402,27.790,153.317
40920,-15.000000000,-3.468461115,19000,204.900,210.475,27.714,153.550
40980,-15.000000000,-3.581752006,19000,204.900,211.548,27.638,153.783
41040,-15.000000000,-3.695042897,19000,204.900,212.620,27.562,154.016
41100,-15.000000000,-3.808333788,19000,204.900,213.693,27.486,154.249
41160,-15.000000000,-3.921624679,19000,204.900,214.766,27.411,154.482
41220,-15.000000000,-4.034915569,19000,204.900,215.839,27.335,154.715
41280,-15.000000000,-4.148206460,19000,204.900,216.911,27.259,154.948
41340,-15.000000000,-4.261497351,19000,204.900,217.984,27.183,155.181
41400,-15.000000000,-4.374788242,19000,204.900,219.057,27.107,155.414
41460,-15.000000000,-4.488079133,19000,204.900,220.129,27.032,155.647
41520,-15.000000000,-4.601370023,19000,204.900,221.202,26.956,155.880
41580,-15.000000000,-4.714660914,19000,204.900,222.275,26.880,156.113
41640,-15.000000000,-4.827951805,19000,204.900,223.348,26.804,156.346
41700,-15.000000000,-4.941242696,19000,204.900,224.420,26.728,156.580
41760,-15.000000000,-5.054533587,19000,204.900,225.493,26.652,156.813
41820,-15.000000000,-5.167824478,19000,204.900,226.566,26.577,157.046
41880,-15.000000000,-5.281115368,19000,204.900,227.639,26.501,157.279
41940,-15.000000000,-5.394406259,19000,204.900,228.711,26.425,157.512
42000,-15.000000000,-5.507697150,19000,204.900,229.784,26.349,157.745
42060,-15.000000000,-5.620988041,19000,204.900,230.857,26.273,157.978
42120,-15.000000000,-5.734278932,19000,204.900,231.930,26.198,158.211
42180,-15.000000000,-5.847569823,19000,204.900,233.002,26.122,158.444
42240,-15.000000000,-5.960860713,19000,204.900,234.075,26.046,158.677
42300,-15.000000000,-6.074151604,19000,204.900,235.148,25.970,158.910
42360,-15.000000000,-6.187442495,19000,204.900,236.220,25.894,159.143
42420,-15.000000000,-6.300733386,19000,204.900,237.293,25.819,159.376
42480,-15.000000000,-6.414024277,19000,204.900,238.366,25.743,159.609
42540,-15.000000000,-6.527315167,19000,204.900,239.439,25.667,159.843
42600,-15.000000000,-6.640606058,19000,204.900,240.511,25.591,160.076
42660,-15.000000000,-6.753896949,19000,204.900,241.584,25.515,160.309
42720,-15.000000000,-6.867187840,19000,204.900,242.657,25.440,160.542
42780,-15.000000000,-6.980478731,19000,204.900,243.730,25.364,160.775
42840,-15.000000000,-7.093769622,19000,204.900,244.802,25.288,161.008
42900,-15.000000000,-7.207060512,19000,204.900,245.875,25.212,161.241
42960,-15.000000000,-7.320351403,19000,204.900,246.948,25.136,161.474
43020,-15.000000000,-7.433642294,19000,204.900,248.020,25.061,161.707
43080,-15.000000000,-7.546933185,19000,204.900,249.093,24.985,161.940
43140,-15.000000000,-7.660224076,19000,204.900,250.166,24.909,162.173
43200,-15.000000000,-7.773514967,19000,204.900,251.239,24.833,162.406
43260,-15.000000000,-7.886805857,19000,204.900,252.311,24.757,162.639
43320,-15.000000000,-8.000096748,19000,204.900,253.384,24.681,162.873
43380,-15.000000000,-8.113387639,19000,204.900,254.457,24.606,163.106
43440,-15.000000000,-8.226678530,19000,204.900,255.530,24.530,163.339
43500,-15.000000000,-8.339969421,19000,204.900,256.602,24.454,163.572
43560,-15.000000000,-8.453260311,19000,204.900,257.675,24.378,163.805
43620,-15.000000000,-8.566551202,19000,204.900,258.748,24.302,164.038
43680,-15.000000000,-8.679842093,19000,204.900,259.820,24.227,164.271
43740,-15.000000000,-8.793132984,19000,204.900,260.893,24.151,164.504
43800,-15.000000000,-8.906423875,19000,204.900,261.966,24.075,164.737
43860,-15.000000000,-9.019714766,19000,204.900,263.039,23.999,164.970
43920,-15.000000000,-9.133005656,19000,204.900,264.111,23.923,165.203
43980,-15.000000000,-9.246296547,19000,204.900,265.184,23.848,165.436
44040,-15.000000000,-9.359587438,19000,204.900,266.257,23.772,165.669
44100,-15.000000000,-9.472878329,19000,204.900,267.330,23.696,165.902
44160,-15.000000000,-9.413275826,19000,204.900,267.328,23.837,166.353
44220,-15.000000000,-9.299255310,19000,204.900,266.989,24.047,166.872
44280,-15.000000000,-9.185234794,19000,204.900,266.649,24.257,167.391
44340,-15.000000000,-9.071214278,19000,204.900,266.310,24.466,167.910
44400,-15.000000000,-8.957193762,19000,204.900,265.971,24.676,168.429
44460,-15.000000000,-8.843173246,19000,204.900,265.631,24.885,168.948
44520,-15.000000000,-8.729152730,19000,204.900,265.292,25.095,169.467
44580,-15.000000000,-8.615132214,19000,204.900,264.952,25.305,169.986
44640,-15.000000000,-8.501111698,19000,204.900,264.613,25.514,170.506
44700,-15.000000000,-8.387091181,19000,204.900,264.273,25.724,171.025
44760,-15.000000000,-8.273070665,19000,204.900,263.934,25.934,171.544
44820,-15.000000000,-8.159050149,19000,204.900,263.595,26.143,172.063
44880,-15.000000000,-8.045029633,19000,204.900,263.255,26.353,172.582
44940,-15.000000000,-7.931009117,19000,204.900,262.916,26.563,173.101
45000,-15.000000000,-7.816988601,19000,204.900,262.576,26.772,173.620
45060,-15.000000000,-7.702968085,19000,204.900,262.237,26.982,174.139
45120,-15.000000000,-7.588947569,19000,204.900,261.898,27.191,174.658
45180,-15.000000000,-7.474927053,19000,204.900,261.558,27.401,175.177
45240,-15.000000000,-7.360906537,19000,204.900,261.219,27.611,175.696
45300,-15.000000000,-7.246886021,19000,204.900,260.879,27.820,176.215
45360,-15.000000000,-7.132865504,19000,204.900,260.540,28.030,176.734
45420,-15.000000000,-7.018844988,19000,204.900,260.201,28.240,177.253
45480,-15.000000000,-6.904824472,19000,204.900,259.861,28.449,177.772
45540,-15.000000000,-6.790803956,19000,204.900,259.522,28.659,178.291
45600,-15.000000000,-6.676783440,19000,204.900,259.182,28.868,178.810
45660,-15.000000000,-6.562762924,19000,204.900,258.843,29.078,179.330
45720,-15.000000000,-6.448742408,19000,204.900,258.503,29.288,179.849
45780,-15.000000000,-6.334721892,19000,204.900,258.164,29.497,180.368
45840,-15.000000000,-6.220701376,19000,204.900,257.825,29.707,180.887
45900,-15.000000000,-6.106680860,19000,204.900,257.485,29.917,181.406
45960,-15.000000000,-5.992660344,19000,204.900,257.146,30.126,181.925
46020,-15.000000000,-5.878639828,19000,204.900,256.806,30.336,182.444
46080,-15.000000000,-5.764619311,19000,204.900,256.467,30.546,182.963
46140,-15.000000000,-5.650598795,19000,204.900,256.128,30.755,183.482
46200,-15.000000000,-5.536578279,19000,204.900,255.788,30.965,184.001
46260,-15.000000000,-5.422557763,19000,204.900,255.449,31.174,184.520
46320,-15.000000000,-5.308537247,19000,204.900,255.109,31.384,185.039
46380,-15.000000000,-5.194516731,19000,204.900,254.770,31.594,185.558
46440,-15.000000000,-5.080496215,19000,204.900,254.430,31.803,186.077
46500,-15.000000000,-4.966475699,19000,204.900,254.091,32.013,186.596
46560,-15.000000000,-4.852455183,19000,204.900,253.752,32.223,187.115
46620,-15.000000000,-4.738434667,19000,204.900,253.412,32.432,187.634
46680,-15.000000000,-4.624414151,19000,204.900,253.073,32.642,188.153
46740,-15.000000000,-4.510393635,19000,204.900,252.733,32.852,188.673
46800,-15.000000000,-4.396373118,19000,204.900,252.394,33.061,189.192
46860,-15.000000000,-4.282352602,19000,204.900,252.055,33.271,189.711
46920,-15.000000000,-4.168332086,19000,204.900,251.715,33.480,190.230
46980,-15.000000000,-4.054311570,19000,204.900,251.376,33.690,190.749
47040,-15.000000000,-3.940291054,19000,204.900,251.036,33.900,191.268
47100,-15.000000000,-3.826270538,19000,204.900,250.697,34.109,191.787
47160,-15.000000000,-3.712250022,19000,204.900,250.358,34.319,192.306
47220,-15.000000000,-3.598229506,19000,204.900,250.018,34.529,192.825
47280,-15.000000000,-3.484208990,19000,204.900,249.679,34.738,193.344
47340,-15.000000000,-3.370188474,19000,204.900,249.339,34.948,193.863
47400,-15.000000000,-3.256167958,19000,204.900,249.000,35.157,194.382
47460,-15.000000000,-3.142147441,19000,204.900,248.660,35.367,194.901
47520,-15.000000000,-3.028126925,19000,204.900,248.321,35.577,195.420
47580,-15.000000000,-2.914106409,19000,204.900,247.982,35.786,195.939
47640,-15.000000000,-2.800085893,19000,204.900,247.642,35.996,196.458
47700,-15.000000000,-2.686065377,19000,204.900,247.303,36.206,196.977
47760,-15.000000000,-2.572044861,19000,204.900,246.963,36.415,197.497
47820,-15.000000000,-2.458024345,19000,204.900,246.624,36.625,198.016
47880,-15.000000000,-2.344003829,19000,204.900,246.285,36.835,198.535
47940,-15.000000000,-2.229983313,19000,204.900,245.945,37.044,199.054
48000,-15.000000000,-2.115962797,19000,204.900,245.606,37.254,199.573
48060,-15.000000000,-2.001942281,19000,204.900,245.266,37.463,200.092
48120,-15.000000000,-1.887921765,19000,204.900,244.927,37.673,200.611
48180,-15.000000000,-1.773901248,19000,204.900,244.588,37.883,201.130
48240,-15.000000000,-1.659880732,19000,204.900,244.248,38.092,201.649
48300,-15.000000000,-1.545860216,19000,204.900,243.909,38.302,202.168
48360,-15.000000000,-1.431839700,19000,204.900,243.569,38.512,202.687
48420,-15.000000000,-1.317819184,19000,204.900,243.230,38.721,203.206
48480,-15.000000000,-1.203798668,19000,204.900,242.890,38.931,203.725
48540,-15.000000000,-1.089778152,19000,204.900,242.551,39.141,204.244
48600,-15.000000000,-0.975757636,19000,204.900,242.212,39.350,204.763
48660,-15.000000000,-0.861737120,19000,204.900,241.872,39.560,205.282
48720,-15.000000000,-0.747716604,19000,204.900,241.533,39.769,205.801
48780,-15.000000000,-0.633696088,19000,204.900,241.193,39.979,206.321
48840,-15.000000000,-0.519675571,19000,204.900,240.854,40.189,206.840
48900,-15.000000000,-0.405655055,19000,204.900,240.515,40.398,207.359
48960,-15.000000000,-0.291634539,19000,204.900,240.175,40.608,207.878
49020,-15.000000000,-0.177614023,19000,204.900,239.836,40.818,208.397
49080,-15.000000000,-0.063593507,19000,204.900,239.496,41.027,208.916
49140,-15.000000000,0.050427009,19000,204.900,239.157,41.237,209.435
49200,-15.000000000,0.164447525,19000,204.900,238.818,41.446,209.954
49260,-15.000000000,0.278468041,19000,204.900,238.478,41.656,210.473
49320,-15.000000000,0.392488557,19000,204.900,238.139,41.866,210.992
49380,-15.000000000,0.506509073,19000,204.900,237.799,42.075,211.511
49440,-15.000000000,0.620529589,19000,204.900,237.460,42.285,212.030
49500,-15.000000000,0.734550105,19000,204.900,237.120,42.495,212.549
49560,-15.000000000,0.848570622,19000,204.900,236.781,42.704,213.068
49620,-15.000000000,0.962591138,19000,204.900,236.442,42.914,213.587
49680,-15.000000000,1.076611654,19000,204.900,236.102,43.124,214.106
49740,-15.000000000,1.190632170,19000,204.900,235.763,43.333,214.625
49800,-15.000000000,1.304652686,19000,204.900,235.423,43.543,215.145
49860,-15.000000000,1.418673202,19000,204.900,235.084,43.752,215.664
49920,-15.000000000,1.532693718,19000,204.900,234.745,43.962,216.183
49980,-15.000000000,1.646714234,19000,204.900,234.405,44.172,216.702
50040,-15.000000000,1.760734750,19000,204.900,234.066,44.381,217.221
50100,-15.000000000,1.874755266,19000,204.900,233.726,44.591,217.740
50160,-15.000000000,1.988775782,19000,204.900,233.387,44.801,218.259
50220,-15.000000000,2.102796298,19000,204.900,233.047,45.010,218.778
50280,-15.000000000,2.216816815,19000,204.900,232.708,45.220,219.297
50340,-15.000000000,2.330837331,19000,204.900,232.369,45.430,219.816
50400,-15.000000000,2.444857847,19000,204.900,232.029,45.639,220.335
50460,-15.000000000,2.558878363,19000,204.900,231.690,45.849,220.854
50520,-15.000000000,2.672898879,19000,204.900,231.350,46.058,221.373
50580,-15.000000000,2.786919395,19000,204.900,231.011,46.268,221.892
50640,-15.000000000,2.900939911,19000,204.900,230.672,46.478,222.411
50700,-15.000000000,3.014960427,19000,204.900,230.332,46.687,222.930
50760,-15.000000000,3.128980943,19000,204.900,229.993,46.897,223.449
50820,-15.000000000,3.243001459,19000,204.900,229.653,47.107,223.969
50880,-15.000000000,3.357021975,19000,204.900,229.314,47.316,224.488
50940,-15.000000000,3.471042492,19000,204.900,228.975,47.526,225.007
51000,-15.000000000,3.585063008,19000,204.900,228.635,47.735,225.526
51060,-15.000000000,3.699083524,19000,204.900,228.296,47.945,226.045
51120,-15.000000000,3.813104040,19000,204.900,227.956,48.155,226.564
51180,-15.000000000,3.927124556,19000,204.900,227.617,48.364,227.083
51240,-15.000000000,4.041145072,19000,204.900,227.277,48.574,227.602
51300,-15.000000000,4.155165588,19000,204.900,226.938,48.784,228.121
51360,-15.000000000,4.269186104,19000,204.900,226.599,48.993,228.640
51420,-15.000000000,4.383206620,19000,204.900,226.259,49.203,229.159
51480,-15.000000000,4.497227136,19000,204.900,225.920,49.413,229.678
51540,-15.000000000,4.611247652,19000,204.900,225.580,49.622,230.197
51600,-15.000000000,4.725268168,19000,204.900,225.241,49.832,230.716
51660,-15.000000000,4.839288685,19000,204.900,224.902,50.041,231.235
51720,-15.000000000,4.953309201,19000,204.900,224.562,50.251,231.754
51780,-15.000000000,5.067329717,19000,204.900,224.223,50.461,232.273
51840,-15.000000000,5.181350233,19000,204.900,223.883,50.670,232.793
51900,-15.000000000,5.295370749,19000,204.900,223.544,50.880,233.312
51960,-15.000000000,5.409391265,19000,204.900,223.205,51.090,233.831
52020,-15.000000000,5.523411781,19000,204.900,222.865,51.299,234.350
52080,-15.000000000,5.637432297,19000,204.900,222.526,51.509,234.869
52140,-15.000000000,5.751452813,19000,204.900,222.186,51.718,235.388
52200,-15.000000000,5.865473329,19000,204.900,221.847,51.928,235.907
52260,-15.000000000,5.979493845,19000,204.900,221.507,52.138,236.426
52320,-15.000000000,6.093514362,19000,204.900,221.168,52.347,236.945
52380,-15.000000000,6.207534878,19000,204.900,220.829,52.557,237.464
52440,-15.000000000,6.321555394,19000,204.900,220.489,52.767,237.983
52500,-15.000000000,6.435575910,19000,204.900,220.150,52.976,238.502
52560,-15.000000000,6.549596426,19000,204.900,219.810,53.186,239.021
52620,-15.000000000,6.663616942,19000,204.900,219.471,53.396,239.540
52680,-15.000000000,6.777637458,19000,204.900,219.132,53.605,240.059
52740,-15.000000000,6.891657974,19000,204.900,218.792,53.815,240.578
52800,-15.000000000,7.005678490,19000,204.900,218.453,54.024,241.097
52860,-15.000000000,7.119699006,19000,204.900,218.113,54.234,241.617
