src/Components/missions/ORACLES/Tracks/routine/ORACLES-Flt-plan_p3_20160901_RA.ict
42, 1001
Samuel LeBlanc
NASA Ames Research Center
Simulated flight plan
ORACLES
1,1
2016,09,01,2016,09,01
60
Start_UTC, seconds from midnight UTC, time keeping
7
1,1,1,1,1,1,1
-9999,-9999,-9999,-9999,-9999,-9999,-9999
Latitude, Degrees (North positive), Planned latitude position of the aircraft
Longitude, Degrees (East positive), Planned longitude position of the aircraft
Altitude, meters (above sea level), Planned altitude of the aircraft
speed, meters per second (m/s), Estimated speed of aircraft
Bearing, degrees from north, Direction of travel of the plane per respect to north
SZA, degrees from zenith, Elevation position of the sun in the sky per respect to zenith
AZI, degrees from north, Azimuthal position of the sun in the sky per respect to north
1
Simulated aircraft data interpolated from flight plan waypoints
20
-----------------------------------------------------------------------------
PI_CONTACT_INFO: Samuel LeBlanc, samuel.leblanc@nasa.gov
PLATFORM: p3
LOCATION: N/A
ASSOCIATED_DATA: N/A
INSTRUMENT_INFO: None
DATA_INFO: Compiled with flight planner: moving lines v0.8beta
UNCERTAINTY: Undefined
ULOD_FLAG: -7777
ULOD_VALUE: N/A
LLOD_FLAG: -8888
LLOD_VALUE: N/A
DM_CONTACT_INFO: See PI
PROJECT_INFO: ORACLES
STIPULATIONS_ON_USE: None
OTHER_COMMENTS: N/A
REVISION: RA
RA: First iteration of the flight plan
-----------------------------------------------------------------------------
Start_UTC,Latitude,Longitude,Altitude,speed,Bearing,SZA,AZI
25200,-22.979716667,14.645283333,   95,150.000,36.363,66.622,110.459
25260,-22.960510053,14.630142849,  325,149.036,36.333,66.418,110.598
25320,-22.941303439,14.615002364,  555,148.071,36.303,66.214,110.736
25380,-22.922096826,14.599861880,  785,147.107,36.272,66.011,110.874
25440,-22.902890212,14.584721395, 1014,146.142,36.242,65.807,111.013
25500,-22.883683599,14.569580911, 1244,145.178,36.211,65.603,111.151
25560,-22.864476985,14.554440426, 1474,144.213,36.181,65.399,111.289
25620,-22.845270372,14.539299941, 1704,143.249,36.151,65.196,111.427
25680,-22.826063758,14.524159457, 1934,142.284,36.120,64.992,111.566
25740,-22.806857144,14.509018972, 2164,141.320,36.090,64.788,111.704
25800,-22.787650531,14.493878488, 2394,140.355,36.059,64.584,111.842
25860,-22.768443917,14.478738003, 2623,139.391,36.029,64.381,111.980
25920,-22.749237304,14.463597519, 2853,138.426,35.999,64.177,112.119
25980,-22.730030690,14.448457034, 3083,137.462,35.968,63.973,112.257
26040,-22.710824076,14.433316550, 3313,136.498,35.938,63.770,112.395
26100,-22.691617463,14.418176065, 3543,135.533,35.907,63.566,112.533
26160,-22.672410849,14.403035580, 3773,134.569,35.877,63.362,112.672
26220,-22.653204236,14.387895096, 4002,133.604,35.847,63.158,112.810
26280,-22.633997622,14.372754611, 4232,132.640,35.816,62.955,112.948
26340,-22.614791008,14.357614127, 4462,131.675,35.786,62.751,113.087
26400,-22.595584395,14.342473642, 4692,130.711,35.756,62.547,113.225
26460,-22.576377781,14.327333158, 4922,129.746,35.725,62.343,113.363
26520,-22.557171168,14.312192673, 5152,128.782,35.695,62.140,113.501
26580,-22.537964554,14.297052189, 5382,127.817,35.664,61.936,113.640
26640,-22.518757940,14.281911704, 5611,126.853,35.634,61.732,113.778
26700,-22.499551327,14.266771219, 5841,125.888,35.604,61.528,113.916
26760,-22.480344713,14.251630735, 6071,124.924,35.573,61.325,114.054
26820,-22.461138100,14.236490250, 6301,123.960,35.543,61.121,114.193
26880,-22.441931486,14.221349766, 6531,122.995,35.512,60.917,114.331
26940,-22.422724873,14.206209281, 6761,122.031,35.482,60.713,114.469
27000,-22.403518259,14.191068797, 6991,121.066,35.452,60.510,114.607
27060,-22.384311645,14.175928312, 7220,120.102,35.421,60.306,114.746
27120,-22.365105032,14.160787828, 7450,119.137,35.391,60.102,114.884
27180,-22.345898418,14.145647343, 7680,118.173,35.360,59.899,115.022
27240,-22.326691805,14.130506858, 7910,117.208,35.330,59.695,115.160
27300,-22.307485191,14.115366374, 8140,116.244,35.300,59.491,115.299
27360,-22.288278577,14.100225889, 8370,115.279,35.269,59.287,115.437
27420,-22.269071964,14.085085405, 8600,114.315,35.239,59.084,115.575
27480,-22.249865350,14.069944920, 8829,113.351,35.209,58.880,115.714
27540,-22.230658737,14.054804436, 9059,112.386,35.178,58.676,115.852
27600,-22.211452123,14.039663951, 9289,111.422,35.148,58.472,115.990
27660,-22.192245509,14.024523467, 9519,110.457,35.117,58.269,116.128
27720,-22.173038896,14.009382982, 9749,109.493,35.087,58.065,116.267
27780,-22.153832282,13.994242497, 9979,108.528,35.057,57.861,116.405
27840,-22.134625669,13.979102013,10208,107.564,35.026,57.657,116.543
27900,-22.115419055,13.963961528,10438,106.599,34.996,57.454,116.681
27960,-22.096212441,13.948821044,10668,105.635,34.965,57.250,116.820
28020,-22.077005828,13.933680559,10898,104.670,34.935,57.046,116.958
28080,-22.057799214,13.918540075,11128,103.706,34.905,56.842,117.096
28140,-22.038592601,13.903399590,11358,102.741,34.874,56.639,117.234
28200,-22.019385987,13.888259106,11588,101.777,34.844,56.435,117.373
28260,-22.000179374,13.873118621,11817,100.813,34.813,56.231,117.511
28320,-21.980972760,13.857978136,12047,99.848,34.783,56.027,117.649
28380,-21.961766146,13.842837652,12277,98.884,34.753,55.824,117.787
28440,-21.942559533,13.827697167,12507,97.919,34.722,55.620,117.926
28500,-21.923352919,13.812556683,12737,96.955,34.692,55.416,118.064
28560,-21.904146306,13.797416198,12967,95.990,34.662,55.213,118.202
28620,-21.884939692,13.782275714,13197,95.026,34.631,55.009,118.341
28680,-21.865733078,13.767135229,13426,94.061,34.601,54.805,118.479
28740,-21.846526465,13.751994745,13656,93.097,34.570,54.601,118.617
28800,-21.827319851,13.736854260,13886,92.132,34.540,54.398,118.755
28860,-21.808113238,13.721713775,14116,91.168,34.510,54.194,118.894
28920,-21.788906624,13.706573291,14346,90.203,34.479,53.990,119.032
28980,-21.769700010,13.691432806,14576,89.239,34.449,53.786,119.170
29040,-21.750493397,13.676292322,14806,88.275,34.418,53.583,119.308
29100,-21.731286783,13.661151837,15035,87.310,34.388,53.379,119.447
29160,-21.712080170,13.646011353,15265,86.346,34.358,53.175,119.585
29220,-21.692873556,13.630870868,15495,85.381,34.327,52.971,119.723
29280,-21.673666942,13.615730383,15725,84.417,34.297,52.768,119.861
29340,-21.654460329,13.600589899,15955,83.452,34.266,52.564,120.000
29400,-21.635253715,13.585449414,16185,82.488,34.236,52.360,120.138
29460,-21.616047102,13.570308930,16414,81.523,34.206,52.156,120.276
29520,-21.596840488,13.555168445,16644,80.559,34.175,51.953,120.415
29580,-21.577633874,13.540027961,16874,79.594,34.145,51.749,120.553
29640,-21.558427261,13.524887476,17104,78.630,34.115,51.545,120.691
29700,-21.539220647,13.509746992,17334,77.665,34.084,51.342,120.829
29760,-21.520014034,13.494606507,17564,76.701,34.054,51.138,120.968
29820,-21.500807420,13.479466022,17794,75.737,34.023,50.934,121.106
29880,-21.481600807,13.464325538,18023,74.772,33.993,50.730,121.244
29940,-21.462394193,13.449185053,18253,73.808,33.963,50.527,121.382
30000,-21.443187579,13.434044569,18483,72.843,33.932,50.323,121.521
30060,-21.423980966,13.418904084,18713,71.879,33.902,50.119,121.659
30120,-21.404774352,13.403763600,18943,70.914,33.871,49.915,121.797
30180,-21.330997337,13.352560669,19000,72.122,34.495,49.716,121.897
30240,-21.239167828,13.289427882,19000,74.048,35.335,49.518,121.984
30300,-21.147338320,13.226295095,19000,75.974,36.175,49.320,122.071
30360,-21.055508811,13.163162307,19000,77.899,37.015,49.121,122.158
30420,-20.963679302,13.100029520,19000,79.825,37.855,48.923,122.245
30480,-20.871849793,13.036896733,19000,81.751,38.696,48.725,122.332
30540,-20.780020284,12.973763945,19000,83.677,39.536,48.527,122.419
30600,-20.688190775,12.910631158,19000,85.603,40.376,48.329,122.506
30660,-20.596361266,12.847498371,19000,87.529,41.216,48.131,122.593
30720,-20.504531757,12.784365583,19000,89.455,42.056,47.933,122.680
30780,-20.412702249,12.721232796,19000,91.381,42.896,47.735,122.767
30840,-20.320872740,12.658100008,19000,93.307,43.736,47.537,122.854
30900,-20.229043231,12.594967221,19000,95.233,44.576,47.338,122.941
30960,-20.137213722,12.531834434,19000,97.159,45.416,47.140,123.029
31020,-20.045384213,12.468701646,19000,99.084,46.256,46.942,123.116
31080,-19.953554704,12.405568859,19000,101.010,47.097,46.744,123.203
31140,-19.861725195,12.342436072,19000,102.936,47.937,46.546,123.290
31200,-19.769895686,12.279303284,19000,104.862,48.777,46.348,123.377
31260,-19.678066177,12.216170497,19000,106.788,49.617,46.150,123.464
31320,-19.586236669,12.153037710,19000,108.714,50.457,45.952,123.551
31380,-19.494407160,12.089904922,19000,110.640,51.297,45.753,123.638
31440,-19.402577651,12.026772135,19000,112.566,52.137,45.555,123.725
31500,-19.310748142,11.963639348,19000,114.492,52.977,45.357,123.812
31560,-19.218918633,11.900506560,19000,116.418,53.817,45.159,123.899
31620,-19.127089124,11.837373773,19000,118.344,54.657,44.961,123.986
31680,-19.035259615,11.774240985,19000,120.270,55.497,44.763,124.073
31740,-18.943430106,11.711108198,19000,122.195,56.338,44.565,124.160
31800,-18.851600598,11.647975411,19000,124.121,57.178,44.367,124.247
31860,-18.759771089,11.584842623,19000,126.047,58.018,44.169,124.334
31920,-18.667941580,11.521709836,19000,127.973,58.858,43.970,124.421
31980,-18.576112071,11.458577049,19000,129.899,59.698,43.772,124.508
32040,-18.484282562,11.395444261,19000,131.825,60.538,43.574,124.595
32100,-18.392453053,11.332311474,19000,133.751,61.378,43.376,124.682
32160,-18.300623544,11.269178687,19000,135.677,62.218,43.178,124.769
32220,-18.208794035,11.206045899,19000,137.603,63.058,42.980,124.857
32280,-18.116964526,11.142913112,19000,139.529,63.898,42.782,124.944
32340,-18.025135018,11.079780325,19000,141.455,64.738,42.584,125.031
32400,-17.933305509,11.016647537,19000,143.381,65.579,42.385,125.118
32460,-17.841476000,10.953514750,19000,145.306,66.419,42.187,125.205
32520,-17.749646491,10.890381963,19000,147.232,67.259,41.989,125.292
32580,-17.657816982,10.827249175,19000,149.158,68.099,41.791,125.379
32640,-17.565987473,10.764116388,19000,151.084,68.939,41.593,125.466
32700,-17.474157964,10.700983600,19000,153.010,69.779,41.395,125.553
32760,-17.382328455,10.637850813,19000,154.936,70.619,41.197,125.640
32820,-17.290498947,10.574718026,19000,156.862,71.459,40.999,125.727
32880,-17.198669438,10.511585238,19000,158.788,72.299,40.801,125.814
32940,-17.106839929,10.448452451,19000,160.714,73.139,40.602,125.901
33000,-17.015010420,10.385319664,19000,162.640,73.980,40.404,125.988
33060,-16.923180911,10.322186876,19000,164.566,74.820,40.206,126.075
33120,-16.831351402,10.259054089,19000,166.492,75.660,40.008,126.162
33180,-16.739521893,10.195921302,19000,168.417,76.500,39.810,126.249
33240,-16.647692384,10.132788514,19000,170.343,77.340,39.612,126.336
33300,-16.555862875,10.069655727,19000,172.269,78.180,39.414,126.423
33360,-16.464033367,10.006522940,19000,174.195,79.020,39.216,126.510
33420,-16.372203858,9.943390152,19000,176.121,79.860,39.017,126.597
33480,-16.280374349,9.880257365,19000,178.047,80.700,38.819,126.685
33540,-16.188544840,9.817124577,19000,179.973,81.540,38.621,126.772
33600,-16.096715331,9.753991790,19000,181.899,82.380,38.423,126.859
33660,-16.004885822,9.690859003,19000,183.825,83.221,38.225,126.946
33720,-15.913056313,9.627726215,19000,185.751,84.061,38.027,127.033
33780,-15.821226804,9.564593428,19000,187.677,84.901,37.829,127.120
33840,-15.729397296,9.501460641,19000,189.603,85.741,37.631,127.207
33900,-15.637567787,9.438327853,19000,191.528,86.581,37.433,127.294
33960,-15.545738278,9.375195066,19000,193.454,87.421,37.234,127.381
34020,-15.453908769,9.312062279,19000,195.380,88.261,37.036,127.468
34080,-15.362079260,9.248929491,19000,197.306,89.101,36.838,127.555
34140,-15.270249751,9.185796704,19000,199.232,89.941,36.640,127.642
34200,-15.178420242,9.122663917,19000,201.158,90.781,36.442,127.729
34260,-15.086590733,9.059531129,19000,203.084,91.621,36.244,127.816
34320,-15.000000000,8.993536875,19000,204.900,92.475,36.053,127.912
34380,-15.000000000,8.880245985,19000,204.900,93.548,35.977,128.145
34440,-15.000000000,8.766955094,19000,204.900,94.620,35.901,128.378
34500,-15.000000000,8.653664203,19000,204.900,95.693,35.825,128.611
34560,-15.000000000,8.540373312,19000,204.900,96.766,35.749,128.844
34620,-15.000000000,8.427082421,19000,204.900,97.839,35.674,129.077
34680,-15.000000000,8.313791531,19000,204.900,98.911,35.598,129.310
34740,-15.000000000,8.200500640,19000,204.900,99.984,35.522,129.543
34800,-15.000000000,8.087209749,19000,204.900,101.057,35.446,129.776
34860,-15.000000000,7.973918858,19000,204.900,102.129,35.370,130.009
34920,-15.000000000,7.860627967,19000,204.900,103.202,35.295,130.242
34980,-15.000000000,7.747337076,19000,204.900,104.275,35.219,130.475
35040,-15.000000000,7.634046186,19000,204.900,105.348,35.143,130.708
35100,-15.000000000,7.520755295,19000,204.900,106.420,35.067,130.941
35160,-15.000000000,7.407464404,19000,204.900,107.493,34.991,131.175
35220,-15.000000000,7.294173513,19000,204.900,108.566,34.916,131.408
35280,-15.000000000,7.180882622,19000,204.900,109.639,34.840,131.641
35340,-15.000000000,7.067591731,19000,204.900,110.711,34.764,131.874
35400,-15.000000000,6.954300841,19000,204.900,111.784,34.688,132.107
35460,-15.000000000,6.841009950,19000,204.900,112.857,34.612,132.340
35520,-15.000000000,6.727719059,19000,204.900,113.929,34.536,132.573
35580,-15.000000000,6.614428168,19000,204.900,115.002,34.461,132.806
35640,-15.000000000,6.501137277,19000,204.900,116.075,34.385,133.039
35700,-15.000000000,6.387846387,19000,204.900,117.148,34.309,133.272
35760,-15.000000000,6.274555496,19000,204.900,118.220,34.233,133.505
35820,-15.000000000,6.161264605,19000,204.900,119.293,34.157,133.738
35880,-15.000000000,6.047973714,19000,204.900,120.366,34.082,133.971
35940,-15.000000000,5.934682823,19000,204.900,121.439,34.006,134.204
36000,-15.000000000,5.821391932,19000,204.900,122.511,33.930,134.438
36060,-15.000000000,5.708101042,19000,204.900,123.584,33.854,134.671
36120,-15.000000000,5.594810151,19000,204.900,124.657,33.778,134.904
36180,-15.000000000,5.481519260,19000,204.900,125.729,33.703,135.137
36240,-15.000000000,5.368228369,19000,204.900,126.802,33.627,135.370
36300,-15.000000000,5.254937478,19000,204.900,127.875,33.551,135.603
36360,-15.000000000,5.141646587,19000,204.900,128.948,33.475,135.836
36420,-15.000000000,5.028355697,19000,204.900,130.020,33.399,136.069
36480,-15.000000000,4.915064806,19000,204.900,131.093,33.324,136.302
36540,-15.000000000,4.801773915,19000,204.900,132.166,33.248,136.535
36600,-15.000000000,4.688483024,19000,204.900,133.239,33.172,136.768
36660,-15.000000000,4.575192133,19000,204.900,134.311,33.096,137.001
36720,-15.000000000,4.461901243,19000,204.900,135.384,33.020,137.234
36780,-15.000000000,4.348610352,19000,204.900,136.457,32.945,137.468
36840,-15.000000000,4.235319461,19000,204.900,137.529,32.869,137.701
36900,-15.000000000,4.122028570,19000,204.900,138.602,32.793,137.934
36960,-15.000000000,4.008737679,19000,204.900,139.675,32.717,138.167
37020,-15.000000000,3.895446788,19000,204.900,140.748,32.641,138.400
37080,-15.000000000,3.782155898,19000,204.900,141.820,32.565,138.633
37140,-15.000000000,3.668865007,19000,204.900,142.893,32.490,138.866
37200,-15.000000000,3.555574116,19000,204.900,143.966,32.414,139.099
37260,-15.000000000,3.442283225,19000,204.900,145.039,32.338,139.332
37320,-15.000000000,3.328992334,19000,204.900,146.111,32.262,139.565
37380,-15.000000000,3.215701443,19000,204.900,147.184,32.186,139.798
37440,-15.000000000,3.102410553,19000,204.900,148.257,32.111,140.031
37500,-15.000000000,2.989119662,19000,204.900,149.329,32.035,140.264
37560,-15.000000000,2.875828771,19000,204.900,150.402,31.959,140.497
37620,-15.000000000,2.762537880,19000,204.900,151.475,31.883,140.731
37680,-15.000000000,2.649246989,19000,204.900,152.548,31.807,140.964
37740,-15.000000000,2.535956098,19000,204.900,153.620,31.732,141.197
37800,-15.000000000,2.422665208,19000,204.900,154.693,31.656,141.430
37860,-15.000000000,2.309374317,19000,204.900,155.766,31.580,141.663
37920,-15.000000000,2.196083426,19000,204.900,156.839,31.504,141.896
37980,-15.000000000,2.082792535,19000,204.900,157.911,31.428,142.129
38040,-15.000000000,1.969501644,19000,204.900,158.984,31.353,142.362
38100,-15.000000000,1.856210754,19000,204.900,160.057,31.277,142.595
38160,-15.000000000,1.742919863,19000,204.900,161.129,31.201,142.828
38220,-15.000000000,1.629628972,19000,204.900,162.202,31.125,143.061
38280,-15.000000000,1.516338081,19000,204.900,163.275,31.049,143.294
38340,-15.000000000,1.403047190,19000,204.900,164.348,30.974,143.527
38400,-15.000000000,1.289756299,19000,204.900,165.420,30.898,143.760
38460,-15.000000000,1.176465409,19000,204.900,166.493,30.822,143.994
38520,-15.000000000,1.063174518,19000,204.900,167.566,30.746,144.227
38580,-15.000000000,0.949883627,19000,204.900,168.639,30.670,144.460
38640,-15.000000000,0.836592736,19000,204.900,169.711,30.594,144.693
38700,-15.000000000,0.723301845,19000,204.900,170.784,30.519,144.926
38760,-15.000000000,0.610010954,19000,204.900,171.857,30.443,145.159
38820,-15.000000000,0.496720064,19000,204.900,172.929,30.367,145.392
38880,-15.000000000,0.383429173,19000,204.900,174.002,30.291,145.625
38940,-15.000000000,0.270138282,19000,204.900,175.075,30.215,145.858
39000,-15.000000000,0.156847391,19000,204.900,176.148,30.140,146.091
39060,-15.000000000,0.043556500,19000,204.900,177.220,30.064,146.324
