src/Components/missions/ORACLES/Tracks/routine/ORACLES-Flt-plan_er2_20160901_RA_12S.ict
42, 1001
Samuel LeBlanc
NASA Ames Research Center
Simulated flight plan
ORACLES
1,1
2016,09,01,2016,09,01
60
Start_UTC, seconds from midnight UTC, time keeping
7
1,1,1,1,1,1,1
-9999,-9999,-9999,-9999,-9999,-9999,-9999
Latitude, Degrees (North positive), Planned latitude position of the aircraft
Longitude, Degrees (East positive), Planned longitude position of the aircraft
Altitude, meters (above sea level), Planned altitude of the aircraft
speed, meters per second (m/s), Estimated speed of aircraft
Bearing, degrees from north, Direction of travel of the plane per respect to north
SZA, degrees from zenith, Elevation position of the sun in the sky per respect to zenith
AZI, degrees from north, Azimuthal position of the sun in the sky per respect to north
1
Simulated aircraft data interpolated from flight plan waypoints
20
-----------------------------------------------------------------------------
PI_CONTACT_INFO: Samuel LeBlanc, samuel.leblanc@nasa.gov
PLATFORM: er2
LOCATION: N/A
ASSOCIATED_DATA: N/A
INSTRUMENT_INFO: None
DATA_INFO: Compiled with flight planner: moving lines v0.8beta
UNCERTAINTY: Undefined
ULOD_FLAG: -7777
ULOD_VALUE: N/A
LLOD_FLAG: -8888
LLOD_VALUE: N/A
DM_CONTACT_INFO: See PI
PROJECT_INFO: ORACLES
STIPULATIONS_ON_USE: None
OTHER_COMMENTS: N/A
REVISION: RA
RA: First iteration of the flight plan
-----------------------------------------------------------------------------
Start_UTC,Latitude,Longitude,Altitude,speed,Bearing,SZA,AZI
[from data line 234]
39240,-10.000000000,1.571182394,19000,204.900,192.699,24.143,143.232
39300,-10.000000000,1.460501698,19000,204.900,194.212,24.053,143.490
39360,-10.000000000,1.349821002,19000,204.900,195.725,23.964,143.748
39420,-10.000000000,1.239140306,19000,204.900,197.238,23.875,144.006
39480,-10.000000000,1.128459609,19000,204.900,198.751,23.786,144.263
39540,-10.000000000,1.017778913,19000,204.900,200.265,23.696,144.521
39600,-10.000000000,0.907098217,19000,204.900,201.778,23.607,144.779
39660,-10.000000000,0.796417521,19000,204.900,203.291,23.518,145.037
39720,-10.000000000,0.685736825,19000,204.900,204.804,23.428,145.295
39780,-10.000000000,0.575056128,19000,204.900,206.317,23.339,145.552
39840,-10.000000000,0.464375432,19000,204.900,207.831,23.250,145.810
39900,-10.000000000,0.353694736,19000,204.900,209.344,23.160,146.068
39960,-10.000000000,0.243014040,19000,204.900,210.857,23.071,146.326
40020,-10.000000000,0.132333344,19000,204.900,212.370,22.982,146.584
40080,-10.000000000,0.021652647,19000,204.900,213.883,22.892,146.841
40140,-10.000000000,-0.089028049,19000,204.900,215.397,22.803,147.099
40200,-10.000000000,-0.199708745,19000,204.900,216.910,22.714,147.357
40260,-10.000000000,-0.310389441,19000,204.900,218.423,22.625,147.615
40320,-10.000000000,-0.421070137,19000,204.900,219.936,22.535,147.872
40380,-10.000000000,-0.531750834,19000,204.900,221.449,22.446,148.130
40440,-10.000000000,-0.642431530,19000,204.900,222.963,22.357,148.388
40500,-10.000000000,-0.753112226,19000,204.900,224.476,22.267,148.646
40560,-10.000000000,-0.863792922,19000,204.900,225.989,22.178,148.904
40620,-10.000000000,-0.974473618,19000,204.900,227.502,22.089,149.161
40680,-10.000000000,-1.085154314,19000,204.900,229.015,21.999,149.419
40740,-10.000000000,-1.195835011,19000,204.900,230.529,21.910,149.677
40800,-10.000000000,-1.306515707,19000,204.900,232.042,21.821,149.935
40860,-10.000000000,-1.417196403,19000,204.900,233.555,21.732,150.193
40920,-10.000000000,-1.527877099,19000,204.900,235.068,21.642,150.450
40980,-10.000000000,-1.638557795,19000,204.900,236.581,21.553,150.708
41040,-10.000000000,-1.749238492,19000,204.900,238.095,21.464,150.966
41100,-10.000000000,-1.859919188,19000,204.900,239.608,21.374,151.224
41160,-10.000000000,-1.970599884,19000,204.900,241.121,21.285,151.482
41220,-10.000000000,-2.081280580,19000,204.900,242.634,21.196,151.739
41280,-10.000000000,-2.191961276,19000,204.900,244.147,21.106,151.997
41340,-10.000000000,-2.302641973,19000,204.900,245.661,21.017,152.255
41400,-10.000000000,-2.413322669,19000,204.900,247.174,20.928,152.513
41460,-10.000000000,-2.524003365,19000,204.900,248.687,20.838,152.771
41520,-10.000000000,-2.634684061,19000,204.900,250.200,20.749,153.028
41580,-10.000000000,-2.745364757,19000,204.900,251.713,20.660,153.286
41640,-10.000000000,-2.856045453,19000,204.900,253.227,20.571,153.544
41700,-10.000000000,-2.966726150,19000,204.900,254.740,20.481,153.802
41760,-10.000000000,-3.077406846,19000,204.900,256.253,20.392,154.059
41820,-10.000000000,-3.188087542,19000,204.900,257.766,20.303,154.317
41880,-10.000000000,-3.298768238,19000,204.900,259.279,20.213,154.575
41940,-10.000000000,-3.409448934,19000,204.900,260.793,20.124,154.833
42000,-10.000000000,-3.520129631,19000,204.900,262.306,20.035,155.091
42060,-10.000000000,-3.630810327,19000,204.900,263.819,19.945,155.348
42120,-10.000000000,-3.741491023,19000,204.900,265.332,19.856,155.606
42180,-10.000000000,-3.852171719,19000,204.900,266.845,19.767,155.864
42240,-10.000000000,-3.962852415,19000,204.900,268.359,19.678,156.122
42300,-10.000000000,-3.925982970,19000,204.900,268.361,19.755,156.705
42360,-10.000000000,-3.814573889,19000,204.900,267.599,19.918,157.453
42420,-10.000000000,-3.703164808,19000,204.900,266.837,20.080,158.200
42480,-10.000000000,-3.591755726,19000,204.900,266.076,20.242,158.948
42540,-10.000000000,-3.480346645,19000,204.900,265.314,20.405,159.695
42600,-10.000000000,-3.368937564,19000,204.900,264.553,20.567,160.443
42660,-10.000000000,-3.257528483,19000,204.900,263.791,20.729,161.191
42720,-10.000000000,-3.146119402,19000,204.900,263.030,20.892,161.938
42780,-10.000000000,-3.034710320,19000,204.900,262.268,21.054,162.686
42840,-10.000000000,-2.923301239,19000,204.900,261.506,21.217,163.433
42900,-10.000000000,-2.811892158,19000,204.900,260.745,21.379,164.181
42960,-10.000000000,-2.700483077,19000,204.900,259.983,21.541,164.928
43020,-10.000000000,-2.589073996,19000,204.900,259.222,21.704,165.676
43080,-10.000000000,-2.477664914,19000,204.900,258.460,21.866,166.424
43140,-10.000000000,-2.366255833,19000,204.900,257.698,22.028,167.171
43200,-10.000000000,-2.254846752,19000,204.900,256.937,22.191,167.919
43260,-10.000000000,-2.143437671,19000,204.900,256.175,22.353,168.666
43320,-10.000000000,-2.032028590,19000,204.900,255.414,22.515,169.414
43380,-10.000000000,-1.920619508,19000,204.900,254.652,22.678,170.162
43440,-10.000000000,-1.809210427,19000,204.900,253.891,22.840,170.909
43500,-10.000000000,-1.697801346,19000,204.900,253.129,23.002,171.657
43560,-10.000000000,-1.586392265,19000,204.900,252.367,23.165,172.404
43620,-10.000000000,-1.474983184,19000,204.900,251.606,23.327,173.152
43680,-10.000000000,-1.363574102,19000,204.900,250.844,23.489,173.899
43740,-10.000000000,-1.252165021,19000,204.900,250.083,23.652,174.647
43800,-10.000000000,-1.140755940,19000,204.900,249.321,23.814,175.395
43860,-10.000000000,-1.029346859,19000,204.900,248.560,23.977,176.142
43920,-10.000000000,-0.917937778,19000,204.900,247.798,24.139,176.890
43980,-10.000000000,-0.806528696,19000,204.900,247.036,24.301,177.637
44040,-10.000000000,-0.695119615,19000,204.900,246.275,24.464,178.385
44100,-10.000000000,-0.583710534,19000,204.900,245.513,24.626,179.133
44160,-10.000000000,-0.472301453,19000,204.900,244.752,24.788,179.880
44220,-10.000000000,-0.360892372,19000,204.900,243.990,24.951,180.628
44280,-10.000000000,-0.249483290,19000,204.900,243.228,25.113,181.375
44340,-10.000000000,-0.138074209,19000,204.900,242.467,25.275,182.123
44400,-10.000000000,-0.026665128,19000,204.900,241.705,25.438,182.871
44460,-10.000000000,0.084743953,19000,204.900,240.944,25.600,183.618
44520,-10.000000000,0.196153034,19000,204.900,240.182,25.762,184.366
44580,-10.000000000,0.307562116,19000,204.900,239.421,25.925,185.113
44640,-10.000000000,0.418971197,19000,204.900,238.659,26.087,185.861
44700,-10.000000000,0.530380278,19000,204.900,237.897,26.249,186.608
44760,-10.000000000,0.641789359,19000,204.900,237.136,26.412,187.356
44820,-10.000000000,0.753198440,19000,204.900,236.374,26.574,188.104
44880,-10.000000000,0.864607522,19000,204.900,235.613,26.736,188.851
44940,-10.000000000,0.976016603,19000,204.900,234.851,26.899,189.599
45000,-10.000000000,1.087425684,19000,204.900,234.089,27.061,190.346
45060,-10.000000000,1.198834765,19000,204.900,233.328,27.224,191.094
45120,-10.000000000,1.310243846,19000,204.900,232.566,27.386,191.842
45180,-10.000000000,1.421652928,19000,204.900,231.805,27.548,192.589
45240,-10.000000000,1.533062009,19000,204.900,231.043,27.711,193.337
45300,-10.000000000,1.644471090,19000,204.900,230.282,27.873,194.084
45360,-10.000000000,1.755880171,19000,204.900,229.520,28.035,194.832
45420,-10.000000000,1.867289252,19000,204.900,228.758,28.198,195.579
45480,-10.000000000,1.978698334,19000,204.900,227.997,28.360,196.327
45540,-10.000000000,2.090107415,19000,204.900,227.235,28.522,197.075
45600,-10.000000000,2.201516496,19000,204.900,226.474,28.685,197.822
45660,-10.000000000,2.312925577,19000,204.900,225.712,28.847,198.570
45720,-10.000000000,2.424334659,19000,204.900,224.951,29.009,199.317
45780,-10.000000000,2.535743740,19000,204.900,224.189,29.172,200.065
45840,-10.000000000,2.647152821,19000,204.900,223.427,29.334,200.813
45900,-10.000000000,2.758561902,19000,204.900,222.666,29.496,201.560
45960,-10.000000000,2.869970983,19000,204.900,221.904,29.659,202.308
46020,-10.000000000,2.981380065,19000,204.900,221.143,29.821,203.055
46080,-10.000000000,3.092789146,19000,204.900,220.381,29.983,203.803
46140,-10.000000000,3.204198227,19000,204.900,219.619,30.146,204.551
46200,-10.000000000,3.315607308,19000,204.900,218.858,30.308,205.298
46260,-10.000000000,3.427016389,19000,204.900,218.096,30.471,206.046
46320,-10.000000000,3.538425471,19000,204.900,217.335,30.633,206.793
46380,-10.000000000,3.649834552,19000,204.900,216.573,30.795,207.541
46440,-10.000000000,3.761243633,19000,204.900,215.812,30.958,208.288
46500,-10.000000000,3.872652714,19000,204.900,215.050,31.120,209.036
46560,-10.000000000,3.984061795,19000,204.900,214.288,31.282,209.784
46620,-10.000000000,4.095470877,19000,204.900,213.527,31.445,210.531
46680,-10.000000000,4.206879958,19000,204.900,212.765,31.607,211.279
46740,-10.000000000,4.318289039,19000,204.900,212.004,31.769,212.026
46800,-10.000000000,4.429698120,19000,204.900,211.242,31.932,212.774
46860,-10.000000000,4.541107201,19000,204.900,210.480,32.094,213.522
46920,-10.000000000,4.652516283,19000,204.900,209.719,32.256,214.269
46980,-10.000000000,4.763925364,19000,204.900,208.957,32.419,215.017
47040,-10.000000000,4.875334445,19000,204.900,208.196,32.581,215.764
47100,-10.000000000,4.986743526,19000,204.900,207.434,32.743,216.512
47160,-10.000000000,5.098152607,19000,204.900,206.673,32.906,217.259
47220,-10.000000000,5.209561689,19000,204.900,205.911,33.068,218.007
47280,-10.000000000,5.320970770,19000,204.900,205.149,33.230,218.755
47340,-10.000000000,5.432379851,19000,204.900,204.388,33.393,219.502
47400,-10.000000000,5.543788932,19000,204.900,203.626,33.555,220.250
47460,-10.000000000,5.655198013,19000,204.900,202.865,33.718,220.997
47520,-10.000000000,5.766607095,19000,204.900,202.103,33.880,221.745
47580,-10.000000000,5.878016176,19000,204.900,201.342,34.042,222.493
47640,-10.000000000,5.989425257,19000,204.900,200.580,34.205,223.240
47700,-10.000000000,6.100834338,19000,204.900,199.818,34.367,223.988
47760,-10.000000000,6.212243419,19000,204.900,199.057,34.529,224.735
47820,-10.000000000,6.323652501,19000,204.900,198.295,34.692,225.483
47880,-10.000000000,6.435061582,19000,204.900,197.534,34.854,226.231
47940,-10.000000000,6.546470663,19000,204.900,196.772,35.016,226.978
48000,-10.000000000,6.657879744,19000,204.900,196.010,35.179,227.726
48060,-10.000000000,6.769288825,19000,204.900,195.249,35.341,228.473
48120,-10.000000000,6.880697907,19000,204.900,194.487,35.503,229.221
48180,-10.000000000,6.992106988,19000,204.900,193.726,35.666,229.968
48240,-10.000000000,7.103516069,19000,204.900,192.964,35.828,230.716
48300,-10.000000000,7.214925150,19000,204.900,192.203,35.990,231.464
48360,-10.000000000,7.326334231,19000,204.900,191.441,36.153,232.211
48420,-10.000000000,7.437743313,19000,204.900,190.679,36.315,232.959
48480,-10.000000000,7.549152394,19000,204.900,189.918,36.478,233.706
48540,-10.000000000,7.660561475,19000,204.900,189.156,36.640,234.454
48600,-10.000000000,7.771970556,19000,204.900,188.395,36.802,235.202
48660,-10.000000000,7.883379637,19000,204.900,187.633,36.965,235.949
48720,-10.000000000,7.994788719,19000,204.900,186.872,37.127,236.697
48780,-10.000000000,8.106197800,19000,204.900,186.110,37.289,237.444
48840,-10.000000000,8.217606881,19000,204.900,185.348,37.452,238.192
48900,-10.000000000,8.329015962,19000,204.900,184.587,37.614,238.939
48960,-10.000000000,8.440425043,19000,204.900,183.825,37.776,239.687
49020,-10.000000000,8.551834125,19000,204.900,183.064,37.939,240.435
49080,-10.000000000,8.663243206,19000,204.900,182.302,38.101,241.182
49140,-10.000000000,8.774652287,19000,204.900,181.540,38.263,241.930
49200,-10.000000000,8.886061368,19000,204.900,180.779,38.426,242.677
49260,-10.000000000,8.997470450,19000,204.900,180.017,38.588,243.425
49320,-10.107273695,9.000000000,19000,204.900,180.698,38.853,243.500
49380,-10.217039632,9.000000000,19000,204.900,181.411,39.120,243.560
49440,-10.326805569,9.000000000,19000,204.900,182.125,39.387,243.620
49500,-10.436571507,9.000000000,19000,204.900,182.839,39.655,243.679
49560,-10.546337444,9.000000000,19000,204.900,183.553,39.922,243.739
49620,-10.656103381,9.000000000,19000,204.900,184.267,40.189,243.799
49680,-10.765869319,9.000000000,19000,204.900,184.981,40.457,243.859
49740,-10.875635256,9.000000000,19000,204.900,185.694,40.724,243.918
49800,-10.985401193,9.000000000,19000,204.900,186.408,40.991,243.978
49860,-11.095167131,9.000000000,19000,204.900,187.122,41.258,244.038
49920,-11.204933068,9.000000000,19000,204.900,187.836,41.526,244.097
49980,-11.314699006,9.000000000,19000,204.900,188.550,41.793,244.157
50040,-11.424464943,9.000000000,19000,204.900,189.264,42.060,244.217
50100,-11.534230880,9.000000000,19000,204.900,189.977,42.327,244.277
50160,-11.643996818,9.000000000,19000,204.900,190.691,42.595,244.336
50220,-11.753762755,9.000000000,19000,204.900,191.405,42.862,244.396
50280,-11.863528692,9.000000000,19000,204.900,192.119,43.129,244.456
50340,-11.973294630,9.000000000,19000,204.900,192.833,43.396,244.515
50400,-12.083060567,9.000000000,19000,204.900,193.547,43.664,244.575
50460,-12.192826504,9.000000000,19000,204.900,194.260,43.931,244.635
50520,-12.302592442,9.000000000,19000,204.900,194.974,44.198,244.695
50580,-12.412358379,9.000000000,19000,204.900,195.688,44.465,244.754
50640,-12.522124316,9.000000000,19000,204.900,196.402,44.733,244.814
50700,-12.631890254,9.000000000,19000,204.900,197.116,45.000,244.874
50760,-12.741656191,9.000000000,19000,204.900,197.830,45.267,244.933
50820,-12.851422129,9.000000000,19000,204.900,198.543,45.535,244.993
50880,-12.961188066,9.000000000,19000,204.900,199.257,45.802,245.053
50940,-13.070954003,9.000000000,19000,204.900,199.971,46.069,245.112
51000,-13.180719941,9.000000000,19000,204.900,200.685,46.336,245.172
51060,-13.290485878,9.000000000,19000,204.900,201.399,46.604,245.232
51120,-13.400251815,9.000000000,19000,204.900,202.113,46.871,245.292
51180,-13.510017753,9.000000000,19000,204.900,202.826,47.138,245.351
51240,-13.619783690,9.000000000,19000,204.900,203.540,47.405,245.411
51300,-13.729549627,9.000000000,19000,204.900,204.254,47.673,245.471
51360,-13.839315565,9.000000000,19000,204.900,204.968,47.940,245.530
51420,-13.949081502,9.000000000,19000,204.900,205.682,48.207,245.590
51480,-14.058847440,9.000000000,19000,204.900,206.396,48.474,245.650
51540,-14.168613377,9.000000000,19000,204.900,207.109,48.742,245.710
51600,-14.278379314,9.000000000,19000,204.900,207.823,49.009,245.769
51660,-14.388145252,9.000000000,19000,204.900,208.537,49.276,245.829
51720,-14.497911189,9.000000000,19000,204.900,209.251,49.543,245.889
51780,-14.607677126,9.000000000,19000,204.900,209.965,49.811,245.948
51840,-14.717443064,9.000000000,19000,204.900,210.679,50.078,246.008
51900,-14.827209001,9.000000000,19000,204.900,211.392,50.345,246.068
51960,-14.936974938,9.000000000,19000,204.900,212.106,50.612,246.128
52020,-15.039400599,9.026967815,19000,204.900,212.533,50.898,246.208
52080,-15.131928682,9.090298837,19000,204.900,212.574,51.209,246.316
52140,-15.224456766,9.153629860,19000,204.900,212.615,51.521,246.424
52200,-15.316984849,9.216960882,19000,204.900,212.655,51.832,246.532
52260,-15.409512933,9.280291905,19000,204.900,212.696,52.143,246.640
52320,-15.502041016,9.343622927,19000,204.900,212.736,52.454,246.748
52380,-15.594569100,9.406953950,19000,204.900,212.777,52.765,246.856
52440,-15.687097183,9.470284972,19000,204.900,212.817,53.076,246.964
52500,-15.779625267,9.533615995,19000,204.900,212.858,53.387,247.072
52560,-15.872153350,9.596947018,19000,204.900,212.898,53.698,247.180
52620,-15.964681434,9.660278040,19000,204.900,212.939,54.009,247.288
52680,-16.057209517,9.723609063,19000,204.900,212.980,54.320,247.396
52740,-16.149737601,9.786940085,19000,204.900,213.020,54.631,247.504
52800,-16.242265684,9.850271108,19000,204.900,213.061,54.942,247.612
52860,-16.334793768,9.913602130,19000,204.900,213.101,55.253,247.720
52920,-16.427321851,9.976933153,19000,204.900,213.142,55.564,247.828
52980,-16.519849935,10.040264175,19000,204.900,213.182,55.875,247.936
