src/Components/missions/ORACLES/Tracks/routine/ORACLES-Flt-plan_p3_20160901_RA_12S.ict
42, 1001
Samuel LeBlanc
NASA Ames Research Center
Simulated flight plan
ORACLES
1,1
2016,09,01,2016,09,01
60
Start_UTC, seconds from midnight UTC, time keeping
7
1,1,1,1,1,1,1
-9999,-9999,-9999,-9999,-9999,-9999,-9999
Latitude, Degrees (North positive), Planned latitude position of the aircraft
Longitude, Degrees (East positive), Planned longitude position of the aircraft
Altitude, meters (above sea level), Planned altitude of the aircraft
speed, meters per second (m/s), Estimated speed of aircraft
Bearing, degrees from north, Direction of travel of the plane per respect to north
SZA, degrees from zenith, Elevation position of the sun in the sky per respect to zenith
AZI, degrees from north, Azimuthal position of the sun in the sky per respect to north
1
Simulated aircraft data interpolated from flight plan waypoints
20
-----------------------------------------------------------------------------
PI_CONTACT_INFO: Samuel LeBlanc, samuel.leblanc@nasa.gov
PLATFORM: p3
LOCATION: N/A
ASSOCIATED_DATA: N/A
INSTRUMENT_INFO: None
DATA_INFO: Compiled with flight planner: moving lines v0.8beta
UNCERTAINTY: Undefined
ULOD_FLAG: -7777
ULOD_VALUE: N/A
LLOD_FLAG: -8888
LLOD_VALUE: N/A
DM_CONTACT_INFO: See PI
PROJECT_INFO: ORACLES
STIPULATIONS_ON_USE: None
OTHER_COMMENTS: N/A
REVISION: RA
RA: First iteration of the flight plan
-----------------------------------------------------------------------------
Start_UTC,Latitude,Longitude,Altitude,speed,Bearing,SZA,AZI
[from data line 234]
39240,-10.000000000,4.116162974, 1558,134.186,169.617,22.632,147.949
39300,-10.000000000,4.046403246, 1545,134.091,171.891,22.539,148.363
39360,-10.000000000,3.976643519, 1533,133.996,174.165,22.446,148.776
39420,-10.000000000,3.906883792, 1520,133.901,176.439,22.353,149.190
39480,-10.000000000,3.837124064, 1507,133.806,178.713,22.260,149.603
39540,-10.000000000,3.767364337, 1495,133.710,180.987,22.167,150.016
39600,-10.000000000,3.697604610, 1482,133.615,183.261,22.074,150.430
39660,-10.000000000,3.627844883, 1469,133.520,185.535,21.981,150.843
39720,-10.000000000,3.558085155, 1457,133.425,187.809,21.888,151.257
39780,-10.000000000,3.488325428, 1444,133.329,190.083,21.796,151.670
39840,-10.000000000,3.418565701, 1431,133.234,192.357,21.703,152.084
39900,-10.000000000,3.348805974, 1419,133.139,194.631,21.610,152.497
39960,-10.000000000,3.279046246, 1406,133.044,196.905,21.517,152.910
40020,-10.000000000,3.209286519, 1393,132.949,199.179,21.424,153.324
40080,-10.000000000,3.139526792, 1380,132.853,201.453,21.331,153.737
40140,-10.000000000,3.069767064, 1368,132.758,203.727,21.238,154.151
40200,-10.000000000,3.000007337, 1355,132.663,206.001,21.145,154.564
40260,-10.000000000,2.930247610, 1342,132.568,208.275,21.052,154.978
40320,-10.000000000,2.860487883, 1330,132.473,210.549,20.959,155.391
40380,-10.000000000,2.790728155, 1317,132.377,212.823,20.866,155.804
40440,-10.000000000,2.720968428, 1304,132.282,215.097,20.774,156.218
40500,-10.000000000,2.651208701, 1292,132.187,217.371,20.681,156.631
40560,-10.000000000,2.581448974, 1279,132.092,219.645,20.588,157.045
40620,-10.000000000,2.511689246, 1266,131.997,221.919,20.495,157.458
40680,-10.000000000,2.441929519, 1254,131.901,224.193,20.402,157.872
40740,-10.000000000,2.372169792, 1241,131.806,226.467,20.309,158.285
40800,-10.000000000,2.302410064, 1228,131.711,228.741,20.216,158.698
40860,-10.000000000,2.232650337, 1215,131.616,231.015,20.123,159.112
40920,-10.000000000,2.162890610, 1203,131.520,233.289,20.030,159.525
40980,-10.000000000,2.093130883, 1190,131.425,235.562,19.937,159.939
41040,-10.000000000,2.023371155, 1177,131.330,237.836,19.844,160.352
41100,-10.000000000,1.953611428, 1165,131.235,240.110,19.751,160.766
41160,-10.000000000,1.883851701, 1152,131.140,242.384,19.659,161.179
41220,-10.000000000,1.814091974, 1139,131.044,244.658,19.566,161.592
41280,-10.000000000,1.744332246, 1127,130.949,246.932,19.473,162.006
41340,-10.000000000,1.674572519, 1114,130.854,249.206,19.380,162.419
41400,-10.000000000,1.604812792, 1101,130.759,251.480,19.287,162.833
41460,-10.000000000,1.535053065, 1088,130.664,253.754,19.194,163.246
41520,-10.000000000,1.465293337, 1076,130.568,256.028,19.101,163.660
41580,-10.000000000,1.395533610, 1063,130.473,258.302,19.008,164.073
41640,-10.000000000,1.325773883, 1050,130.378,260.576,18.915,164.486
41700,-10.000000000,1.256014155, 1038,130.283,262.850,18.822,164.900
41760,-10.000000000,1.186254428, 1025,130.187,265.124,18.729,165.313
41820,-10.000000000,1.116494701, 1012,130.092,267.398,18.637,165.727
41880,-10.000000000,1.051089787, 1000,130.000,269.602,18.549,166.154
41940,-10.000000000,1.122235667, 1000,130.000,269.607,18.637,167.030
42000,-10.000000000,1.193381547, 1000,130.000,269.612,18.725,167.906
42060,-10.000000000,1.264527427, 1000,130.000,269.617,18.813,168.782
42120,-10.000000000,1.335673307, 1000,130.000,269.621,18.901,169.658
42180,-10.000000000,1.406819187, 1000,130.000,269.626,18.989,170.534
42240,-10.000000000,1.477965067, 1000,130.000,269.631,19.077,171.410
42300,-10.000000000,1.549110947, 1000,130.000,269.636,19.165,172.286
42360,-10.000000000,1.620256827, 1000,130.000,269.641,19.253,173.162
42420,-10.000000000,1.691402708, 1000,130.000,269.646,19.341,174.038
42480,-10.000000000,1.762548588, 1000,130.000,269.650,19.429,174.914
42540,-10.000000000,1.833694468, 1000,130.000,269.655,19.517,175.790
42600,-10.000000000,1.904840348, 1000,130.000,269.660,19.605,176.666
42660,-10.000000000,1.975986228, 1000,130.000,269.665,19.693,177.542
42720,-10.000000000,2.047132108, 1000,130.000,269.670,19.781,178.418
42780,-10.000000000,2.118277988, 1000,130.000,269.675,19.870,179.294
42840,-10.000000000,2.189423868, 1000,130.000,269.679,19.958,180.170
42900,-10.000000000,2.260569748, 1000,130.000,269.684,20.046,181.046
42960,-10.000000000,2.331715629, 1000,130.000,269.689,20.134,181.922
43020,-10.000000000,2.402861509, 1000,130.000,269.694,20.222,182.798
43080,-10.000000000,2.474007389, 1000,130.000,269.699,20.310,183.674
43140,-10.000000000,2.545153269, 1000,130.000,269.704,20.398,184.550
43200,-10.000000000,2.616299149, 1000,130.000,269.708,20.486,185.426
43260,-10.000000000,2.687445029, 1000,130.000,269.713,20.574,186.302
43320,-10.000000000,2.758590909, 1000,130.000,269.718,20.662,187.178
43380,-10.000000000,2.829736789, 1000,130.000,269.723,20.750,188.054
43440,-10.000000000,2.900882669, 1000,130.000,269.728,20.838,188.930
43500,-10.000000000,2.972028549, 1000,130.000,269.733,20.926,189.806
43560,-10.000000000,3.043174430, 1000,130.000,269.737,21.014,190.682
43620,-10.000000000,3.114320310, 1000,130.000,269.742,21.102,191.558
43680,-10.000000000,3.185466190, 1000,130.000,269.747,21.190,192.434
43740,-10.000000000,3.256612070, 1000,130.000,269.752,21.278,193.310
43800,-10.000000000,3.327757950, 1000,130.000,269.757,21.366,194.186
43860,-10.000000000,3.398903830, 1000,130.000,269.762,21.454,195.062
43920,-10.000000000,3.470049710, 1000,130.000,269.766,21.542,195.938
43980,-10.000000000,3.541195590, 1000,130.000,269.771,21.630,196.814
44040,-10.000000000,3.612341470, 1000,130.000,269.776,21.718,197.690
44100,-10.000000000,3.683487351, 1000,130.000,269.781,21.806,198.566
44160,-10.000000000,3.754633231, 1000,130.000,269.786,21.894,199.442
44220,-10.000000000,3.825779111, 1000,130.000,269.790,21.982,200.318
44280,-10.000000000,3.896924991, 1000,130.000,269.795,22.070,201.194
44340,-10.000000000,3.968070871, 1000,130.000,269.800,22.158,202.070
44400,-10.000000000,4.039216751, 1000,130.000,269.805,22.246,202.946
44460,-10.000000000,4.110362631, 1000,130.000,269.810,22.334,203.822
44520,-10.000000000,4.181508511, 1000,130.000,269.815,22.422,204.698
44580,-10.000000000,4.252654391, 1000,130.000,269.819,22.510,205.574
44640,-10.000000000,4.323800271, 1000,130.000,269.824,22.598,206.450
44700,-10.000000000,4.394946152, 1000,130.000,269.829,22.686,207.326
44760,-10.000000000,4.466092032, 1000,130.000,269.834,22.774,208.202
44820,-10.000000000,4.537237912, 1000,130.000,269.839,22.862,209.078
44880,-10.000000000,4.608383792, 1000,130.000,269.844,22.950,209.954
44940,-10.000000000,4.679529672, 1000,130.000,269.848,23.038,210.830
45000,-10.000000000,4.750675552, 1000,130.000,269.853,23.126,211.706
45060,-10.000000000,4.821821432, 1000,130.000,269.858,23.214,212.582
45120,-10.000000000,4.892967312, 1000,130.000,269.863,23.302,213.458
45180,-10.000000000,4.964113192, 1000,130.000,269.868,23.390,214.334
45240,-10.000000000,5.035259073, 1000,130.000,269.873,23.478,215.210
45300,-10.000000000,5.106404953, 1000,130.000,269.877,23.566,216.085
45360,-10.000000000,5.177550833, 1000,130.000,269.882,23.654,216.961
45420,-10.000000000,5.248696713, 1000,130.000,269.887,23.742,217.837
45480,-10.000000000,5.319842593, 1000,130.000,269.892,23.830,218.713
45540,-10.000000000,5.390988473, 1000,130.000,269.897,23.918,219.589
45600,-10.000000000,5.462134353, 1000,130.000,269.902,24.006,220.465
45660,-10.000000000,5.533280233, 1000,130.000,269.906,24.094,221.341
45720,-10.000000000,5.604426113, 1000,130.000,269.911,24.182,222.217
45780,-10.000000000,5.678085541, 1046,130.346,269.908,24.358,222.874
45840,-10.000000000,5.753325766, 1121,130.911,269.899,24.588,223.392
45900,-10.000000000,5.828565991, 1197,131.475,269.890,24.819,223.911
45960,-10.000000000,5.903806216, 1272,132.039,269.881,25.049,224.429
46020,-10.000000000,5.979046441, 1347,132.604,269.872,25.280,224.947
46080,-10.000000000,6.054286666, 1422,133.168,269.863,25.510,225.466
46140,-10.000000000,6.129526891, 1498,133.732,269.854,25.741,225.984
46200,-10.000000000,6.204767116, 1573,134.297,269.845,25.971,226.503
46260,-10.000000000,6.280007341, 1648,134.861,269.836,26.202,227.021
46320,-10.000000000,6.355247566, 1723,135.425,269.827,26.432,227.539
46380,-10.000000000,6.430487791, 1799,135.989,269.818,26.663,228.058
46440,-10.000000000,6.505728016, 1874,136.554,269.809,26.893,228.576
46500,-10.000000000,6.580968241, 1949,137.118,269.800,27.124,229.095
46560,-10.000000000,6.659408711, 2064,137.761,268.751,27.367,229.567
46620,-10.000000000,6.744552391, 2262,138.570,265.523,27.637,229.944
46680,-10.000000000,6.829696072, 2459,139.379,262.294,27.907,230.321
46740,-10.000000000,6.914839752, 2657,140.188,259.066,28.177,230.698
46800,-10.000000000,6.999983433, 2855,140.997,255.837,28.447,231.074
46860,-10.000000000,7.085127114, 3053,141.806,252.609,28.718,231.451
46920,-10.000000000,7.170270794, 3250,142.615,249.380,28.988,231.828
46980,-10.000000000,7.255414475, 3448,143.424,246.152,29.258,232.205
47040,-10.000000000,7.340558156, 3646,144.233,242.923,29.528,232.581
47100,-10.000000000,7.425701836, 3844,145.042,239.695,29.798,232.958
47160,-10.000000000,7.510845517, 4041,145.851,236.466,30.068,233.335
47220,-10.000000000,7.595989198, 4239,146.660,233.238,30.338,233.712
47280,-10.000000000,7.681132878, 4437,147.469,230.009,30.609,234.089
47340,-10.000000000,7.766276559, 4635,148.278,226.781,30.879,234.465
47400,-10.000000000,7.851420240, 4832,149.087,223.552,31.149,234.842
47460,-10.000000000,7.936563920, 5030,149.896,220.324,31.419,235.219
47520,-10.000000000,8.021707601, 5228,150.705,217.095,31.689,235.596
47580,-10.000000000,8.106851282, 5426,151.514,213.867,31.959,235.972
47640,-10.000000000,8.191994962, 5623,152.323,210.638,32.229,236.349
47700,-10.000000000,8.277138643, 5821,153.132,207.410,32.499,236.726
47760,-10.000000000,8.362282324, 6019,153.941,204.181,32.770,237.103
47820,-10.000000000,8.447426004, 6217,154.750,200.953,33.040,237.480
47880,-10.000000000,8.532569685, 6414,155.559,197.724,33.310,237.856
47940,-10.000000000,8.617713365, 6612,156.368,194.496,33.580,238.233
48000,-10.000000000,8.702857046, 6810,157.177,191.267,33.850,238.610
48060,-10.000000000,8.788000727, 7008,157.986,188.039,34.120,238.987
48120,-10.000000000,8.873144407, 7205,158.795,184.810,34.390,239.363
48180,-10.000000000,8.958288088, 7403,159.604,181.582,34.661,239.740
48240,-10.048114470,9.000000000, 7500,160.144,180.313,34.925,239.970
48300,-10.142438122,9.000000000, 7500,160.427,180.925,35.185,240.059
48360,-10.236761774,9.000000000, 7500,160.710,181.538,35.445,240.148
48420,-10.331085426,9.000000000, 7500,160.993,182.151,35.704,240.237
48480,-10.425409078,9.000000000, 7500,161.276,182.764,35.964,240.326
48540,-10.519732730,9.000000000, 7500,161.559,183.377,36.223,240.416
48600,-10.614056382,9.000000000, 7500,161.842,183.990,36.483,240.505
48660,-10.708380034,9.000000000, 7500,162.125,184.603,36.743,240.594
48720,-10.802703686,9.000000000, 7500,162.408,185.215,37.002,240.683
48780,-10.897027338,9.000000000, 7500,162.691,185.828,37.262,240.772
48840,-10.991350990,9.000000000, 7500,162.974,186.441,37.521,240.861
48900,-11.085674642,9.000000000, 7500,163.257,187.054,37.781,240.950
48960,-11.179998294,9.000000000, 7500,163.540,187.667,38.040,241.039
49020,-11.274321946,9.000000000, 7500,163.823,188.280,38.300,241.128
49080,-11.368645598,9.000000000, 7500,164.106,188.893,38.560,241.217
49140,-11.462969250,9.000000000, 7500,164.389,189.505,38.819,241.306
49200,-11.557292902,9.000000000, 7500,164.672,190.118,39.079,241.395
49260,-11.651616554,9.000000000, 7500,164.955,190.731,39.338,241.484
49320,-11.745940206,9.000000000, 7500,165.238,191.344,39.598,241.573
49380,-11.840263858,9.000000000, 7500,165.521,191.957,39.858,241.662
49440,-11.934587510,9.000000000, 7500,165.804,192.570,40.117,241.751
49500,-12.028911162,9.000000000, 7500,166.087,193.183,40.377,241.840
49560,-12.123234814,9.000000000, 7500,166.370,193.795,40.636,241.930
49620,-12.217558466,9.000000000, 7500,166.653,194.408,40.896,242.019
49680,-12.311882118,9.000000000, 7500,166.936,195.021,41.156,242.108
49740,-12.406205770,9.000000000, 7500,167.219,195.634,41.415,242.197
49800,-12.500529422,9.000000000, 7500,167.502,196.247,41.675,242.286
49860,-12.594853074,9.000000000, 7500,167.785,196.860,41.934,242.375
49920,-12.689176726,9.000000000, 7500,168.068,197.473,42.194,242.464
49980,-12.783500378,9.000000000, 7500,168.351,198.085,42.454,242.553
50040,-12.877824030,9.000000000, 7500,168.633,198.698,42.713,242.642
50100,-12.972147682,9.000000000, 7500,168.916,199.311,42.973,242.731
50160,-13.066471334,9.000000000, 7500,169.199,199.924,43.232,242.820
50220,-13.160794986,9.000000000, 7500,169.482,200.537,43.492,242.909
50280,-13.255118638,9.000000000, 7500,169.765,201.150,43.752,242.998
50340,-13.349442290,9.000000000, 7500,170.048,201.763,44.011,243.087
50400,-13.443765942,9.000000000, 7500,170.331,202.375,44.271,243.176
50460,-13.538089594,9.000000000, 7500,170.614,202.988,44.530,243.265
50520,-13.632413246,9.000000000, 7500,170.897,203.601,44.790,243.354
50580,-13.726736898,9.000000000, 7500,171.180,204.214,45.050,243.443
50640,-13.821060550,9.000000000, 7500,171.463,204.827,45.309,243.533
50700,-13.915384202,9.000000000, 7500,171.746,205.440,45.569,243.622
50760,-14.009707854,9.000000000, 7500,172.029,206.053,45.828,243.711
50820,-14.104031506,9.000000000, 7500,172.312,206.665,46.088,243.800
50880,-14.198355158,9.000000000, 7500,172.595,207.278,46.348,243.889
50940,-14.292678810,9.000000000, 7500,172.878,207.891,46.607,243.978
51000,-14.387002462,9.000000000, 7500,173.161,208.504,46.867,244.067
51060,-14.481326114,9.000000000, 7500,173.444,209.117,47.126,244.156
51120,-14.575649766,9.000000000, 7500,173.727,209.730,47.386,244.245
51180,-14.669973418,9.000000000, 7500,174.010,210.343,47.646,244.334
51240,-14.764297070,9.000000000, 7500,174.293,210.955,47.905,244.423
51300,-14.858620722,9.000000000, 7500,174.576,211.568,48.165,244.512
51360,-14.952944374,9.000000000, 7500,174.859,212.181,48.424,244.601
51420,-15.039582726,9.027213124, 7500,175.000,212.508,48.703,244.703
51480,-15.118570312,9.081517090, 7500,175.000,212.550,49.000,244.817
51540,-15.197557898,9.135821055, 7500,175.000,212.592,49.298,244.930
51600,-15.276545484,9.190125020, 7500,175.000,212.634,49.595,245.044
51660,-15.355533070,9.244428986, 7500,175.000,212.676,49.893,245.158
51720,-15.434520656,9.298732951, 7500,175.000,212.718,50.190,245.272
51780,-15.513508242,9.353036916, 7500,175.000,212.760,50.488,245.386
51840,-15.592495828,9.407340882, 7500,175.000,212.802,50.785,245.499
51900,-15.671483414,9.461644847, 7500,175.000,212.844,51.082,245.613
51960,-15.750471000,9.515948812, 7500,175.000,212.886,51.380,245.727
52020,-15.829458586,9.570252778, 7500,175.000,212.928,51.677,245.841
52080,-15.908446172,9.624556743, 7500,175.000,212.970,51.975,245.955
52140,-15.987433758,9.678860708, 7500,175.000,213.012,52.272,246.068
52200,-16.066421344,9.733164674, 7500,175.000,213.054,52.569,246.182
52260,-16.145408930,9.787468639, 7500,175.000,213.096,52.867,246.296
52320,-16.224396516,9.841772604, 7500,175.000,213.138,53.164,246.410
52380,-16.303384102,9.896076570, 7500,175.000,213.180,53.462,246.524
52440,-16.382371687,9.950380535, 7500,175.000,213.223,53.759,246.637
52500,-16.461359273,10.004684501, 7500,175.000,213.265,54.057,246.751
52560,-16.540346859,10.058988466, 7500,175.000,213.307,54.354,246.865
52620,-16.619334445,10.113292431, 7500,175.000,213.349,54.651,246.979
52680,-16.698322031,10.167596397, 7500,175.000,213.391,54.949,247.093
52740,-16.777309617,10.221900362, 7500,175.000,213.433,55.246,247.206
52800,-16.856297203,10.276204327, 7500,175.000,213.475,55.544,247.320
52860,-16.935284789,10.330508293, 7500,175.000,213.517,55.841,247.434
52920,-17.014272375,10.384812258, 7500,175.000,213.559,56.139,247.548
52980,-17.093259961,10.439116223, 7500,175.000,213.601,56.436,247.662
53040,-17.172247547,10.493420189, 7500,175.000,213.643,56.733,247.776
