src/Components/missions/ORACLES/Tracks/routine/ORACLES-Flt-plan_er2_20160901_RA_10S.ict
42, 1001
Samuel LeBlanc
NASA Ames Research Center
Simulated flight plan
ORACLES
1,1
2016,09,01,2016,09,01
60
Start_UTC, seconds from midnight UTC, time keeping
7
1,1,1,1,1,1,1
-9999,-9999,-9999,-9999,-9999,-9999,-9999
Latitude, Degrees (North positive), Planned latitude position of the aircraft
Longitude, Degrees (East positive), Planned longitude position of the aircraft
Altitude, meters (above sea level), Planned altitude of the aircraft
speed, meters per second (m/s), Estimated speed of aircraft
Bearing, degrees from north, Direction of travel of the plane per respect to north
SZA, degrees from zenith, Elevation position of the sun in the sky per respect to zenith
AZI, degrees from north, Azimuthal position of the sun in the sky per respect to north
1
Simulated aircraft data interpolated from flight plan waypoints
20
-----------------------------------------------------------------------------
PI_CONTACT_INFO: Samuel LeBlanc, samuel.leblanc@nasa.gov
PLATFORM: er2
LOCATION: N/A
ASSOCIATED_DATA: N/A
INSTRUMENT_INFO: None
DATA_INFO: Compiled with flight planner: moving lines v0.8beta
UNCERTAINTY: Undefined
ULOD_FLAG: -7777
ULOD_VALUE: N/A
LLOD_FLAG: -8888
LLOD_VALUE: N/A
DM_CONTACT_INFO: See PI
PROJECT_INFO: ORACLES
STIPULATIONS_ON_USE: None
OTHER_COMMENTS: N/A
REVISION: RA
RA: First iteration of the flight plan
-----------------------------------------------------------------------------
Start_UTC,Latitude,Longitude,Altitude,speed,Bearing,SZA,AZI
25200,-22.979716667,14.645283333,   95,150.000,36.363,66.622,110.459
25260,-22.910073599,14.590384026,  421,150.441,36.253,66.429,110.533
25320,-22.840430532,14.535484718,  748,150.882,36.143,66.235,110.607
25380,-22.770787464,14.480585410, 1074,151.323,36.033,66.042,110.681
25440,-22.701144396,14.425686103, 1401,151.763,35.923,65.849,110.755
25500,-22.631501329,14.370786795, 1727,152.204,35.812,65.655,110.828
25560,-22.561858261,14.315887487, 2054,152.645,35.702,65.462,110.902
25620,-22.492215194,14.260988180, 2380,153.086,35.592,65.269,110.976
25680,-22.422572126,14.206088872, 2707,153.527,35.482,65.075,111.050
25740,-22.352929059,14.151189564, 3033,153.968,35.372,64.882,111.123
25800,-22.283285991,14.096290257, 3360,154.409,35.261,64.689,111.197
25860,-22.213642924,14.041390949, 3686,154.849,35.151,64.495,111.271
25920,-22.143999856,13.986491641, 4012,155.290,35.041,64.302,111.345
25980,-22.074356789,13.931592334, 4339,155.731,34.931,64.109,111.419
26040,-22.004713721,13.876693026, 4665,156.172,34.821,63.915,111.492
26100,-21.935070653,13.821793718, 4992,156.613,34.710,63.722,111.566
26160,-21.865427586,13.766894411, 5318,157.054,34.600,63.529,111.640
26220,-21.795784518,13.711995103, 5645,157.495,34.490,63.335,111.714
26280,-21.726141451,13.657095795, 5971,157.935,34.380,63.142,111.787
26340,-21.656498383,13.602196488, 6298,158.376,34.270,62.949,111.861
26400,-21.586855316,13.547297180, 6624,158.817,34.159,62.755,111.935
26460,-21.517212248,13.492397872, 6951,159.258,34.049,62.562,112.009
26520,-21.447569181,13.437498565, 7277,159.699,33.939,62.369,112.082
26580,-21.375114153,13.382890980, 7500,160.058,34.083,62.173,112.154
26640,-21.296599359,13.328912059, 7500,160.242,34.776,61.971,112.221
26700,-21.218084564,13.274933138, 7500,160.426,35.468,61.769,112.288
26760,-21.139569770,13.220954217, 7500,160.610,36.160,61.567,112.355
26820,-21.061054975,13.166975295, 7500,160.794,36.853,61.365,112.422
26880,-20.982540181,13.112996374, 7500,160.978,37.545,61.164,112.489
26940,-20.904025386,13.059017453, 7500,161.162,38.237,60.962,112.556
27000,-20.825510591,13.005038532, 7500,161.346,38.930,60.760,112.623
27060,-20.746995797,12.951059610, 7500,161.530,39.622,60.558,112.690
27120,-20.668481002,12.897080689, 7500,161.714,40.314,60.356,112.757
27180,-20.589966208,12.843101768, 7500,161.899,41.007,60.155,112.824
27240,-20.511451413,12.789122847, 7500,162.083,41.699,59.953,112.891
27300,-20.432936619,12.735143925, 7500,162.267,42.391,59.751,112.958
27360,-20.354421824,12.681165004, 7500,162.451,43.084,59.549,113.025
27420,-20.275907029,12.627186083, 7500,162.635,43.776,59.347,113.092
27480,-20.197392235,12.573207161, 7500,162.819,44.468,59.146,113.159
27540,-20.118877440,12.519228240, 7500,163.003,45.161,58.944,113.226
27600,-20.040362646,12.465249319, 7500,163.187,45.853,58.742,113.293
27660,-19.961847851,12.411270398, 7500,163.371,46.545,58.540,113.359
27720,-19.883333057,12.357291476, 7500,163.555,47.238,58.338,113.426
27780,-19.804818262,12.303312555, 7500,163.739,47.930,58.137,113.493
27840,-19.726303468,12.249333634, 7500,163.923,48.622,57.935,113.560
27900,-19.647788673,12.195354713, 7500,164.107,49.315,57.733,113.627
27960,-19.569273878,12.141375791, 7500,164.291,50.007,57.531,113.694
28020,-19.490759084,12.087396870, 7500,164.475,50.699,57.329,113.761
28080,-19.412244289,12.033417949, 7500,164.659,51.392,57.128,113.828
28140,-19.333729495,11.979439028, 7500,164.843,52.084,56.926,113.895
28200,-19.255214700,11.925460106, 7500,165.027,52.776,56.724,113.962
28260,-19.176699906,11.871481185, 7500,165.211,53.469,56.522,114.029
28320,-19.098185111,11.817502264, 7500,165.395,54.161,56.321,114.096
28380,-19.019670316,11.763523343, 7500,165.579,54.853,56.119,114.163
28440,-18.941155522,11.709544421, 7500,165.763,55.546,55.917,114.230
28500,-18.862640727,11.655565500, 7500,165.947,56.238,55.715,114.297
28560,-18.784125933,11.601586579, 7500,166.131,56.930,55.513,114.364
28620,-18.705611138,11.547607658, 7500,166.315,57.623,55.312,114.431
28680,-18.627096344,11.493628736, 7500,166.499,58.315,55.110,114.498
28740,-18.548581549,11.439649815, 7500,166.683,59.007,54.908,114.565
28800,-18.470066755,11.385670894, 7500,166.867,59.700,54.706,114.632
28860,-18.391551960,11.331691972, 7500,167.051,60.392,54.504,114.699
28920,-18.313037165,11.277713051, 7500,167.235,61.084,54.303,114.766
28980,-18.234522371,11.223734130, 7500,167.419,61.777,54.101,114.833
29040,-18.156007576,11.169755209, 7500,167.603,62.469,53.899,114.900
29100,-18.077492782,11.115776287, 7500,167.787,63.161,53.697,114.967
29160,-17.998977987,11.061797366, 7500,167.971,63.854,53.495,115.034
29220,-17.920463193,11.007818445, 7500,168.155,64.546,53.294,115.101
29280,-17.841948398,10.953839524, 7500,168.339,65.238,53.092,115.168
29340,-17.763433603,10.899860602, 7500,168.523,65.931,52.890,115.235
29400,-17.684918809,10.845881681, 7500,168.707,66.623,52.688,115.301
29460,-17.606404014,10.791902760, 7500,168.891,67.315,52.486,115.368
29520,-17.527889220,10.737923839, 7500,169.075,68.008,52.285,115.435
29580,-17.449374425,10.683944917, 7500,169.259,68.700,52.083,115.502
29640,-17.370859631,10.629965996, 7500,169.443,69.392,51.881,115.569
29700,-17.292344836,10.575987075, 7500,169.627,70.085,51.679,115.636
29760,-17.213830041,10.522008154, 7500,169.811,70.777,51.477,115.703
29820,-17.135315247,10.468029232, 7500,169.995,71.469,51.276,115.770
29880,-17.056800452,10.414050311, 7500,170.179,72.162,51.074,115.837
29940,-16.978285658,10.360071390, 7500,170.363,72.854,50.872,115.904
30000,-16.899770863,10.306092468, 7500,170.547,73.546,50.670,115.971
30060,-16.821256069,10.252113547, 7500,170.731,74.239,50.468,116.038
30120,-16.742741274,10.198134626, 7500,170.915,74.931,50.267,116.105
30180,-16.664226480,10.144155705, 7500,171.099,75.623,50.065,116.172
30240,-16.585711685,10.090176783, 7500,171.283,76.316,49.863,116.239
30300,-16.507196890,10.036197862, 7500,171.468,77.008,49.661,116.306
30360,-16.428682096,9.982218941, 7500,171.652,77.700,49.459,116.373
30420,-16.350167301,9.928240020, 7500,171.836,78.393,49.258,116.440
30480,-16.271652507,9.874261098, 7500,172.020,79.085,49.056,116.507
30540,-16.193137712,9.820282177, 7500,172.204,79.777,48.854,116.574
30600,-16.114622918,9.766303256, 7500,172.388,80.470,48.652,116.641
30660,-16.036108123,9.712324335, 7500,172.572,81.162,48.450,116.708
30720,-15.957593328,9.658345413, 7500,172.756,81.854,48.249,116.775
30780,-15.879078534,9.604366492, 7500,172.940,82.547,48.047,116.842
30840,-15.800563739,9.550387571, 7500,173.124,83.239,47.845,116.909
30900,-15.722048945,9.496408650, 7500,173.308,83.931,47.643,116.976
30960,-15.643534150,9.442429728, 7500,173.492,84.624,47.441,117.043
31020,-15.565019356,9.388450807, 7500,173.676,85.316,47.240,117.110
31080,-15.486504561,9.334471886, 7500,173.860,86.008,47.038,117.177
31140,-15.407989767,9.280492964, 7500,174.044,86.701,46.836,117.244
31200,-15.329474972,9.226514043, 7500,174.228,87.393,46.634,117.310
31260,-15.250960177,9.172535122, 7500,174.412,88.085,46.432,117.377
31320,-15.172445383,9.118556201, 7500,174.596,88.778,46.231,117.444
31380,-15.093930588,9.064577279, 7500,174.780,89.470,46.029,117.511
31440,-15.015415794,9.010598358, 7500,174.964,90.162,45.827,117.578
31500,-14.999987784,8.938346120, 7333,174.035,90.294,45.670,117.697
31560,-14.999972583,8.861629505, 7124,172.833,90.288,45.525,117.829
31620,-14.999957382,8.784912891, 6916,171.632,90.283,45.379,117.961
31680,-14.999942182,8.708196276, 6708,170.430,90.278,45.233,118.093
31740,-14.999926981,8.631479662, 6500,169.229,90.272,45.088,118.225
31800,-14.999911780,8.554763047, 6291,168.028,90.267,44.942,118.357
31860,-14.999896580,8.478046433, 6083,166.826,90.261,44.796,118.488
31920,-14.999881379,8.401329818, 5875,165.625,90.256,44.651,118.620
31980,-14.999866178,8.324613203, 5667,164.424,90.251,44.505,118.752
32040,-14.999850978,8.247896589, 5459,163.222,90.245,44.360,118.884
32100,-14.999835777,8.171179974, 5250,162.021,90.240,44.214,119.016
32160,-14.999820576,8.094463360, 5042,160.820,90.234,44.068,119.148
32220,-14.999805376,8.017746745, 4834,159.618,90.229,43.923,119.280
32280,-14.999790175,7.941030131, 4626,158.417,90.224,43.777,119.411
32340,-14.999774974,7.864313516, 4417,157.216,90.218,43.631,119.543
32400,-14.999759773,7.787596902, 4209,156.014,90.213,43.486,119.675
32460,-14.999744573,7.710880287, 4001,154.813,90.207,43.340,119.807
32520,-14.999729372,7.634163672, 3793,153.611,90.202,43.194,119.939
32580,-14.999714171,7.557447058, 3584,152.410,90.197,43.049,120.071
32640,-14.999698971,7.480730443, 3376,151.209,90.191,42.903,120.202
32700,-14.999683770,7.404013829, 3168,150.007,90.186,42.757,120.334
32760,-14.999668569,7.327297214, 2960,148.806,90.180,42.612,120.466
32820,-14.999653369,7.250580600, 2751,147.605,90.175,42.466,120.598
32880,-14.999638168,7.173863985, 2543,146.403,90.169,42.320,120.730
32940,-14.999622967,7.097147371, 2335,145.202,90.164,42.175,120.862
33000,-14.999607766,7.020430756, 2127,144.001,90.159,42.029,120.993
33060,-14.999592566,6.943714141, 1919,142.799,90.153,41.883,121.125
33120,-14.999577365,6.866997527, 1710,141.598,90.148,41.738,121.257
33180,-14.999562164,6.790280912, 1502,140.397,90.142,41.592,121.389
33240,-14.999546964,6.713564298, 1294,139.195,90.137,41.446,121.521
33300,-14.999531763,6.636847683, 1086,137.994,90.132,41.301,121.653
33360,-14.999525514,6.562625473, 1043,137.180,90.175,41.156,121.798
33420,-14.999525514,6.490144434, 1115,136.636,90.252,41.012,121.954
33480,-14.999525514,6.417663395, 1188,136.093,90.330,40.867,122.109
33540,-14.999525514,6.345182356, 1260,135.549,90.407,40.723,122.265
33600,-14.999525514,6.272701317, 1333,135.005,90.484,40.578,122.420
33660,-14.999525514,6.200220278, 1405,134.462,90.562,40.434,122.575
33720,-14.999525514,6.127739238, 1478,133.918,90.639,40.290,122.731
33780,-14.999525514,6.055258199, 1550,133.375,90.716,40.145,122.886
33840,-14.999525514,5.982777160, 1623,132.831,90.794,40.001,123.041
33900,-14.999525514,5.910296121, 1695,132.287,90.871,39.857,123.197
33960,-14.999525514,5.837815082, 1767,131.744,90.949,39.712,123.352
34020,-14.999525514,5.765334043, 1840,131.200,91.026,39.568,123.508
34080,-14.999525514,5.692853004, 1912,130.657,91.103,39.424,123.663
34140,-14.999525514,5.620371965, 1985,130.113,91.181,39.279,123.818
34200,-14.999528608,5.545293964, 1993,130.049,92.355,39.159,124.048
34260,-14.999532513,5.469534784, 1985,130.111,93.816,39.045,124.298
34320,-14.999536418,5.393775604, 1977,130.172,95.278,38.931,124.548
34380,-14.999540323,5.318016424, 1969,130.234,96.740,38.818,124.797
34440,-14.999544228,5.242257245, 1961,130.296,98.202,38.704,125.047
34500,-14.999548133,5.166498065, 1952,130.358,99.663,38.590,125.297
34560,-14.999552038,5.090738885, 1944,130.419,101.125,38.476,125.546
34620,-14.999555943,5.014979705, 1936,130.481,102.587,38.362,125.796
34680,-14.999559848,4.939220525, 1928,130.543,104.049,38.249,126.046
34740,-14.999563753,4.863461345, 1919,130.604,105.510,38.135,126.295
34800,-14.999567658,4.787702165, 1911,130.666,106.972,38.021,126.545
34860,-14.999571563,4.711942985, 1903,130.728,108.434,37.907,126.794
34920,-14.999575468,4.636183805, 1895,130.790,109.896,37.793,127.044
34980,-14.999579373,4.560424625, 1886,130.851,111.357,37.679,127.294
35040,-14.999583278,4.484665445, 1878,130.913,112.819,37.566,127.543
35100,-14.999587183,4.408906265, 1870,130.975,114.281,37.452,127.793
35160,-14.999591088,4.333147085, 1862,131.036,115.743,37.338,128.043
35220,-14.999594993,4.257387905, 1854,131.098,117.204,37.224,128.292
35280,-14.999598898,4.181628725, 1845,131.160,118.666,37.110,128.542
35340,-14.999602803,4.105869546, 1837,131.222,120.128,36.997,128.792
35400,-14.999606708,4.030110366, 1829,131.283,121.590,36.883,129.041
35460,-14.999610613,3.954351186, 1821,131.345,123.051,36.769,129.291
35520,-14.999614518,3.878592006, 1812,131.407,124.513,36.655,129.541
35580,-14.999618423,3.802832826, 1804,131.469,125.975,36.541,129.790
35640,-14.999622328,3.727073646, 1796,131.530,127.437,36.428,130.040
35700,-14.999626233,3.651314466, 1788,131.592,128.898,36.314,130.289
35760,-14.999630138,3.575555286, 1780,131.654,130.360,36.200,130.539
35820,-14.999634043,3.499796106, 1771,131.715,131.822,36.086,130.789
35880,-14.999637948,3.424036926, 1763,131.777,133.283,35.972,131.038
35940,-14.999641853,3.348277746, 1755,131.839,134.745,35.858,131.288
36000,-14.999645758,3.272518566, 1747,131.901,136.207,35.745,131.538
36060,-14.999649663,3.196759386, 1738,131.962,137.669,35.631,131.787
36120,-14.999653568,3.121000206, 1730,132.024,139.130,35.517,132.037
36180,-14.999657472,3.045241027, 1722,132.086,140.592,35.403,132.287
36240,-14.999661377,2.969481847, 1714,132.148,142.054,35.289,132.536
36300,-14.999665282,2.893722667, 1705,132.209,143.516,35.176,132.786
36360,-14.999669187,2.817963487, 1697,132.271,144.977,35.062,133.036
36420,-14.999673092,2.742204307, 1689,132.333,146.439,34.948,133.285
36480,-14.999676997,2.666445127, 1681,132.394,147.901,34.834,133.535
36540,-14.999680902,2.590685947, 1673,132.456,149.363,34.720,133.784
36600,-14.999684807,2.514926767, 1664,132.518,150.824,34.607,134.034
36660,-14.999688712,2.439167587, 1656,132.580,152.286,34.493,134.284
36720,-14.999692617,2.363408407, 1648,132.641,153.748,34.379,134.533
36780,-14.999696522,2.287649227, 1640,132.703,155.210,34.265,134.783
36840,-14.999700427,2.211890047, 1631,132.765,156.671,34.151,135.033
36900,-14.999704332,2.136130867, 1623,132.827,158.133,34.037,135.282
36960,-14.999708237,2.060371687, 1615,132.888,159.595,33.924,135.532
37020,-14.999712142,1.984612508, 1607,132.950,161.057,33.810,135.782
37080,-14.999716047,1.908853328, 1598,133.012,162.518,33.696,136.031
37140,-14.999719952,1.833094148, 1590,133.073,163.980,33.582,136.281
37200,-14.999723857,1.757334968, 1582,133.135,165.442,33.468,136.531
37260,-14.999727762,1.681575788, 1574,133.197,166.904,33.355,136.780
37320,-14.999731667,1.605816608, 1566,133.259,168.365,33.241,137.030
37380,-14.999735572,1.530057428, 1557,133.320,169.827,33.127,137.279
37440,-14.999739477,1.454298248, 1549,133.382,171.289,33.013,137.529
37500,-14.999743382,1.378539068, 1541,133.444,172.751,32.899,137.779
37560,-14.999747287,1.302779888, 1533,133.505,174.212,32.785,138.028
37620,-14.999751192,1.227020708, 1524,133.567,175.674,32.672,138.278
37680,-14.999755097,1.151261528, 1516,133.629,177.136,32.558,138.528
37740,-14.999759002,1.075502348, 1508,133.691,178.597,32.444,138.777
37800,-14.999762907,0.999743168, 1500,133.752,180.059,32.330,139.027
37860,-14.999766812,0.923983988, 1491,133.814,181.521,32.216,139.277
37920,-14.999770717,0.848224809, 1483,133.876,182.983,32.103,139.526
37980,-14.999774622,0.772465629, 1475,133.938,184.444,31.989,139.776
38040,-14.999778527,0.696706449, 1467,133.999,185.906,31.875,140.026
38100,-14.999782432,0.620947269, 1459,134.061,187.368,31.761,140.275
38160,-14.999786337,0.545188089, 1450,134.123,188.830,31.647,140.525
38220,-14.999790242,0.469428909, 1442,134.184,190.291,31.534,140.774
38280,-14.999794147,0.393669729, 1434,134.246,191.753,31.420,141.024
38340,-14.999798052,0.317910549, 1426,134.308,193.215,31.306,141.274
38400,-14.999801957,0.242151369, 1417,134.370,194.677,31.192,141.523
38460,-14.999805862,0.166392189, 1409,134.431,196.138,31.078,141.773
38520,-14.999809767,0.090633009, 1401,134.493,197.600,30.964,142.023
38580,-14.999813672,0.014873829, 1393,134.555,199.062,30.851,142.272
38640,-14.999817577,-0.060885351, 1384,134.617,200.524,30.737,142.522
38700,-14.999821482,-0.136644531, 1376,134.678,201.985,30.623,142.772
38760,-14.999825387,-0.212403710, 1368,134.740,203.447,30.509,143.021
38820,-14.999829292,-0.288162890, 1360,134.802,204.909,30.395,143.271
38880,-14.999833197,-0.363922070, 1352,134.863,206.371,30.282,143.521
38940,-14.999837102,-0.439681250, 1343,134.925,207.832,30.168,143.770
39000,-14.999841007,-0.515440430, 1335,134.987,209.294,30.054,144.020
39060,-14.999844912,-0.591199610, 1327,135.049,210.756,29.940,144.269
