src/Components/missions/ORACLES/Tracks/routine/ORACLES-Flt-plan_p3_20160901_RA_12S.ict
42, 1001
Samuel LeBlanc
NASA Ames Research Center
Simulated flight plan
ORACLES
1,1
2016,09,01,2016,09,01
60
Start_UTC, seconds from midnight UTC, time keeping
7
1,1,1,1,1,1,1
-9999,-9999,-9999,-9999,-9999,-9999,-9999
Latitude, Degrees (North positive), Planned latitude position of the aircraft
Longitude, Degrees (East positive), Planned longitude position of the aircraft
Altitude, meters (above sea level), Planned altitude of the aircraft
speed, meters per second (m/s), Estimated speed of aircraft
Bearing, degrees from north, Direction of travel of the plane per respect to north
SZA, degrees from zenith, Elevation position of the sun in the sky per respect to zenith
AZI, degrees from north, Azimuthal position of the sun in the sky per respect to north
1
Simulated aircraft data interpolated from flight plan waypoints
20
-----------------------------------------------------------------------------
PI_CONTACT_INFO: Samuel LeBlanc, samuel.leblanc@nasa.gov
PLATFORM: p3
LOCATION: N/A
ASSOCIATED_DATA: N/A
INSTRUMENT_INFO: None
DATA_INFO: Compiled with flight planner: moving lines v0.8beta
UNCERTAINTY: Undefined
ULOD_FLAG: -7777
ULOD_VALUE: N/A
LLOD_FLAG: -8888
LLOD_VALUE: N/A
DM_CONTACT_INFO: See PI
PROJECT_INFO: ORACLES
STIPULATIONS_ON_USE: None
OTHER_COMMENTS: N/A
REVISION: RA
RA: First iteration of the flight plan
-----------------------------------------------------------------------------
Start_UTC,Latitude,Longitude,Altitude,speed,Bearing,SZA,AZI
[from data line 466]
53160,-17.330222719,10.602028119, 7500,175.000,213.727,57.328,248.003
53220,-17.409210305,10.656332085, 7500,175.000,213.769,57.626,248.117
53280,-17.488197891,10.710636050, 7500,175.000,213.811,57.923,248.231
53340,-17.567185477,10.764940015, 7500,175.000,213.853,58.221,248.345
53400,-17.646173063,10.819243981, 7500,175.000,213.895,58.518,248.458
53460,-17.725160649,10.873547946, 7500,175.000,213.937,58.815,248.572
53520,-17.804148235,10.927851911, 7500,175.000,213.979,59.113,248.686
53580,-17.883135821,10.982155877, 7500,175.000,214.021,59.410,248.800
53640,-17.962123407,11.036459842, 7500,175.000,214.063,59.708,248.914
53700,-18.041110993,11.090763808, 7500,175.000,214.105,60.005,249.027
53760,-18.120098579,11.145067773, 7500,175.000,214.147,60.302,249.141
53820,-18.199086165,11.199371738, 7500,175.000,214.189,60.600,249.255
53880,-18.278073751,11.253675704, 7500,175.000,214.231,60.897,249.369
53940,-18.357061337,11.307979669, 7500,175.000,214.273,61.195,249.483
54000,-18.436048923,11.362283634, 7500,175.000,214.315,61.492,249.596
54060,-18.515036509,11.416587600, 7500,175.000,214.358,61.790,249.710
54120,-18.594024094,11.470891565, 7500,175.000,214.400,62.087,249.824
54180,-18.673011680,11.525195530, 7500,175.000,214.442,62.384,249.938
54240,-18.751999266,11.579499496, 7500,175.000,214.484,62.682,250.052
54300,-18.830986852,11.633803461, 7500,175.000,214.526,62.979,250.165
54360,-18.909974438,11.688107426, 7500,175.000,214.568,63.277,250.279
54420,-18.988962024,11.742411392, 7500,175.000,214.610,63.574,250.393
54480,-19.067949610,11.796715357, 7500,175.000,214.652,63.872,250.507
54540,-19.146937196,11.851019322, 7500,175.000,214.694,64.169,250.621
54600,-19.225924782,11.905323288, 7500,175.000,214.736,64.466,250.734
54660,-19.304912368,11.959627253, 7500,175.000,214.778,64.764,250.848
54720,-19.383899954,12.013931218, 7500,175.000,214.820,65.061,250.962
54780,-19.462887540,12.068235184, 7500,175.000,214.862,65.359,251.076
54840,-19.541875126,12.122539149, 7500,175.000,214.904,65.656,251.190
54900,-19.620862712,12.176843115, 7500,175.000,214.946,65.954,251.304
54960,-19.699850298,12.231147080, 7500,175.000,214.988,66.251,251.417
55020,-19.778837884,12.285451045, 7500,175.000,215.030,66.548,251.531
55080,-19.857825470,12.339755011, 7500,175.000,215.072,66.846,251.645
55140,-19.936813056,12.394058976, 7500,175.000,215.114,67.143,251.759
55200,-20.015800642,12.448362941, 7500,175.000,215.156,67.441,251.873
55260,-20.094788228,12.502666907, 7500,175.000,215.198,67.738,251.986
55320,-20.173775814,12.556970872, 7500,175.000,215.240,68.035,252.100
55380,-20.252763400,12.611274837, 7500,175.000,215.282,68.333,252.214
55440,-20.331750986,12.665578803, 7500,175.000,215.324,68.630,252.328
55500,-20.410738572,12.719882768, 7500,175.000,215.366,68.928,252.442
55560,-20.489726158,12.774186733, 7500,175.000,215.408,69.225,252.555
55620,-20.568713744,12.828490699, 7500,175.000,215.450,69.523,252.669
55680,-20.647701330,12.882794664, 7500,175.000,215.493,69.820,252.783
55740,-20.726688916,12.937098629, 7500,175.000,215.535,70.117,252.897
55800,-20.805676501,12.991402595, 7500,175.000,215.577,70.415,253.011
55860,-20.884664087,13.045706560, 7500,175.000,215.619,70.712,253.124
55920,-20.963651673,13.100010525, 7500,175.000,215.661,71.010,253.238
55980,-21.042639259,13.154314491, 7500,175.000,215.703,71.307,253.352
56040,-21.121626845,13.208618456, 7500,175.000,215.745,71.605,253.466
56100,-21.200614431,13.262922422, 7500,175.000,215.787,71.902,253.580
56160,-21.279602017,13.317226387, 7500,175.000,215.829,72.199,253.693
56220,-21.358589603,13.371530352, 7500,175.000,215.871,72.497,253.807
56280,-21.430446743,13.424001027, 7357,175.000,215.902,72.788,253.922
56340,-21.494446068,13.474451398, 7057,175.000,215.921,73.072,254.038
56400,-21.558445393,13.524901769, 6757,175.000,215.940,73.356,254.154
56460,-21.622444717,13.575352141, 6457,175.000,215.959,73.639,254.270
56520,-21.686444042,13.625802512, 6157,175.000,215.978,73.923,254.386
56580,-21.750443367,13.676252883, 5857,175.000,215.997,74.207,254.502
56640,-21.814442692,13.726703255, 5557,175.000,216.016,74.491,254.618
56700,-21.878442017,13.777153626, 5257,175.000,216.035,74.775,254.734
56760,-21.942441341,13.827603998, 4957,175.000,216.054,75.059,254.850
56820,-22.006440666,13.878054369, 4657,175.000,216.073,75.343,254.966
56880,-22.070439991,13.928504740, 4357,175.000,216.093,75.627,255.083
56940,-22.134439316,13.978955112, 4057,175.000,216.112,75.911,255.199
57000,-22.198438640,14.029405483, 3757,175.000,216.131,76.194,255.315
57060,-22.262437965,14.079855854, 3457,175.000,216.150,76.478,255.431
57120,-22.326437290,14.130306226, 3157,175.000,216.169,76.762,255.547
57180,-22.390436615,14.180756597, 2857,175.000,216.188,77.046,255.663
57240,-22.454435940,14.231206969, 2557,175.000,216.207,77.330,255.779
57300,-22.518435264,14.281657340, 2257,175.000,216.226,77.614,255.895
57360,-22.582434589,14.332107711, 1957,175.000,216.245,77.898,256.011
57420,-22.646433914,14.382558083, 1657,175.000,216.264,78.182,256.127
57480,-22.710433239,14.433008454, 1357,175.000,216.283,78.466,256.243
57540,-22.774432563,14.483458825, 1057,175.000,216.302,78.749,256.359
57600,-22.838431888,14.533909197,  757,175.000,216.321,79.033,256.475
57660,-22.902431213,14.584359568,  457,175.000,216.340,79.317,256.591
57720,-22.966430538,14.634809939,  157,175.000,216.359,79.601,256.707
