src/Components/missions/ORACLES/Tracks/routine/ORACLES-Flt-plan_er2_20160901_RA_15S.ict
42, 1001
Samuel LeBlanc
NASA Ames Research Center
Simulated flight plan
ORACLES
1,1
2016,09,01,2016,09,01
60
Start_UTC, seconds from midnight UTC, time keeping
7
1,1,1,1,1,1,1
-9999,-9999,-9999,-9999,-9999,-9999,-9999
Latitude, Degrees (North positive), Planned latitude position of the aircraft
Longitude, Degrees (East positive), Planned longitude position of the aircraft
Altitude, meters (above sea level), Planned altitude of the aircraft
speed, meters per second (m/s), Estimated speed of aircraft
Bearing, degrees from north, Direction of travel of the plane per respect to north
SZA, degrees from zenith, Elevation position of the sun in the sky per respect to zenith
AZI, degrees from north, Azimuthal position of the sun in the sky per respect to north
1
Simulated aircraft data interpolated from flight plan waypoints
20
-----------------------------------------------------------------------------
PI_CONTACT_INFO: Samuel LeBlanc, samuel.leblanc@nasa.gov
PLATFORM: er2
LOCATION: N/A
ASSOCIATED_DATA: N/A
INSTRUMENT_INFO: None
DATA_INFO: Compiled with flight planner: moving lines v0.8beta
UNCERTAINTY: Undefined
ULOD_FLAG: -7777
ULOD_VALUE: N/A
LLOD_FLAG: -8888
LLOD_VALUE: N/A
DM_CONTACT_INFO: See PI
PROJECT_INFO: ORACLES
STIPULATIONS_ON_USE: None
OTHER_COMMENTS: N/A
REVISION: RA
RA: First iteration of the flight plan
-----------------------------------------------------------------------------
Start_UTC,Latitude,Longitude,Altitude,speed,Bearing,SZA,AZI
[from data line 463]
52980,-16.517233285,10.038473204,19000,204.900,213.181,55.874,247.937
53040,-16.609751805,10.101797681,19000,204.900,213.222,56.185,248.045
53100,-16.702270325,10.165122158,19000,204.900,213.262,56.496,248.153
53160,-16.794788846,10.228446635,19000,204.900,213.303,56.807,248.261
53220,-16.887307366,10.291771112,19000,204.900,213.344,57.118,248.369
53280,-16.979825886,10.355095589,19000,204.900,213.384,57.429,248.477
53340,-17.072344407,10.418420066,19000,204.900,213.425,57.740,248.585
53400,-17.164862927,10.481744543,19000,204.900,213.465,58.051,248.693
53460,-17.257381447,10.545069020,19000,204.900,213.506,58.362,248.801
53520,-17.349899967,10.608393497,19000,204.900,213.546,58.673,248.909
53580,-17.442418488,10.671717974,19000,204.900,213.587,58.984,249.017
53640,-17.534937008,10.735042451,19000,204.900,213.627,59.295,249.125
53700,-17.627455528,10.798366928,19000,204.900,213.668,59.606,249.233
53760,-17.719974049,10.861691405,19000,204.900,213.709,59.917,249.341
53820,-17.812492569,10.925015882,19000,204.900,213.749,60.228,249.449
53880,-17.905011089,10.988340359,19000,204.900,213.790,60.539,249.557
53940,-17.997529609,11.051664836,19000,204.900,213.830,60.850,249.665
54000,-18.090048130,11.114989313,19000,204.900,213.871,61.161,249.773
54060,-18.182566650,11.178313790,19000,204.900,213.911,61.472,249.881
54120,-18.275085170,11.241638267,19000,204.900,213.952,61.783,249.989
54180,-18.367603691,11.304962744,19000,204.900,213.993,62.094,250.097
54240,-18.460122211,11.368287221,19000,204.900,214.033,62.405,250.205
54300,-18.552640731,11.431611698,19000,204.900,214.074,62.716,250.313
54360,-18.645159251,11.494936175,19000,204.900,214.114,63.027,250.421
54420,-18.737677772,11.558260652,19000,204.900,214.155,63.338,250.529
54480,-18.830196292,11.621585129,19000,204.900,214.195,63.649,250.637
54540,-18.922714812,11.684909606,19000,204.900,214.236,63.960,250.745
54600,-19.015233333,11.748234083,19000,204.900,214.276,64.271,250.853
54660,-19.107751853,11.811558560,19000,204.900,214.317,64.582,250.961
54720,-19.200270373,11.874883037,19000,204.900,214.358,64.893,251.069
54780,-19.292788893,11.938207513,19000,204.900,214.398,65.204,251.177
54840,-19.385307414,12.001531990,19000,204.900,214.439,65.515,251.285
54900,-19.477825934,12.064856467,19000,204.900,214.479,65.826,251.393
54960,-19.570344454,12.128180944,19000,204.900,214.520,66.137,251.501
55020,-19.662862975,12.191505421,19000,204.900,214.560,66.449,251.608
55080,-19.755381495,12.254829898,19000,204.900,214.601,66.760,251.716
55140,-19.847900015,12.318154375,19000,204.900,214.642,67.071,251.824
55200,-19.940418535,12.381478852,19000,204.900,214.682,67.382,251.932
55260,-20.032937056,12.444803329,19000,204.900,214.723,67.693,252.040
55320,-20.125455576,12.508127806,19000,204.900,214.763,68.004,252.148
55380,-20.217974096,12.571452283,19000,204.900,214.804,68.315,252.256
55440,-20.310492616,12.634776760,19000,204.900,214.844,68.626,252.364
55500,-20.403011137,12.698101237,19000,204.900,214.885,68.937,252.472
55560,-20.495529657,12.761425714,19000,204.900,214.925,69.248,252.580
55620,-20.588048177,12.824750191,19000,204.900,214.966,69.559,252.688
55680,-20.674164438,12.885704870,18793,204.900,215.000,69.863,252.799
55740,-20.748148287,12.942168734,18193,204.900,215.021,70.156,252.914
55800,-20.822132136,12.998632598,17593,204.900,215.042,70.449,253.030
55860,-20.896115986,13.055096463,16993,204.900,215.063,70.741,253.146
55920,-20.970099835,13.111560327,16393,204.900,215.084,71.034,253.261
55980,-21.044083684,13.168024191,15793,204.900,215.105,71.326,253.377
56040,-21.118067534,13.224488055,15193,204.900,215.126,71.619,253.493
56100,-21.192051383,13.280951919,14593,204.900,215.147,71.912,253.608
56160,-21.266035232,13.337415783,13993,204.900,215.168,72.204,253.724
56220,-21.340019082,13.393879648,13393,204.900,215.189,72.497,253.839
56280,-21.414002931,13.450343512,12793,204.900,215.210,72.790,253.955
56340,-21.487986780,13.506807376,12193,204.900,215.231,73.082,254.071
56400,-21.561970630,13.563271240,11593,204.900,215.252,73.375,254.186
56460,-21.635954479,13.619735104,10993,204.900,215.273,73.667,254.302
56520,-21.709938328,13.676198968,10393,204.900,215.294,73.960,254.418
56580,-21.783922178,13.732662833, 9793,204.900,215.315,74.253,254.533
56640,-21.857906027,13.789126697, 9193,204.900,215.336,74.545,254.649
56700,-21.931889876,13.845590561, 8593,204.900,215.357,74.838,254.765
56760,-22.005873726,13.902054425, 7993,204.900,215.378,75.131,254.880
56820,-22.079857575,13.958518289, 7393,204.900,215.399,75.423,254.996
56880,-22.153841424,14.014982154, 6793,204.900,215.420,75.716,255.111
56940,-22.227825273,14.071446018, 6193,204.900,215.441,76.008,255.227
57000,-22.301809123,14.127909882, 5593,204.900,215.462,76.301,255.343
57060,-22.375792972,14.184373746, 4993,204.900,215.483,76.594,255.458
57120,-22.449776821,14.240837610, 4393,204.900,215.504,76.886,255.574
57180,-22.523760671,14.297301474, 3793,204.900,215.525,77.179,255.690
57240,-22.597744520,14.353765339, 3193,204.900,215.546,77.471,255.805
57300,-22.671728369,14.410229203, 2593,204.900,215.567,77.764,255.921
57360,-22.745712219,14.466693067, 1993,204.900,215.587,78.057,256.036
57420,-22.819696068,14.523156931, 1393,204.900,215.608,78.349,256.152
57480,-22.893679917,14.579620795,  793,204.900,215.629,78.642,256.268
57540,-22.967663767,14.636084659,  193,204.900,215.650,78.935,256.383
