src/Components/missions/ORACLES/Tracks/routine/ORACLES-Flt-plan_p3_20160901_RA.ict
42, 1001
Samuel LeBlanc
NASA Ames Research Center
Simulated flight plan
ORACLES
1,1
2016,09,01,2016,09,01
60
Start_UTC, seconds from midnight UTC, time keeping
7
1,1,1,1,1,1,1
-9999,-9999,-9999,-9999,-9999,-9999,-9999
Latitude, Degrees (North positive), Planned latitude position of the aircraft
Longitude, Degrees (East positive), Planned longitude position of the aircraft
Altitude, meters (above sea level), Planned altitude of the aircraft
speed, meters per second (m/s), Estimated speed of aircraft
Bearing, degrees from north, Direction of travel of the plane per respect to north
SZA, degrees from zenith, Elevation position of the sun in the sky per respect to zenith
AZI, degrees from north, Azimuthal position of the sun in the sky per respect to north
1
Simulated aircraft data interpolated from flight plan waypoints
20
-----------------------------------------------------------------------------
PI_CONTACT_INFO: Samuel LeBlanc, samuel.leblanc@nasa.gov
PLATFORM: p3
LOCATION: N/A
ASSOCIATED_DATA: N/A
INSTRUMENT_INFO: None
DATA_INFO: Compiled with flight planner: moving lines v0.8beta
UNCERTAINTY: Undefined
ULOD_FLAG: -7777
ULOD_VALUE: N/A
LLOD_FLAG: -8888
LLOD_VALUE: N/A
DM_CONTACT_INFO: See PI
PROJECT_INFO: ORACLES
STIPULATIONS_ON_USE: None
OTHER_COMMENTS: N/A
REVISION: RA
RA: First iteration of the flight plan
-----------------------------------------------------------------------------
Start_UTC,Latitude,Longitude,Altitude,speed,Bearing,SZA,AZI
[from data line 463]
52980,-15.000000000,7.347740038,19000,204.900,217.434,54.653,242.655
53040,-15.000000000,7.461760555,19000,204.900,217.095,54.863,243.174
53100,-15.000000000,7.575781071,19000,204.900,216.756,55.073,243.693
53160,-15.000000000,7.689801587,19000,204.900,216.416,55.282,244.212
53220,-15.000000000,7.803822103,19000,204.900,216.077,55.492,244.731
53280,-15.000000000,7.917842619,19000,204.900,215.737,55.702,245.250
53340,-15.000000000,8.031863135,19000,204.900,215.398,55.911,245.769
53400,-15.000000000,8.145883651,19000,204.900,215.059,56.121,246.288
53460,-15.000000000,8.259904167,19000,204.900,214.719,56.330,246.807
53520,-15.000000000,8.373924683,19000,204.900,214.380,56.540,247.326
53580,-15.000000000,8.487945199,19000,204.900,214.040,56.750,247.845
53640,-15.000000000,8.601965715,19000,204.900,213.701,56.959,248.364
53700,-15.000000000,8.715986232,19000,204.900,213.362,57.169,248.883
53760,-15.000000000,8.830006748,19000,204.900,213.022,57.379,249.402
53820,-15.000000000,8.944027264,19000,204.900,212.683,57.588,249.921
53880,-15.047101126,9.032238455,19000,204.900,212.537,57.850,250.225
53940,-15.139619646,9.095562932,19000,204.900,212.577,58.161,250.322
54000,-15.232138167,9.158887409,19000,204.900,212.618,58.472,250.419
54060,-15.324656687,9.222211886,19000,204.900,212.658,58.784,250.515
54120,-15.417175207,9.285536363,19000,204.900,212.699,59.095,250.612
54180,-15.509693727,9.348860840,19000,204.900,212.740,59.406,250.709
54240,-15.602212248,9.412185317,19000,204.900,212.780,59.717,250.805
54300,-15.694730768,9.475509794,19000,204.900,212.821,60.029,250.902
54360,-15.787249288,9.538834271,19000,204.900,212.861,60.340,250.999
54420,-15.879767808,9.602158748,19000,204.900,212.902,60.651,251.095
54480,-15.972286329,9.665483225,19000,204.900,212.942,60.963,251.192
54540,-16.064804849,9.728807702,19000,204.900,212.983,61.274,251.289
54600,-16.157323369,9.792132179,19000,204.900,213.024,61.585,251.385
54660,-16.249841890,9.855456656,19000,204.900,213.064,61.897,251.482
54720,-16.342360410,9.918781133,19000,204.900,213.105,62.208,251.579
54780,-16.434878930,9.982105610,19000,204.900,213.145,62.519,251.675
54840,-16.527397450,10.045430087,19000,204.900,213.186,62.830,251.772
54900,-16.619915971,10.108754564,19000,204.900,213.226,63.142,251.868
54960,-16.712434491,10.172079041,19000,204.900,213.267,63.453,251.965
55020,-16.804953011,10.235403518,19000,204.900,213.307,63.764,252.062
55080,-16.897471532,10.298727995,19000,204.900,213.348,64.076,252.158
55140,-16.989990052,10.362052472,19000,204.900,213.389,64.387,252.255
55200,-17.082508572,10.425376949,19000,204.900,213.429,64.698,252.352
55260,-17.175027092,10.488701426,19000,204.900,213.470,65.010,252.448
55320,-17.267545613,10.552025902,19000,204.900,213.510,65.321,252.545
55380,-17.360064133,10.615350379,19000,204.900,213.551,65.632,252.642
55440,-17.452582653,10.678674856,19000,204.900,213.591,65.943,252.738
55500,-17.545101174,10.741999333,19000,204.900,213.632,66.255,252.835
55560,-17.637619694,10.805323810,19000,204.900,213.673,66.566,252.932
55620,-17.730138214,10.868648287,19000,204.900,213.713,66.877,253.028
55680,-17.822656734,10.931972764,19000,204.900,213.754,67.189,253.125
55740,-17.915175255,10.995297241,19000,204.900,213.794,67.500,253.222
55800,-18.007693775,11.058621718,19000,204.900,213.835,67.811,253.318
55860,-18.100212295,11.121946195,19000,204.900,213.875,68.123,253.415
55920,-18.192730816,11.185270672,19000,204.900,213.916,68.434,253.511
55980,-18.285249336,11.248595149,19000,204.900,213.956,68.745,253.608
56040,-18.377767856,11.311919626,19000,204.900,213.997,69.056,253.705
56100,-18.470286376,11.375244103,19000,204.900,214.038,69.368,253.801
56160,-18.562804897,11.438568580,19000,204.900,214.078,69.679,253.898
56220,-18.655323417,11.501893057,19000,204.900,214.119,69.990,253.995
56280,-18.747841937,11.565217534,19000,204.900,214.159,70.302,254.091
56340,-18.840360458,11.628542011,19000,204.900,214.200,70.613,254.188
56400,-18.932878978,11.691866488,19000,204.900,214.240,70.924,254.285
56460,-19.025397498,11.755190965,19000,204.900,214.281,71.236,254.381
56520,-19.117916018,11.818515442,19000,204.900,214.321,71.547,254.478
56580,-19.210434539,11.881839919,19000,204.900,214.362,71.858,254.575
56640,-19.302953059,11.945164396,19000,204.900,214.403,72.169,254.671
56700,-19.395471579,12.008488873,19000,204.900,214.443,72.481,254.768
56760,-19.487990099,12.071813350,19000,204.900,214.484,72.792,254.865
56820,-19.580508620,12.135137827,19000,204.900,214.524,73.103,254.961
56880,-19.673027140,12.198462304,19000,204.900,214.565,73.415,255.058
56940,-19.765545660,12.261786781,19000,204.900,214.605,73.726,255.154
57000,-19.858064181,12.325111258,19000,204.900,214.646,74.037,255.251
57060,-19.950582701,12.388435735,19000,204.900,214.687,74.349,255.348
57120,-20.043101221,12.451760212,19000,204.900,214.727,74.660,255.444
57180,-20.135619741,12.515084689,19000,204.900,214.768,74.971,255.541
57240,-20.228138262,12.578409166,19000,204.900,214.808,75.283,255.638
57300,-20.320656782,12.641733643,19000,204.900,214.849,75.594,255.734
57360,-20.413175302,12.705058120,19000,204.900,214.889,75.905,255.831
57420,-20.505693823,12.768382597,19000,204.900,214.930,76.216,255.928
57480,-20.598212343,12.831707074,19000,204.900,214.970,76.528,256.024
57540,-20.665450624,12.879054560,18863,204.900,214.997,76.813,256.125
57600,-20.702442549,12.907286492,18563,204.900,215.008,77.068,256.230
57660,-20.739434474,12.935518424,18263,204.900,215.018,77.323,256.336
57720,-20.776426398,12.963750356,17963,204.900,215.029,77.577,256.441
57780,-20.813418323,12.991982288,17663,204.900,215.039,77.832,256.546
57840,-20.850410248,13.020214220,17363,204.900,215.050,78.087,256.652
57900,-20.887402172,13.048446152,17063,204.900,215.060,78.341,256.757
57960,-20.924394097,13.076678084,16763,204.900,215.071,78.596,256.863
58020,-20.961386022,13.104910016,16463,204.900,215.081,78.851,256.968
58080,-20.998377946,13.133141948,16163,204.900,215.092,79.106,257.073
58140,-21.035369871,13.161373880,15863,204.900,215.102,79.360,257.179
58200,-21.072361796,13.189605813,15563,204.900,215.113,79.615,257.284
58260,-21.109353720,13.217837745,15263,204.900,215.123,79.870,257.390
58320,-21.146345645,13.246069677,14963,204.900,215.134,80.124,257.495
58380,-21.183337570,13.274301609,14663,204.900,215.144,80.379,257.600
58440,-21.220329494,13.302533541,14363,204.900,215.155,80.634,257.706
58500,-21.257321419,13.330765473,14063,204.900,215.165,80.888,257.811
58560,-21.294313344,13.358997405,13763,204.900,215.176,81.143,257.916
58620,-21.331305268,13.387229337,13463,204.900,215.186,81.398,258.022
58680,-21.368297193,13.415461269,13163,204.900,215.197,81.653,258.127
58740,-21.405289118,13.443693201,12863,204.900,215.207,81.907,258.233
58800,-21.442281042,13.471925133,12563,204.900,215.218,82.162,258.338
58860,-21.479272967,13.500157066,12263,204.900,215.228,82.417,258.443
58920,-21.516264892,13.528388998,11963,204.900,215.239,82.671,258.549
58980,-21.553256816,13.556620930,11663,204.900,215.249,82.926,258.654
59040,-21.590248741,13.584852862,11363,204.900,215.260,83.181,258.760
59100,-21.627240666,13.613084794,11063,204.900,215.270,83.435,258.865
59160,-21.664232590,13.641316726,10763,204.900,215.281,83.690,258.970
59220,-21.701224515,13.669548658,10463,204.900,215.291,83.945,259.076
59280,-21.738216440,13.697780590,10163,204.900,215.302,84.199,259.181
59340,-21.775208364,13.726012522, 9863,204.900,215.312,84.454,259.286
59400,-21.812200289,13.754244454, 9563,204.900,215.323,84.709,259.392
59460,-21.849192214,13.782476386, 9263,204.900,215.333,84.964,259.497
59520,-21.886184138,13.810708318, 8963,204.900,215.344,85.218,259.603
59580,-21.923176063,13.838940251, 8663,204.900,215.354,85.473,259.708
59640,-21.960167988,13.867172183, 8363,204.900,215.365,85.728,259.813
59700,-21.997159912,13.895404115, 8063,204.900,215.375,85.982,259.919
59760,-22.034151837,13.923636047, 7763,204.900,215.386,86.237,260.024
59820,-22.071143762,13.951867979, 7463,204.900,215.396,86.492,260.129
59880,-22.108135686,13.980099911, 7163,204.900,215.407,86.746,260.235
59940,-22.145127611,14.008331843, 6863,204.900,215.417,87.001,260.340
60000,-22.182119536,14.036563775, 6563,204.900,215.428,87.256,260.446
60060,-22.219111460,14.064795707, 6263,204.900,215.438,87.511,260.551
60120,-22.256103385,14.093027639, 5963,204.900,215.449,87.765,260.656
60180,-22.293095310,14.121259571, 5663,204.900,215.459,88.020,260.762
60240,-22.330087234,14.149491504, 5363,204.900,215.470,88.275,260.867
60300,-22.367079159,14.177723436, 5063,204.900,215.480,88.529,260.973
60360,-22.404071084,14.205955368, 4763,204.900,215.491,88.784,261.078
60420,-22.441063008,14.234187300, 4463,204.900,215.501,89.039,261.183
60480,-22.478054933,14.262419232, 4163,204.900,215.512,89.293,261.289
60540,-22.515046858,14.290651164, 3863,204.900,215.522,89.548,261.394
60600,-22.552038782,14.318883096, 3563,204.900,215.533,89.803,261.499
60660,-22.589030707,14.347115028, 3263,204.900,215.543,90.058,261.605
60720,-22.626022632,14.375346960, 2963,204.900,215.554,90.312,261.710
60780,-22.663014556,14.403578892, 2663,204.900,215.564,90.567,261.816
60840,-22.700006481,14.431810824, 2363,204.900,215.575,90.822,261.921
60900,-22.736998406,14.460042756, 2063,204.900,215.585,91.076,262.026
60960,-22.773990330,14.488274689, 1763,204.900,215.596,91.331,262.132
61020,-22.810982255,14.516506621, 1463,204.900,215.606,91.586,262.237
61080,-22.847974180,14.544738553, 1163,204.900,215.617,91.840,262.343
61140,-22.884966104,14.572970485,  863,204.900,215.627,92.095,262.448
61200,-22.921958029,14.601202417,  563,204.900,215.637,92.350,262.553
61260,-22.958949954,14.629434349,  263,204.900,215.648,92.605,262.659
