src/Components/missions/ORACLES/Tracks/routine/ORACLES-Flt-plan_er2_20160901_RA.ict
42, 1001
Samuel LeBlanc
NASA Ames Research Center
Simulated flight plan
ORACLES
1,1
2016,09,01,2016,09,01
60
Start_UTC, seconds from midnight UTC, time keeping
7
1,1,1,1,1,1,1
-9999,-9999,-9999,-9999,-9999,-9999,-9999
Latitude, Degrees (North positive), Planned latitude position of the aircraft
Longitude, Degrees (East positive), Planned longitude position of the aircraft
Altitude, meters (above sea level), Planned altitude of the aircraft
speed, meters per second (m/s), Estimated speed of aircraft
Bearing, degrees from north, Direction of travel of the plane per respect to north
SZA, degrees from zenith, Elevation position of the sun in the sky per respect to zenith
AZI, degrees from north, Azimuthal position of the sun in the sky per respect to north
1
Simulated aircraft data interpolated from flight plan waypoints
20
-----------------------------------------------------------------------------
PI_CONTACT_INFO: Samuel LeBlanc, samuel.leblanc@nasa.gov
PLATFORM: er2
LOCATION: N/A
ASSOCIATED_DATA: N/A
INSTRUMENT_INFO: None
DATA_INFO: Compiled with flight planner: moving lines v0.8beta
UNCERTAINTY: Undefined
ULOD_FLAG: -7777
ULOD_VALUE: N/A
LLOD_FLAG: -8888
LLOD_VALUE: N/A
DM_CONTACT_INFO: See PI
PROJECT_INFO: ORACLES
STIPULATIONS_ON_USE: None
OTHER_COMMENTS: N/A
REVISION: RA
RA: First iteration of the flight plan
-----------------------------------------------------------------------------
Start_UTC,Latitude,Longitude,Altitude,speed,Bearing,SZA,AZI
25200,-22.979716667,14.645283333,   95,150.000,52.530,66.622,110.459
25260,-22.927014567,14.571571401,  493,150.538,52.334,66.451,110.531
25320,-22.874312467,14.497859468,  892,151.076,52.137,66.280,110.603
25380,-22.821610368,14.424147536, 1290,151.614,51.941,66.110,110.674
25440,-22.768908268,14.350435603, 1688,152.152,51.744,65.939,110.746
25500,-22.716206168,14.276723671, 2087,152.690,51.547,65.768,110.818
25560,-22.663504068,14.203011738, 2485,153.228,51.351,65.597,110.889
25620,-22.610801969,14.129299805, 2883,153.766,51.154,65.427,110.961
25680,-22.558099869,14.055587873, 3282,154.303,50.958,65.256,111.033
25740,-22.505397769,13.981875940, 3680,154.841,50.761,65.085,111.104
25800,-22.452695670,13.908164008, 4078,155.379,50.565,64.914,111.176
25860,-22.399993570,13.834452075, 4477,155.917,50.368,64.743,111.247
25920,-22.347291470,13.760740143, 4875,156.455,50.172,64.573,111.319
25980,-22.294589371,13.687028210, 5273,156.993,49.975,64.402,111.391
26040,-22.241887271,13.613316278, 5672,157.531,49.779,64.231,111.462
26100,-22.189185171,13.539604345, 6070,158.069,49.582,64.060,111.534
26160,-22.136483071,13.465892413, 6468,158.607,49.385,63.890,111.606
26220,-22.083780972,13.392180480, 6867,159.145,49.189,63.719,111.677
26280,-22.031078872,13.318468547, 7265,159.683,48.992,63.548,111.749
26340,-21.973995567,13.244613070, 7500,160.073,48.867,63.375,111.818
26400,-21.910615195,13.170551276, 7500,160.250,48.844,63.198,111.885
26460,-21.847234823,13.096489482, 7500,160.427,48.821,63.020,111.951
26520,-21.783854451,13.022427688, 7500,160.604,48.798,62.843,112.017
26580,-21.720474079,12.948365894, 7500,160.781,48.776,62.666,112.084
26640,-21.657093708,12.874304100, 7500,160.958,48.753,62.489,112.150
26700,-21.593713336,12.800242306, 7500,161.135,48.730,62.312,112.216
26760,-21.530332964,12.726180512, 7500,161.312,48.707,62.134,112.283
26820,-21.466952592,12.652118718, 7500,161.489,48.684,61.957,112.349
26880,-21.403572220,12.578056924, 7500,161.666,48.661,61.780,112.416
26940,-21.340191848,12.503995130, 7500,161.843,48.638,61.603,112.482
27000,-21.276811476,12.429933335, 7500,162.020,48.615,61.426,112.548
27060,-21.213431104,12.355871541, 7500,162.197,48.593,61.248,112.615
27120,-21.150050732,12.281809747, 7500,162.374,48.570,61.071,112.681
27180,-21.086670360,12.207747953, 7500,162.551,48.547,60.894,112.747
27240,-21.023289988,12.133686159, 7500,162.728,48.524,60.717,112.814
27300,-20.959909616,12.059624365, 7500,162.905,48.501,60.540,112.880
27360,-20.896529244,11.985562571, 7500,163.082,48.478,60.362,112.946
27420,-20.833148872,11.911500777, 7500,163.259,48.455,60.185,113.013
27480,-20.769768500,11.837438983, 7500,163.436,48.432,60.008,113.079
27540,-20.706388129,11.763377189, 7500,163.613,48.410,59.831,113.145
27600,-20.643007757,11.689315395, 7500,163.790,48.387,59.654,113.212
27660,-20.579627385,11.615253601, 7500,163.968,48.364,59.476,113.278
27720,-20.516247013,11.541191807, 7500,164.145,48.341,59.299,113.344
27780,-20.452866641,11.467130013, 7500,164.322,48.318,59.122,113.411
27840,-20.389486269,11.393068219, 7500,164.499,48.295,58.945,113.477
27900,-20.326105897,11.319006425, 7500,164.676,48.272,58.768,113.543
27960,-20.262725525,11.244944631, 7500,164.853,48.250,58.590,113.610
28020,-20.199345153,11.170882837, 7500,165.030,48.227,58.413,113.676
28080,-20.135964781,11.096821043, 7500,165.207,48.204,58.236,113.742
28140,-20.072584409,11.022759249, 7500,165.384,48.181,58.059,113.809
28200,-20.009204037,10.948697455, 7500,165.561,48.158,57.882,113.875
28260,-19.945823665,10.874635661, 7500,165.738,48.135,57.704,113.941
28320,-19.882443293,10.800573867, 7500,165.915,48.112,57.527,114.008
28380,-19.819062921,10.726512073, 7500,166.092,48.089,57.350,114.074
28440,-19.755682550,10.652450279, 7500,166.269,48.067,57.173,114.141
28500,-19.692302178,10.578388485, 7500,166.446,48.044,56.996,114.207
28560,-19.628921806,10.504326691, 7500,166.623,48.021,56.818,114.273
28620,-19.565541434,10.430264897, 7500,166.800,47.998,56.641,114.340
28680,-19.502161062,10.356203103, 7500,166.977,47.975,56.464,114.406
28740,-19.438780690,10.282141309, 7500,167.154,47.952,56.287,114.472
28800,-19.375400318,10.208079515, 7500,167.331,47.929,56.110,114.539
28860,-19.312019946,10.134017721, 7500,167.508,47.906,55.932,114.605
28920,-19.248639574,10.059955927, 7500,167.685,47.884,55.755,114.671
28980,-19.185259202,9.985894133, 7500,167.862,47.861,55.578,114.738
29040,-19.121878830,9.911832339, 7500,168.039,47.838,55.401,114.804
29100,-19.058498458,9.837770545, 7500,168.216,47.815,55.224,114.870
29160,-18.995118086,9.763708751, 7500,168.394,47.792,55.046,114.937
29220,-18.931737714,9.689646957, 7500,168.571,47.769,54.869,115.003
29280,-18.868357342,9.615585163, 7500,168.748,47.746,54.692,115.069
29340,-18.804976971,9.541523369, 7500,168.925,47.723,54.515,115.136
29400,-18.741596599,9.467461575, 7500,169.102,47.701,54.338,115.202
29460,-18.678216227,9.393399781, 7500,169.279,47.678,54.160,115.268
29520,-18.614835855,9.319337987, 7500,169.456,47.655,53.983,115.335
29580,-18.551455483,9.245276193, 7500,169.633,47.632,53.806,115.401
29640,-18.488075111,9.171214399, 7500,169.810,47.609,53.629,115.467
29700,-18.424694739,9.097152605, 7500,169.987,47.586,53.452,115.534
29760,-18.361314367,9.023090811, 7500,170.164,47.563,53.274,115.600
29820,-18.297933995,8.949029017, 7500,170.341,47.540,53.097,115.666
29880,-18.234553623,8.874967223, 7500,170.518,47.518,52.920,115.733
29940,-18.171173251,8.800905429, 7500,170.695,47.495,52.743,115.799
30000,-18.107792879,8.726843635, 7500,170.872,47.472,52.566,115.865
30060,-18.044412507,8.652781841, 7500,171.049,47.449,52.388,115.932
30120,-17.981032135,8.578720047, 7500,171.226,47.426,52.211,115.998
30180,-17.917651764,8.504658253, 7500,171.403,47.403,52.034,116.065
30240,-17.854271392,8.430596458, 7500,171.580,47.380,51.857,116.131
30300,-17.790891020,8.356534664, 7500,171.757,47.357,51.680,116.197
30360,-17.727510648,8.282472870, 7500,171.934,47.335,51.503,116.264
30420,-17.664130276,8.208411076, 7500,172.111,47.312,51.325,116.330
30480,-17.600749904,8.134349282, 7500,172.288,47.289,51.148,116.396
30540,-17.537369532,8.060287488, 7500,172.465,47.266,50.971,116.463
30600,-17.473989160,7.986225694, 7500,172.642,47.243,50.794,116.529
30660,-17.410608788,7.912163900, 7500,172.820,47.220,50.617,116.595
30720,-17.347228416,7.838102106, 7500,172.997,47.197,50.439,116.662
30780,-17.283848044,7.764040312, 7500,173.174,47.174,50.262,116.728
30840,-17.220467672,7.689978518, 7500,173.351,47.152,50.085,116.794
30900,-17.157087300,7.615916724, 7500,173.528,47.129,49.908,116.861
30960,-17.093706928,7.541854930, 7500,173.705,47.106,49.731,116.927
31020,-17.030326556,7.467793136, 7500,173.882,47.083,49.553,116.993
31080,-16.966946185,7.393731342, 7500,174.059,47.060,49.376,117.060
31140,-16.903565813,7.319669548, 7500,174.236,47.037,49.199,117.126
31200,-16.840185441,7.245607754, 7500,174.413,47.014,49.022,117.192
31260,-16.776805069,7.171545960, 7500,174.590,46.991,48.845,117.259
31320,-16.713424697,7.097484166, 7500,174.767,46.969,48.667,117.325
31380,-16.650044325,7.023422372, 7500,174.944,46.946,48.490,117.391
31440,-16.593456503,6.959396115, 7181,173.260,46.901,48.306,117.473
31500,-16.540010456,6.900011618, 6714,170.715,46.846,48.119,117.562
31560,-16.486564409,6.840627121, 6248,168.170,46.791,47.932,117.651
31620,-16.433118362,6.781242624, 5781,165.625,46.736,47.745,117.740
31680,-16.379672315,6.721858127, 5315,163.080,46.681,47.558,117.829
31740,-16.326226267,6.662473630, 4848,160.535,46.626,47.372,117.918
31800,-16.272780220,6.603089134, 4381,157.990,46.571,47.185,118.007
31860,-16.219334173,6.543704637, 3915,155.444,46.516,46.998,118.096
31920,-16.165888126,6.484320140, 3448,152.899,46.461,46.811,118.185
31980,-16.112442079,6.424935643, 2982,150.354,46.406,46.624,118.274
32040,-16.058996032,6.365551146, 2515,147.809,46.351,46.437,118.363
32100,-16.005549984,6.306166649, 2048,145.264,46.296,46.250,118.452
32160,-15.953896898,6.252064820, 1993,144.951,47.450,46.068,118.618
32220,-15.902451572,6.198575123, 1986,144.897,48.744,45.886,118.794
32280,-15.851006247,6.145085426, 1979,144.842,50.038,45.704,118.969
32340,-15.799560921,6.091595730, 1972,144.788,51.332,45.523,119.145
32400,-15.748115595,6.038106033, 1964,144.734,52.626,45.341,119.321
32460,-15.696670269,5.984616336, 1957,144.679,53.920,45.160,119.496
32520,-15.645224943,5.931126639, 1950,144.625,55.214,44.978,119.672
32580,-15.593779617,5.877636942, 1943,144.570,56.508,44.796,119.847
32640,-15.542334291,5.824147245, 1935,144.516,57.802,44.615,120.023
32700,-15.490888966,5.770657548, 1928,144.462,59.096,44.433,120.198
32760,-15.439443640,5.717167851, 1921,144.407,60.390,44.251,120.374
32820,-15.387998314,5.663678154, 1914,144.353,61.684,44.070,120.550
32880,-15.336552988,5.610188457, 1906,144.298,62.978,43.888,120.725
32940,-15.285107662,5.556698760, 1899,144.244,64.272,43.707,120.901
33000,-15.233662336,5.503209064, 1892,144.190,65.566,43.525,121.076
33060,-15.182217011,5.449719367, 1885,144.135,66.860,43.343,121.252
33120,-15.130771685,5.396229670, 1877,144.081,68.154,43.162,121.428
33180,-15.079326359,5.342739973, 1870,144.026,69.448,42.980,121.603
33240,-15.027881033,5.289250276, 1863,143.972,70.742,42.799,121.779
33300,-14.976435707,5.235760579, 1856,143.918,72.036,42.617,121.954
33360,-14.924990381,5.182270882, 1848,143.863,73.330,42.435,122.130
33420,-14.873545056,5.128781185, 1841,143.809,74.624,42.254,122.305
33480,-14.822099730,5.075291488, 1834,143.754,75.918,42.072,122.481
33540,-14.770654404,5.021801791, 1827,143.700,77.212,41.890,122.657
33600,-14.719209078,4.968312094, 1819,143.646,78.506,41.709,122.832
33660,-14.667763752,4.914822398, 1812,143.591,79.800,41.527,123.008
33720,-14.616318426,4.861332701, 1805,143.537,81.094,41.346,123.183
33780,-14.564873100,4.807843004, 1798,143.482,82.388,41.164,123.359
33840,-14.513427775,4.754353307, 1790,143.428,83.682,40.982,123.535
33900,-14.461982449,4.700863610, 1783,143.374,84.976,40.801,123.710
33960,-14.410537123,4.647373913, 1776,143.319,86.270,40.619,123.886
34020,-14.359091797,4.593884216, 1769,143.265,87.564,40.437,124.061
34080,-14.307646471,4.540394519, 1761,143.210,88.858,40.256,124.237
34140,-14.256201145,4.486904822, 1754,143.156,90.152,40.074,124.412
34200,-14.204755820,4.433415125, 1747,143.102,91.446,39.893,124.588
34260,-14.153310494,4.379925428, 1740,143.047,92.740,39.711,124.764
34320,-14.101865168,4.326435732, 1732,142.993,94.034,39.529,124.939
34380,-14.050419842,4.272946035, 1725,142.938,95.328,39.348,125.115
34440,-13.998974516,4.219456338, 1718,142.884,96.622,39.166,125.290
34500,-13.947529190,4.165966641, 1711,142.830,97.916,38.985,125.466
34560,-13.896083865,4.112476944, 1703,142.775,99.210,38.803,125.641
34620,-13.844638539,4.058987247, 1696,142.721,100.504,38.621,125.817
34680,-13.793193213,4.005497550, 1689,142.666,101.798,38.440,125.993
34740,-13.741747887,3.952007853, 1682,142.612,103.092,38.258,126.168
34800,-13.690302561,3.898518156, 1674,142.558,104.386,38.076,126.344
34860,-13.638857235,3.845028459, 1667,142.503,105.680,37.895,126.519
34920,-13.587411909,3.791538762, 1660,142.449,106.974,37.713,126.695
34980,-13.535966584,3.738049066, 1653,142.394,108.268,37.532,126.871
35040,-13.484521258,3.684559369, 1645,142.340,109.562,37.350,127.046
35100,-13.433075932,3.631069672, 1638,142.286,110.856,37.168,127.222
35160,-13.381630606,3.577579975, 1631,142.231,112.150,36.987,127.397
35220,-13.330185280,3.524090278, 1624,142.177,113.444,36.805,127.573
35280,-13.278739954,3.470600581, 1616,142.123,114.738,36.623,127.748
35340,-13.227294629,3.417110884, 1609,142.068,116.032,36.442,127.924
35400,-13.175849303,3.363621187, 1602,142.014,117.326,36.260,128.100
35460,-13.124403977,3.310131490, 1595,141.959,118.620,36.079,128.275
35520,-13.072958651,3.256641793, 1587,141.905,119.914,35.897,128.451
35580,-13.021513325,3.203152096, 1580,141.851,121.208,35.715,128.626
35640,-12.970067999,3.149662400, 1573,141.796,122.502,35.534,128.802
35700,-12.918622674,3.096172703, 1566,141.742,123.796,35.352,128.977
35760,-12.867177348,3.042683006, 1558,141.687,125.090,35.171,129.153
35820,-12.815732022,2.989193309, 1551,141.633,126.384,34.989,129.329
35880,-12.764286696,2.935703612, 1544,141.579,127.678,34.807,129.504
35940,-12.712841370,2.882213915, 1537,141.524,128.972,34.626,129.680
36000,-12.661396044,2.828724218, 1529,141.470,130.266,34.444,129.855
36060,-12.609950718,2.775234521, 1522,141.415,131.560,34.262,130.031
36120,-12.558505393,2.721744824, 1515,141.361,132.854,34.081,130.207
36180,-12.507060067,2.668255127, 1508,141.307,134.148,33.899,130.382
36240,-12.455614741,2.614765430, 1500,141.252,135.442,33.718,130.558
36300,-12.404169415,2.561275734, 1493,141.198,136.736,33.536,130.733
36360,-12.352724089,2.507786037, 1486,141.143,138.030,33.354,130.909
36420,-12.301278763,2.454296340, 1479,141.089,139.324,33.173,131.084
36480,-12.249833438,2.400806643, 1471,141.035,140.618,32.991,131.260
36540,-12.198388112,2.347316946, 1464,140.980,141.912,32.810,131.436
36600,-12.146942786,2.293827249, 1457,140.926,143.206,32.628,131.611
36660,-12.095497460,2.240337552, 1450,140.871,144.500,32.446,131.787
36720,-12.044052134,2.186847855, 1442,140.817,145.794,32.265,131.962
36780,-11.992606808,2.133358158, 1435,140.763,147.088,32.083,132.138
36840,-11.941161483,2.079868461, 1428,140.708,148.382,31.901,132.314
36900,-11.889716157,2.026378764, 1420,140.654,149.676,31.720,132.489
36960,-11.838270831,1.972889068, 1413,140.599,150.970,31.538,132.665
37020,-11.786825505,1.919399371, 1406,140.545,152.264,31.357,132.840
37080,-11.735380179,1.865909674, 1399,140.491,153.558,31.175,133.016
37140,-11.683934853,1.812419977, 1391,140.436,154.852,30.993,133.191
37200,-11.632489527,1.758930280, 1384,140.382,156.146,30.812,133.367
37260,-11.581044202,1.705440583, 1377,140.327,157.440,30.630,133.543
37320,-11.529598876,1.651950886, 1370,140.273,158.734,30.448,133.718
37380,-11.478153550,1.598461189, 1362,140.219,160.028,30.267,133.894
37440,-11.426708224,1.544971492, 1355,140.164,161.322,30.085,134.069
37500,-11.375262898,1.491481795, 1348,140.110,162.616,29.904,134.245
37560,-11.323817572,1.437992098, 1341,140.055,163.910,29.722,134.420
37620,-11.272372247,1.384502402, 1333,140.001,165.204,29.540,134.596
37680,-11.220926921,1.331012705, 1326,139.947,166.498,29.359,134.772
37740,-11.169481595,1.277523008, 1319,139.892,167.792,29.177,134.947
37800,-11.118036269,1.224033311, 1312,139.838,169.086,28.996,135.123
37860,-11.066590943,1.170543614, 1304,139.783,170.380,28.814,135.298
37920,-11.015145617,1.117053917, 1297,139.729,171.674,28.632,135.474
37980,-10.963700292,1.063564220, 1290,139.675,172.968,28.451,135.650
38040,-10.912254966,1.010074523, 1283,139.620,174.262,28.269,135.825
38100,-10.860809640,0.956584826, 1275,139.566,175.556,28.087,136.001
38160,-10.809364314,0.903095129, 1268,139.511,176.850,27.906,136.176
38220,-10.757918988,0.849605432, 1261,139.457,178.144,27.724,136.352
38280,-10.706473662,0.796115736, 1254,139.403,179.438,27.543,136.527
38340,-10.655028336,0.742626039, 1246,139.348,180.732,27.361,136.703
38400,-10.603583011,0.689136342, 1239,139.294,182.026,27.179,136.879
38460,-10.552137685,0.635646645, 1232,139.239,183.320,26.998,137.054
38520,-10.500692359,0.582156948, 1225,139.185,184.614,26.816,137.230
38580,-10.449247033,0.528667251, 1217,139.131,185.908,26.634,137.405
38640,-10.397801707,0.475177554, 1210,139.076,187.202,26.453,137.581
38700,-10.346356381,0.421687857, 1203,139.022,188.496,26.271,137.757
38760,-10.294911056,0.368198160, 1196,138.967,189.790,26.090,137.932
38820,-10.243465730,0.314708463, 1188,138.913,191.084,25.908,138.108
38880,-10.192020404,0.261218766, 1181,138.859,192.378,25.726,138.283
38940,-10.140575078,0.207729070, 1174,138.804,193.672,25.545,138.459
39000,-10.089129752,0.154239373, 1167,138.750,194.966,25.363,138.634
39060,-10.037684426,0.100749676, 1159,138.695,196.260,25.182,138.810
39120,-9.986239101,0.047259979, 1152,138.641,197.554,25.000,138.986
