src/Components/missions/ORACLES/Tracks/routine/ORACLES-Flt-plan_er2_20160901_RA_10S.ict
42, 1001
Samuel LeBlanc
NASA Ames Research Center
Simulated flight plan
ORACLES
1,1
2016,09,01,2016,09,01
60
Start_UTC, seconds from midnight UTC, time keeping
7
1,1,1,1,1,1,1
-9999,-9999,-9999,-9999,-9999,-9999,-9999
Latitude, Degrees (North positive), Planned latitude position of the aircraft
Longitude, Degrees (East positive), Planned longitude position of the aircraft
Altitude, meters (above sea level), Planned altitude of the aircraft
speed, meters per second (m/s), Estimated speed of aircraft
Bearing, degrees from north, Direction of travel of the plane per respect to north
SZA, degrees from zenith, Elevation position of the sun in the sky per respect to zenith
AZI, degrees from north, Azimuthal position of the sun in the sky per respect to north
1
Simulated aircraft data interpolated from flight plan waypoints
20
-----------------------------------------------------------------------------
PI_CONTACT_INFO: Samuel LeBlanc, samuel.leblanc@nasa.gov
PLATFORM: er2
LOCATION: N/A
ASSOCIATED_DATA: N/A
INSTRUMENT_INFO: None
DATA_INFO: Compiled with flight planner: moving lines v0.8beta
UNCERTAINTY: Undefined
ULOD_FLAG: -7777
ULOD_VALUE: N/A
LLOD_FLAG: -8888
LLOD_VALUE: N/A
DM_CONTACT_INFO: See PI
PROJECT_INFO: ORACLES
STIPULATIONS_ON_USE: None
OTHER_COMMENTS: N/A
REVISION: RA
RA: First iteration of the flight plan
-----------------------------------------------------------------------------
Start_UTC,Latitude,Longitude,Altitude,speed,Bearing,SZA,AZI
[from data line 464]
53040,-17.543786462,10.748853193, 7500,165.962,213.841,57.101,247.650
53100,-17.622776100,10.803158569, 7500,166.147,213.883,57.398,247.766
53160,-17.701765739,10.857463945, 7500,166.332,213.925,57.695,247.883
53220,-17.780755377,10.911769322, 7500,166.517,213.967,57.992,247.999
53280,-17.859745015,10.966074698, 7500,166.703,214.009,58.290,248.116
53340,-17.938734654,11.020380074, 7500,166.888,214.051,58.587,248.232
53400,-18.017724292,11.074685451, 7500,167.073,214.093,58.884,248.349
53460,-18.096713930,11.128990827, 7500,167.258,214.135,59.181,248.465
53520,-18.175703569,11.183296203, 7500,167.443,214.177,59.478,248.582
53580,-18.254693207,11.237601580, 7500,167.628,214.219,59.775,248.698
53640,-18.333682845,11.291906956, 7500,167.813,214.261,60.072,248.815
53700,-18.412672484,11.346212332, 7500,167.998,214.303,60.369,248.931
53760,-18.491662122,11.400517709, 7500,168.184,214.345,60.667,249.048
53820,-18.570651760,11.454823085, 7500,168.369,214.387,60.964,249.164
53880,-18.649641399,11.509128461, 7500,168.554,214.429,61.261,249.281
53940,-18.728631037,11.563433838, 7500,168.739,214.471,61.558,249.397
54000,-18.807620675,11.617739214, 7500,168.924,214.513,61.855,249.514
54060,-18.886610313,11.672044591, 7500,169.109,214.555,62.152,249.630
54120,-18.965599952,11.726349967, 7500,169.294,214.597,62.449,249.747
54180,-19.044589590,11.780655343, 7500,169.480,214.639,62.746,249.863
54240,-19.123579228,11.834960720, 7500,169.665,214.681,63.044,249.980
54300,-19.202568867,11.889266096, 7500,169.850,214.723,63.341,250.096
54360,-19.281558505,11.943571472, 7500,170.035,214.765,63.638,250.213
54420,-19.360548143,11.997876849, 7500,170.220,214.808,63.935,250.329
54480,-19.439537782,12.052182225, 7500,170.405,214.850,64.232,250.446
54540,-19.518527420,12.106487601, 7500,170.590,214.892,64.529,250.562
54600,-19.597517058,12.160792978, 7500,170.775,214.934,64.826,250.679
54660,-19.676506697,12.215098354, 7500,170.961,214.976,65.123,250.795
54720,-19.755496335,12.269403730, 7500,171.146,215.018,65.421,250.912
54780,-19.834485973,12.323709107, 7500,171.331,215.060,65.718,251.028
54840,-19.913475612,12.378014483, 7500,171.516,215.102,66.015,251.145
54900,-19.992465250,12.432319859, 7500,171.701,215.144,66.312,251.261
54960,-20.071454888,12.486625236, 7500,171.886,215.186,66.609,251.378
55020,-20.150444527,12.540930612, 7500,172.071,215.228,66.906,251.495
55080,-20.229434165,12.595235988, 7500,172.256,215.270,67.203,251.611
55140,-20.308423803,12.649541365, 7500,172.442,215.312,67.500,251.728
55200,-20.387413442,12.703846741, 7500,172.627,215.354,67.798,251.844
55260,-20.466403080,12.758152117, 7500,172.812,215.396,68.095,251.961
55320,-20.545392718,12.812457494, 7500,172.997,215.438,68.392,252.077
55380,-20.624382356,12.866762870, 7500,173.182,215.480,68.689,252.194
55440,-20.703371995,12.921068246, 7500,173.367,215.522,68.986,252.310
55500,-20.782361633,12.975373623, 7500,173.552,215.564,69.283,252.427
55560,-20.861351271,13.029678999, 7500,173.738,215.606,69.580,252.543
55620,-20.940340910,13.083984375, 7500,173.923,215.648,69.877,252.660
55680,-21.019330548,13.138289752, 7500,174.108,215.690,70.175,252.776
55740,-21.098320186,13.192595128, 7500,174.293,215.732,70.472,252.893
55800,-21.177309825,13.246900504, 7500,174.478,215.774,70.769,253.009
55860,-21.256299463,13.301205881, 7500,174.663,215.816,71.066,253.126
55920,-21.335289101,13.355511257, 7500,174.848,215.858,71.363,253.242
55980,-21.413772386,13.410856708, 7435,175.000,215.897,71.660,253.359
56040,-21.489960890,13.470915753, 7078,175.000,215.920,71.956,253.477
56100,-21.566149394,13.530974798, 6721,175.000,215.942,72.251,253.596
56160,-21.642337898,13.591033843, 6364,175.000,215.965,72.547,253.714
56220,-21.718526401,13.651092887, 6007,175.000,215.988,72.843,253.832
56280,-21.794714905,13.711151932, 5650,175.000,216.010,73.139,253.951
56340,-21.870903409,13.771210977, 5293,175.000,216.033,73.435,254.069
56400,-21.947091913,13.831270022, 4935,175.000,216.056,73.730,254.187
56460,-22.023280417,13.891329066, 4578,175.000,216.079,74.026,254.306
56520,-22.099468920,13.951388111, 4221,175.000,216.101,74.322,254.424
56580,-22.175657424,14.011447156, 3864,175.000,216.124,74.618,254.542
56640,-22.251845928,14.071506200, 3507,175.000,216.147,74.913,254.660
56700,-22.328034432,14.131565245, 3150,175.000,216.169,75.209,254.779
56760,-22.404222936,14.191624290, 2793,175.000,216.192,75.505,254.897
56820,-22.480411439,14.251683335, 2436,175.000,216.215,75.801,255.015
56880,-22.556599943,14.311742379, 2078,175.000,216.237,76.097,255.134
56940,-22.632788447,14.371801424, 1721,175.000,216.260,76.392,255.252
57000,-22.708976951,14.431860469, 1364,175.000,216.283,76.688,255.370
57060,-22.785165455,14.491919514, 1007,175.000,216.305,76.984,255.489
57120,-22.861353958,14.551978558,  650,175.000,216.328,77.280,255.607
57180,-22.937542462,14.612037603,  293,175.000,216.351,77.575,255.725
