src/Components/missions/ORACLES/Tracks/routine/ORACLES-Flt-plan_er2_20160901_RA_10S.ict
42, 1001
Samuel LeBlanc
NASA Ames Research Center
Simulated flight plan
ORACLES
1,1
2016,09,01,2016,09,01
60
Start_UTC, seconds from midnight UTC, time keeping
7
1,1,1,1,1,1,1
-9999,-9999,-9999,-9999,-9999,-9999,-9999
Latitude, Degrees (North positive), Planned latitude position of the aircraft
Longitude, Degrees (East positive), Planned longitude position of the aircraft
Altitude, meters (above sea level), Planned altitude of the aircraft
speed, meters per second (m/s), Estimated speed of aircraft
Bearing, degrees from north, Direction of travel of the plane per respect to north
SZA, degrees from zenith, Elevation position of the sun in the sky per respect to zenith
AZI, degrees from north, Azimuthal position of the sun in the sky per respect to north
1
Simulated aircraft data interpolated from flight plan waypoints
20
-----------------------------------------------------------------------------
PI_CONTACT_INFO: Samuel LeBlanc, samuel.leblanc@nasa.gov
PLATFORM: er2
LOCATION: N/A
ASSOCIATED_DATA: N/A
INSTRUMENT_INFO: None
DATA_INFO: Compiled with flight planner: moving lines v0.8beta
UNCERTAINTY: Undefined
ULOD_FLAG: -7777
ULOD_VALUE: N/A
LLOD_FLAG: -8888
LLOD_VALUE: N/A
DM_CONTACT_INFO: See PI
PROJECT_INFO: ORACLES
STIPULATIONS_ON_USE: None
OTHER_COMMENTS: N/A
REVISION: RA
RA: First iteration of the flight plan
-----------------------------------------------------------------------------
Start_UTC,Latitude,Longitude,Altitude,speed,Bearing,SZA,AZI
[from data line 233]
39180,-14.999852722,-0.742717970, 1310,135.172,213.679,29.712,144.769
39240,-14.999856627,-0.818477150, 1302,135.234,215.141,29.599,145.018
39300,-14.999860532,-0.894236330, 1294,135.295,216.603,29.485,145.268
39360,-14.999864437,-0.969995510, 1286,135.357,218.065,29.371,145.518
39420,-14.999868342,-1.045754690, 1277,135.419,219.526,29.257,145.767
39480,-14.999872247,-1.121513870, 1269,135.481,220.988,29.143,146.017
39540,-14.999876152,-1.197273050, 1261,135.542,222.450,29.030,146.267
39600,-14.999880057,-1.273032229, 1253,135.604,223.912,28.916,146.516
39660,-14.999883962,-1.348791409, 1245,135.666,225.373,28.802,146.766
39720,-14.999887867,-1.424550589, 1236,135.728,226.835,28.688,147.016
39780,-14.999891772,-1.500309769, 1228,135.789,228.297,28.574,147.265
39840,-14.999895677,-1.576068949, 1220,135.851,229.758,28.461,147.515
39900,-14.999899582,-1.651828129, 1212,135.913,231.220,28.347,147.764
39960,-14.999903487,-1.727587309, 1203,135.974,232.682,28.233,148.014
40020,-14.999907392,-1.803346489, 1195,136.036,234.144,28.119,148.264
40080,-14.999911297,-1.879105669, 1187,136.098,235.605,28.005,148.513
40140,-14.999915202,-1.954864849, 1179,136.160,237.067,27.891,148.763
40200,-14.999919107,-2.030624029, 1170,136.221,238.529,27.778,149.013
40260,-14.999923012,-2.106383209, 1162,136.283,239.991,27.664,149.262
40320,-14.999926917,-2.182142389, 1154,136.345,241.452,27.550,149.512
40380,-14.999930822,-2.257901569, 1146,136.407,242.914,27.436,149.762
40440,-14.999934727,-2.333660749, 1138,136.468,244.376,27.322,150.011
40500,-14.999938632,-2.409419928, 1129,136.530,245.838,27.209,150.261
40560,-14.999942537,-2.485179108, 1121,136.592,247.299,27.095,150.511
40620,-14.999946442,-2.560938288, 1113,136.653,248.761,26.981,150.760
40680,-14.999950347,-2.636697468, 1105,136.715,250.223,26.867,151.010
40740,-14.999954252,-2.712456648, 1096,136.777,251.685,26.753,151.259
40800,-14.999958157,-2.788215828, 1088,136.839,253.146,26.639,151.509
40860,-14.999962062,-2.863975008, 1080,136.900,254.608,26.526,151.759
40920,-14.999965967,-2.939734188, 1072,136.962,256.070,26.412,152.008
40980,-14.999969872,-3.015493368, 1063,137.024,257.532,26.298,152.258
41040,-14.999973777,-3.091252548, 1055,137.085,258.993,26.184,152.508
41100,-14.999977682,-3.167011728, 1047,137.147,260.455,26.070,152.757
41160,-14.999981587,-3.242770908, 1039,137.209,261.917,25.957,153.007
41220,-14.999985492,-3.318530088, 1031,137.271,263.379,25.843,153.257
41280,-14.999989397,-3.394289268, 1022,137.332,264.840,25.729,153.506
41340,-14.999993302,-3.470048447, 1014,137.394,266.302,25.615,153.756
41400,-14.999997207,-3.545807627, 1006,137.456,267.764,25.501,154.006
41460,-14.999998874,-3.578158528, 1000,137.500,268.812,25.446,154.370
41520,-14.999994919,-3.501434515, 1000,137.500,268.821,25.536,155.023
41580,-14.999990965,-3.424710503, 1000,137.500,268.830,25.627,155.676
41640,-14.999987010,-3.347986490, 1000,137.500,268.838,25.717,156.329
41700,-14.999983055,-3.271262477, 1000,137.500,268.847,25.808,156.983
41760,-14.999979101,-3.194538464, 1000,137.500,268.856,25.898,157.636
41820,-14.999975146,-3.117814452, 1000,137.500,268.865,25.989,158.289
41880,-14.999971191,-3.041090439, 1000,137.500,268.874,26.079,158.942
41940,-14.999967236,-2.964366426, 1000,137.500,268.883,26.170,159.595
42000,-14.999963282,-2.887642414, 1000,137.500,268.892,26.260,160.248
42060,-14.999959327,-2.810918401, 1000,137.500,268.900,26.351,160.901
42120,-14.999955372,-2.734194388, 1000,137.500,268.909,26.441,161.554
42180,-14.999951418,-2.657470375, 1000,137.500,268.918,26.532,162.207
42240,-14.999947463,-2.580746363, 1000,137.500,268.927,26.622,162.861
42300,-14.999943508,-2.504022350, 1000,137.500,268.936,26.713,163.514
42360,-14.999939553,-2.427298337, 1000,137.500,268.945,26.803,164.167
42420,-14.999935599,-2.350574324, 1000,137.500,268.953,26.894,164.820
42480,-14.999931644,-2.273850312, 1000,137.500,268.962,26.984,165.473
42540,-14.999927689,-2.197126299, 1000,137.500,268.971,27.075,166.126
42600,-14.999923734,-2.120402286, 1000,137.500,268.980,27.165,166.779
42660,-14.999919780,-2.043678274, 1000,137.500,268.989,27.256,167.432
42720,-14.999915825,-1.966954261, 1000,137.500,268.998,27.346,168.086
42780,-14.999911870,-1.890230248, 1000,137.500,269.007,27.437,168.739
42840,-14.999907916,-1.813506235, 1000,137.500,269.015,27.527,169.392
42900,-14.999903961,-1.736782223, 1000,137.500,269.024,27.618,170.045
42960,-14.999900006,-1.660058210, 1000,137.500,269.033,27.708,170.698
43020,-14.999896051,-1.583334197, 1000,137.500,269.042,27.799,171.351
43080,-14.999892097,-1.506610184, 1000,137.500,269.051,27.889,172.004
43140,-14.999888142,-1.429886172, 1000,137.500,269.060,27.980,172.657
43200,-14.999884187,-1.353162159, 1000,137.500,269.068,28.070,173.311
43260,-14.999880233,-1.276438146, 1000,137.500,269.077,28.161,173.964
43320,-14.999876278,-1.199714134, 1000,137.500,269.086,28.251,174.617
43380,-14.999872323,-1.122990121, 1000,137.500,269.095,28.342,175.270
43440,-14.999868368,-1.046266108, 1000,137.500,269.104,28.432,175.923
43500,-14.999864414,-0.969542095, 1000,137.500,269.113,28.523,176.576
43560,-14.999860459,-0.892818083, 1000,137.500,269.121,28.614,177.229
43620,-14.999856504,-0.816094070, 1000,137.500,269.130,28.704,177.882
43680,-14.999852549,-0.739370057, 1000,137.500,269.139,28.795,178.535
43740,-14.999848595,-0.662646044, 1000,137.500,269.148,28.885,179.189
43800,-14.999844640,-0.585922032, 1000,137.500,269.157,28.976,179.842
43860,-14.999840685,-0.509198019, 1000,137.500,269.166,29.066,180.495
43920,-14.999836731,-0.432474006, 1000,137.500,269.175,29.157,181.148
43980,-14.999832776,-0.355749994, 1000,137.500,269.183,29.247,181.801
44040,-14.999828821,-0.279025981, 1000,137.500,269.192,29.338,182.454
44100,-14.999824866,-0.202301968, 1000,137.500,269.201,29.428,183.107
44160,-14.999820912,-0.125577955, 1000,137.500,269.210,29.519,183.760
44220,-14.999816957,-0.048853943, 1000,137.500,269.219,29.609,184.414
44280,-14.999813002,0.027870070, 1000,137.500,269.228,29.700,185.067
44340,-14.999809048,0.104594083, 1000,137.500,269.236,29.790,185.720
44400,-14.999805093,0.181318096, 1000,137.500,269.245,29.881,186.373
44460,-14.999801138,0.258042108, 1000,137.500,269.254,29.971,187.026
44520,-14.999797183,0.334766121, 1000,137.500,269.263,30.062,187.679
44580,-14.999793229,0.411490134, 1000,137.500,269.272,30.152,188.332
44640,-14.999789274,0.488214146, 1000,137.500,269.281,30.243,188.985
44700,-14.999785319,0.564938159, 1000,137.500,269.290,30.333,189.638
44760,-14.999781364,0.641662172, 1000,137.500,269.298,30.424,190.292
44820,-14.999777410,0.718386185, 1000,137.500,269.307,30.514,190.945
44880,-14.999773455,0.795110197, 1000,137.500,269.316,30.605,191.598
44940,-14.999769500,0.871834210, 1000,137.500,269.325,30.695,192.251
45000,-14.999765546,0.948558223, 1000,137.500,269.334,30.786,192.904
45060,-14.999761591,1.025282236, 1000,137.500,269.343,30.876,193.557
45120,-14.999757636,1.102006248, 1000,137.500,269.351,30.967,194.210
45180,-14.999753681,1.178730261, 1000,137.500,269.360,31.057,194.863
45240,-14.999749727,1.255454274, 1000,137.500,269.369,31.148,195.517
45300,-14.999745772,1.332178286, 1000,137.500,269.378,31.238,196.170
45360,-14.999741817,1.408902299, 1000,137.500,269.387,31.329,196.823
45420,-14.999737862,1.485626312, 1000,137.500,269.396,31.419,197.476
45480,-14.999733908,1.562350325, 1000,137.500,269.405,31.510,198.129
45540,-14.999729953,1.639074337, 1000,137.500,269.413,31.600,198.782
45600,-14.999725998,1.715798350, 1000,137.500,269.422,31.691,199.435
45660,-14.999722044,1.792522363, 1000,137.500,269.431,31.781,200.088
45720,-14.999718089,1.869246376, 1000,137.500,269.440,31.872,200.742
45780,-14.999714134,1.945970388, 1000,137.500,269.449,31.962,201.395
45840,-14.999710179,2.022694401, 1000,137.500,269.458,32.053,202.048
45900,-14.999706225,2.099418414, 1000,137.500,269.466,32.143,202.701
45960,-14.999702270,2.176142426, 1000,137.500,269.475,32.234,203.354
46020,-14.999698315,2.252866439, 1000,137.500,269.484,32.324,204.007
46080,-14.999694361,2.329590452, 1000,137.500,269.493,32.415,204.660
46140,-14.999690406,2.406314465, 1000,137.500,269.502,32.505,205.313
46200,-14.999686451,2.483038477, 1000,137.500,269.511,32.596,205.966
46260,-14.999682496,2.559762490, 1000,137.500,269.520,32.686,206.620
46320,-14.999678542,2.636486503, 1000,137.500,269.528,32.777,207.273
46380,-14.999674587,2.713210516, 1000,137.500,269.537,32.867,207.926
46440,-14.999670632,2.789934528, 1000,137.500,269.546,32.958,208.579
46500,-14.999666677,2.866658541, 1000,137.500,269.555,33.048,209.232
46560,-14.999662723,2.943382554, 1000,137.500,269.564,33.139,209.885
46620,-14.999658768,3.020106566, 1000,137.500,269.573,33.229,210.538
46680,-14.999654813,3.096830579, 1000,137.500,269.581,33.320,211.191
46740,-14.999650859,3.173554592, 1000,137.500,269.590,33.410,211.845
46800,-14.999646904,3.250278605, 1000,137.500,269.599,33.501,212.498
46860,-14.999642949,3.327002617, 1000,137.500,269.608,33.591,213.151
46920,-14.999638994,3.403726630, 1000,137.500,269.617,33.682,213.804
46980,-14.999635040,3.480450643, 1000,137.500,269.626,33.773,214.457
47040,-14.999631085,3.557174656, 1000,137.500,269.634,33.863,215.110
47100,-14.999627130,3.633898668, 1000,137.500,269.643,33.954,215.763
47160,-14.999623176,3.710622681, 1000,137.500,269.652,34.044,216.416
47220,-14.999619221,3.787346694, 1000,137.500,269.661,34.135,217.070
47280,-14.999615266,3.864070706, 1000,137.500,269.670,34.225,217.723
47340,-14.999611311,3.940794719, 1000,137.500,269.679,34.316,218.376
47400,-14.999607357,4.017518732, 1000,137.500,269.688,34.406,219.029
47460,-14.999603402,4.094242745, 1000,137.500,269.696,34.497,219.682
47520,-14.999599447,4.170966757, 1000,137.500,269.705,34.587,220.335
47580,-14.999595492,4.247690770, 1000,137.500,269.714,34.678,220.988
47640,-14.999591538,4.324414783, 1000,137.500,269.723,34.768,221.641
47700,-14.999587583,4.401138796, 1000,137.500,269.732,34.859,222.294
47760,-14.999583628,4.477862808, 1000,137.500,269.741,34.949,222.948
47820,-14.999579674,4.554586821, 1000,137.500,269.749,35.040,223.601
47880,-14.999575719,4.631310834, 1000,137.500,269.758,35.130,224.254
47940,-14.999571764,4.708034847, 1000,137.500,269.767,35.221,224.907
48000,-14.999567809,4.784758859, 1000,137.500,269.776,35.311,225.560
48060,-14.999563855,4.861482872, 1000,137.500,269.785,35.402,226.213
48120,-14.999559900,4.938206885, 1000,137.500,269.794,35.492,226.866
48180,-14.999555945,5.014930897, 1000,137.500,269.803,35.583,227.519
48240,-14.999551991,5.091654910, 1000,137.500,269.811,35.673,228.173
48300,-14.999548036,5.168378923, 1000,137.500,269.820,35.764,228.826
48360,-14.999544081,5.245102936, 1000,137.500,269.829,35.854,229.479
48420,-14.999540126,5.321826948, 1000,137.500,269.838,35.945,230.132
48480,-14.999536172,5.398550961, 1000,137.500,269.847,36.035,230.785
48540,-14.999532217,5.475274974, 1000,137.500,269.856,36.126,231.438
48600,-14.999528262,5.551998987, 1000,137.500,269.864,36.216,232.091
48660,-14.999525514,5.627440267, 1022,137.334,269.866,36.357,232.641
48720,-14.999525514,5.699960638, 1095,136.790,269.852,36.611,232.955
48780,-14.999525514,5.772481010, 1167,136.246,269.838,36.865,233.269
48840,-14.999525514,5.845001382, 1240,135.702,269.825,37.120,233.584
48900,-14.999525514,5.917521754, 1312,135.158,269.811,37.374,233.898
48960,-14.999525514,5.990042126, 1385,134.615,269.797,37.629,234.212
49020,-14.999525514,6.062562498, 1457,134.071,269.783,37.883,234.526
49080,-14.999525514,6.135082870, 1530,133.527,269.769,38.137,234.840
49140,-14.999525514,6.207603241, 1602,132.983,269.755,38.392,235.155
49200,-14.999525514,6.280123613, 1675,132.439,269.741,38.646,235.469
49260,-14.999525514,6.352643985, 1747,131.895,269.727,38.900,235.783
49320,-14.999525514,6.425164357, 1820,131.351,269.713,39.155,236.097
49380,-14.999525514,6.497684729, 1892,130.807,269.699,39.409,236.411
49440,-14.999525514,6.570205101, 1965,130.263,269.685,39.663,236.726
49500,-14.999534477,6.650546327, 2104,130.567,268.598,39.933,237.010
49560,-14.999551850,6.738225768, 2305,131.665,266.504,40.217,237.267
49620,-14.999569223,6.825905208, 2507,132.764,264.410,40.500,237.524
49680,-14.999586596,6.913584648, 2708,133.862,262.316,40.784,237.781
49740,-14.999603969,7.001264088, 2909,134.960,260.222,41.067,238.038
49800,-14.999621342,7.088943528, 3111,136.059,258.128,41.351,238.295
49860,-14.999638715,7.176622968, 3312,137.157,256.034,41.635,238.552
49920,-14.999656087,7.264302409, 3514,138.256,253.940,41.918,238.809
49980,-14.999673460,7.351981849, 3715,139.354,251.846,42.202,239.066
50040,-14.999690833,7.439661289, 3916,140.453,249.752,42.485,239.323
50100,-14.999708206,7.527340729, 4118,141.551,247.658,42.769,239.580
50160,-14.999725579,7.615020169, 4319,142.649,245.564,43.053,239.837
50220,-14.999742952,7.702699609, 4520,143.748,243.470,43.336,240.094
50280,-14.999760325,7.790379050, 4722,144.846,241.376,43.620,240.351
50340,-14.999777698,7.878058490, 4923,145.945,239.282,43.903,240.608
50400,-14.999795070,7.965737930, 5125,147.043,237.188,44.187,240.866
50460,-14.999812443,8.053417370, 5326,148.141,235.094,44.471,241.123
50520,-14.999829816,8.141096810, 5527,149.240,233.000,44.754,241.380
50580,-14.999847189,8.228776250, 5729,150.338,230.906,45.038,241.637
50640,-14.999864562,8.316455691, 5930,151.437,228.812,45.321,241.894
50700,-14.999881935,8.404135131, 6131,152.535,226.718,45.605,242.151
50760,-14.999899308,8.491814571, 6333,153.634,224.624,45.889,242.408
50820,-14.999916681,8.579494011, 6534,154.732,222.530,46.172,242.665
50880,-14.999934053,8.667173451, 6736,155.830,220.436,46.456,242.922
50940,-14.999951426,8.754852891, 6937,156.929,218.342,46.739,243.179
51000,-14.999968799,8.842532332, 7138,158.027,216.248,47.023,243.436
51060,-14.999986172,8.930211772, 7340,159.126,214.154,47.307,243.693
51120,-15.016118036,9.011081150, 7500,160.038,212.495,47.593,243.921
51180,-15.095107674,9.065386526, 7500,160.223,212.537,47.890,244.038
51240,-15.174097313,9.119691902, 7500,160.408,212.579,48.187,244.154
51300,-15.253086951,9.173997279, 7500,160.593,212.622,48.484,244.271
51360,-15.332076589,9.228302655, 7500,160.778,212.664,48.782,244.387
51420,-15.411066228,9.282608031, 7500,160.963,212.706,49.079,244.504
51480,-15.490055866,9.336913408, 7500,161.149,212.748,49.376,244.620
51540,-15.569045504,9.391218784, 7500,161.334,212.790,49.673,244.737
51600,-15.648035142,9.445524160, 7500,161.519,212.832,49.970,244.853
51660,-15.727024781,9.499829537, 7500,161.704,212.874,50.267,244.970
51720,-15.806014419,9.554134913, 7500,161.889,212.916,50.564,245.086
51780,-15.885004057,9.608440289, 7500,162.074,212.958,50.861,245.203
51840,-15.963993696,9.662745666, 7500,162.259,213.000,51.159,245.319
51900,-16.042983334,9.717051042, 7500,162.444,213.042,51.456,245.436
51960,-16.121972972,9.771356419, 7500,162.630,213.084,51.753,245.552
52020,-16.200962611,9.825661795, 7500,162.815,213.126,52.050,245.669
52080,-16.279952249,9.879967171, 7500,163.000,213.168,52.347,245.785
52140,-16.358941887,9.934272548, 7500,163.185,213.210,52.644,245.902
52200,-16.437931526,9.988577924, 7500,163.370,213.252,52.941,246.018
52260,-16.516921164,10.042883300, 7500,163.555,213.294,53.238,246.135
52320,-16.595910802,10.097188677, 7500,163.740,213.336,53.536,246.251
52380,-16.674900441,10.151494053, 7500,163.926,213.378,53.833,246.368
52440,-16.753890079,10.205799429, 7500,164.111,213.420,54.130,246.484
52500,-16.832879717,10.260104806, 7500,164.296,213.462,54.427,246.601
52560,-16.911869356,10.314410182, 7500,164.481,213.504,54.724,246.717
52620,-16.990858994,10.368715558, 7500,164.666,213.546,55.021,246.834
52680,-17.069848632,10.423020935, 7500,164.851,213.588,55.318,246.950
52740,-17.148838270,10.477326311, 7500,165.036,213.630,55.615,247.067
52800,-17.227827909,10.531631687, 7500,165.221,213.672,55.913,247.183
52860,-17.306817547,10.585937064, 7500,165.407,213.715,56.210,247.300
52920,-17.385807185,10.640242440, 7500,165.592,213.757,56.507,247.416
