src/Components/missions/ORACLES/Tracks/routine/ORACLES-Flt-plan_er2_20160901_RA.ict
42, 1001
Samuel LeBlanc
NASA Ames Research Center
Simulated flight plan
ORACLES
1,1
2016,09,01,2016,09,01
60
Start_UTC, seconds from midnight UTC, time keeping
7
1,1,1,1,1,1,1
-9999,-9999,-9999,-9999,-9999,-9999,-9999
Latitude, Degrees (North positive), Planned latitude position of the aircraft
Longitude, Degrees (East positive), Planned longitude position of the aircraft
Altitude, meters (above sea level), Planned altitude of the aircraft
speed, meters per second (m/s), Estimated speed of aircraft
Bearing, degrees from north, Direction of travel of the plane per respect to north
SZA, degrees from zenith, Elevation position of the sun in the sky per respect to zenith
AZI, degrees from north, Azimuthal position of the sun in the sky per respect to north
1
Simulated aircraft data interpolated from flight plan waypoints
20
-----------------------------------------------------------------------------
PI_CONTACT_INFO: Samuel LeBlanc, samuel.leblanc@nasa.gov
PLATFORM: er2
LOCATION: N/A
ASSOCIATED_DATA: N/A
INSTRUMENT_INFO: None
DATA_INFO: Compiled with flight planner: moving lines v0.8beta
UNCERTAINTY: Undefined
ULOD_FLAG: -7777
ULOD_VALUE: N/A
LLOD_FLAG: -8888
LLOD_VALUE: N/A
DM_CONTACT_INFO: See PI
PROJECT_INFO: ORACLES
STIPULATIONS_ON_USE: None
OTHER_COMMENTS: N/A
REVISION: RA
RA: First iteration of the flight plan
-----------------------------------------------------------------------------
Start_UTC,Latitude,Longitude,Altitude,speed,Bearing,SZA,AZI
[from data line 465]
53100,-20.250843238,11.231059836, 7500,170.114,230.309,58.904,246.003
53160,-20.314204501,11.305099301, 7500,170.291,230.371,59.205,246.171
53220,-20.377565765,11.379138766, 7500,170.468,230.432,59.506,246.339
53280,-20.440927028,11.453178231, 7500,170.645,230.494,59.808,246.507
53340,-20.504288292,11.527217697, 7500,170.822,230.555,60.109,246.675
53400,-20.567649555,11.601257162, 7500,170.999,230.617,60.411,246.844
53460,-20.631010819,11.675296627, 7500,171.176,230.678,60.712,247.012
53520,-20.694372082,11.749336093, 7500,171.353,230.739,61.014,247.180
53580,-20.757733346,11.823375558, 7500,171.530,230.801,61.315,247.348
53640,-20.821094609,11.897415023, 7500,171.707,230.862,61.617,247.516
53700,-20.884455873,11.971454488, 7500,171.884,230.924,61.918,247.684
53760,-20.947817136,12.045493954, 7500,172.061,230.985,62.220,247.852
53820,-21.011178400,12.119533419, 7500,172.238,231.047,62.521,248.021
53880,-21.074539664,12.193572884, 7500,172.415,231.108,62.823,248.189
53940,-21.137900927,12.267612350, 7500,172.592,231.170,63.124,248.357
54000,-21.201262191,12.341651815, 7500,172.769,231.231,63.426,248.525
54060,-21.264623454,12.415691280, 7500,172.946,231.293,63.727,248.693
54120,-21.327984718,12.489730745, 7500,173.123,231.354,64.029,248.861
54180,-21.391345981,12.563770211, 7500,173.300,231.416,64.330,249.029
54240,-21.454707245,12.637809676, 7500,173.477,231.477,64.631,249.198
54300,-21.518068508,12.711849141, 7500,173.654,231.538,64.933,249.366
54360,-21.581429772,12.785888607, 7500,173.831,231.600,65.234,249.534
54420,-21.644791035,12.859928072, 7500,174.008,231.661,65.536,249.702
54480,-21.708152299,12.933967537, 7500,174.185,231.723,65.837,249.870
54540,-21.771513562,13.008007002, 7500,174.362,231.784,66.139,250.038
54600,-21.834874826,13.082046468, 7500,174.539,231.846,66.440,250.206
54660,-21.898236089,13.156085933, 7500,174.716,231.907,66.742,250.374
54720,-21.961597353,13.230125398, 7500,174.893,231.969,67.043,250.543
54780,-22.016984291,13.298755124, 7372,174.232,232.015,67.338,250.698
54840,-22.060101510,13.359061138, 7046,172.283,232.038,67.624,250.834
54900,-22.103218729,13.419367151, 6720,170.334,232.061,67.909,250.969
54960,-22.146335948,13.479673165, 6394,168.385,232.084,68.194,251.105
55020,-22.189453168,13.539979179, 6068,166.436,232.107,68.480,251.240
55080,-22.232570387,13.600285193, 5742,164.487,232.130,68.765,251.376
55140,-22.275687606,13.660591207, 5416,162.538,232.153,69.050,251.512
55200,-22.318804825,13.720897220, 5090,160.589,232.177,69.335,251.647
55260,-22.361922044,13.781203234, 4764,158.640,232.200,69.621,251.783
55320,-22.405039263,13.841509248, 4439,156.690,232.223,69.906,251.918
55380,-22.448156483,13.901815262, 4113,154.741,232.246,70.191,252.054
55440,-22.491273702,13.962121275, 3787,152.792,232.269,70.477,252.190
55500,-22.534390921,14.022427289, 3461,150.843,232.292,70.762,252.325
55560,-22.577508140,14.082733303, 3135,148.894,232.315,71.047,252.461
55620,-22.620625359,14.143039317, 2809,146.945,232.338,71.333,252.597
55680,-22.663742578,14.203345331, 2483,144.996,232.361,71.618,252.732
55740,-22.706859798,14.263651344, 2157,143.047,232.384,71.903,252.868
55800,-22.749977017,14.323957358, 1831,141.098,232.407,72.189,253.003
55860,-22.793094236,14.384263372, 1506,139.149,232.430,72.474,253.139
55920,-22.836211455,14.444569386, 1180,137.200,232.453,72.759,253.275
55980,-22.879328674,14.504875400,  854,135.250,232.476,73.044,253.410
56040,-22.922445893,14.565181413,  528,133.301,232.500,73.330,253.546
56100,-22.965563113,14.625487427,  202,131.352,232.523,73.615,253.681
