src/Components/missions/ORACLES/Tracks/routine/ORACLES-Flt-plan_er2_20160901_RA_15S.ict
42, 1001
Samuel LeBlanc
NASA Ames Research Center
Simulated flight plan
ORACLES
1,1
2016,09,01,2016,09,01
60
Start_UTC, seconds from midnight UTC, time keeping
7
1,1,1,1,1,1,1
-9999,-9999,-9999,-9999,-9999,-9999,-9999
Latitude, Degrees (North positive), Planned latitude position of the aircraft
Longitude, Degrees (East positive), Planned longitude position of the aircraft
Altitude, meters (above sea level), Planned altitude of the aircraft
speed, meters per second (m/s), Estimated speed of aircraft
Bearing, degrees from north, Direction of travel of the plane per respect to north
SZA, degrees from zenith, Elevation position of the sun in the sky per respect to zenith
AZI, degrees from north, Azimuthal position of the sun in the sky per respect to north
1
Simulated aircraft data interpolated from flight plan waypoints
20
-----------------------------------------------------------------------------
PI_CONTACT_INFO: Samuel LeBlanc, samuel.leblanc@nasa.gov
PLATFORM: er2
LOCATION: N/A
ASSOCIATED_DATA: N/A
INSTRUMENT_INFO: None
DATA_INFO: Compiled with flight planner: moving lines v0.8beta
UNCERTAINTY: Undefined
ULOD_FLAG: -7777
ULOD_VALUE: N/A
LLOD_FLAG: -8888
LLOD_VALUE: N/A
DM_CONTACT_INFO: See PI
PROJECT_INFO: ORACLES
STIPULATIONS_ON_USE: None
OTHER_COMMENTS: N/A
REVISION: RA
RA: First iteration of the flight plan
-----------------------------------------------------------------------------
Start_UTC,Latitude,Longitude,Altitude,speed,Bearing,SZA,AZI
25200,-22.979716667,14.645283333,   95,150.000,36.363,66.622,110.459
25260,-22.948958009,14.621036426,  463,148.455,36.315,66.418,110.575
25320,-22.918199351,14.596789518,  831,146.911,36.266,66.214,110.690
25380,-22.887440693,14.572542611, 1199,145.366,36.217,66.010,110.805
25440,-22.856682035,14.548295703, 1567,143.822,36.169,65.806,110.921
25500,-22.825923377,14.524048796, 1935,142.277,36.120,65.602,111.036
25560,-22.795164719,14.499801888, 2304,140.733,36.071,65.398,111.151
25620,-22.764406062,14.475554980, 2672,139.188,36.023,65.195,111.267
25680,-22.733647404,14.451308073, 3040,137.644,35.974,64.991,111.382
25740,-22.702888746,14.427061165, 3408,136.099,35.925,64.787,111.497
25800,-22.672130088,14.402814258, 3776,134.555,35.877,64.583,111.613
25860,-22.641371430,14.378567350, 4144,133.010,35.828,64.379,111.728
25920,-22.610612772,14.354320443, 4512,131.465,35.779,64.175,111.843
25980,-22.579854114,14.330073535, 4880,129.921,35.731,63.971,111.959
26040,-22.549095457,14.305826627, 5248,128.376,35.682,63.767,112.074
26100,-22.518336799,14.281579720, 5616,126.832,35.633,63.563,112.189
26160,-22.487578141,14.257332812, 5985,125.287,35.585,63.359,112.304
26220,-22.456819483,14.233085905, 6353,123.743,35.536,63.155,112.420
26280,-22.426060825,14.208838997, 6721,122.198,35.487,62.952,112.535
26340,-22.395302167,14.184592090, 7089,120.654,35.439,62.748,112.650
26400,-22.364543509,14.160345182, 7457,119.109,35.390,62.544,112.766
26460,-22.333784852,14.136098275, 7825,117.565,35.341,62.340,112.881
26520,-22.303026194,14.111851367, 8193,116.020,35.293,62.136,112.996
26580,-22.272267536,14.087604459, 8561,114.475,35.244,61.932,113.112
26640,-22.241508878,14.063357552, 8929,112.931,35.195,61.728,113.227
26700,-22.210750220,14.039110644, 9297,111.386,35.147,61.524,113.342
26760,-22.179991562,14.014863737, 9666,109.842,35.098,61.320,113.458
26820,-22.149232904,13.990616829,10034,108.297,35.049,61.116,113.573
26880,-22.118474246,13.966369922,10402,106.753,35.001,60.912,113.688
26940,-22.087715589,13.942123014,10770,105.208,34.952,60.709,113.803
27000,-22.056956931,13.917876106,11138,103.664,34.903,60.505,113.919
27060,-22.026198273,13.893629199,11506,102.119,34.855,60.301,114.034
27120,-21.995439615,13.869382291,11874,100.575,34.806,60.097,114.149
27180,-21.964680957,13.845135384,12242,99.030,34.757,59.893,114.265
27240,-21.933922299,13.820888476,12610,97.485,34.709,59.689,114.380
27300,-21.903163641,13.796641569,12978,95.941,34.660,59.485,114.495
27360,-21.872404984,13.772394661,13347,94.396,34.611,59.281,114.611
27420,-21.841646326,13.748147753,13715,92.852,34.563,59.077,114.726
27480,-21.810887668,13.723900846,14083,91.307,34.514,58.873,114.841
27540,-21.780129010,13.699653938,14451,89.763,34.465,58.670,114.957
27600,-21.749370352,13.675407031,14819,88.218,34.417,58.466,115.072
27660,-21.718611694,13.651160123,15187,86.674,34.368,58.262,115.187
27720,-21.687853036,13.626913216,15555,85.129,34.319,58.058,115.303
27780,-21.657094379,13.602666308,15923,83.584,34.271,57.854,115.418
27840,-21.626335721,13.578419401,16291,82.040,34.222,57.650,115.533
27900,-21.595577063,13.554172493,16659,80.495,34.173,57.446,115.648
27960,-21.564818405,13.529925585,17028,78.951,34.125,57.242,115.764
28020,-21.534059747,13.505678678,17396,77.406,34.076,57.038,115.879
28080,-21.503301089,13.481431770,17764,75.862,34.027,56.834,115.994
28140,-21.472542431,13.457184863,18132,74.317,33.979,56.630,116.110
28200,-21.441783774,13.432937955,18500,72.773,33.930,56.427,116.225
28260,-21.411025116,13.408691048,18868,71.228,33.881,56.223,116.340
28320,-21.341085807,13.359496493,19000,71.910,34.403,56.021,116.422
28380,-21.249256299,13.296363705,19000,73.836,35.243,55.822,116.484
28440,-21.157426790,13.233230918,19000,75.762,36.083,55.622,116.547
28500,-21.065597281,13.170098131,19000,77.688,36.923,55.422,116.609
28560,-20.973767772,13.106965343,19000,79.614,37.763,55.222,116.671
28620,-20.881938263,13.043832556,19000,81.540,38.603,55.023,116.734
28680,-20.790108754,12.980699769,19000,83.466,39.443,54.823,116.796
28740,-20.698279245,12.917566981,19000,85.392,40.283,54.623,116.859
28800,-20.606449736,12.854434194,19000,87.317,41.124,54.423,116.921
28860,-20.514620228,12.791301406,19000,89.243,41.964,54.224,116.984
28920,-20.422790719,12.728168619,19000,91.169,42.804,54.024,117.046
28980,-20.330961210,12.665035832,19000,93.095,43.644,53.824,117.109
29040,-20.239131701,12.601903044,19000,95.021,44.484,53.625,117.171
29100,-20.147302192,12.538770257,19000,96.947,45.324,53.425,117.233
29160,-20.055472683,12.475637470,19000,98.873,46.164,53.225,117.296
29220,-19.963643174,12.412504682,19000,100.799,47.004,53.025,117.358
29280,-19.871813665,12.349371895,19000,102.725,47.844,52.826,117.421
29340,-19.779984156,12.286239108,19000,104.651,48.684,52.626,117.483
29400,-19.688154648,12.223106320,19000,106.577,49.525,52.426,117.546
29460,-19.596325139,12.159973533,19000,108.502,50.365,52.226,117.608
29520,-19.504495630,12.096840746,19000,110.428,51.205,52.027,117.671
29580,-19.412666121,12.033707958,19000,112.354,52.045,51.827,117.733
29640,-19.320836612,11.970575171,19000,114.280,52.885,51.627,117.795
29700,-19.229007103,11.907442383,19000,116.206,53.725,51.427,117.858
29760,-19.137177594,11.844309596,19000,118.132,54.565,51.228,117.920
29820,-19.045348085,11.781176809,19000,120.058,55.405,51.028,117.983
29880,-18.953518577,11.718044021,19000,121.984,56.245,50.828,118.045
29940,-18.861689068,11.654911234,19000,123.910,57.085,50.628,118.108
30000,-18.769859559,11.591778447,19000,125.836,57.925,50.429,118.170
30060,-18.678030050,11.528645659,19000,127.762,58.766,50.229,118.232
30120,-18.586200541,11.465512872,19000,129.688,59.606,50.029,118.295
30180,-18.494371032,11.402380085,19000,131.613,60.446,49.829,118.357
30240,-18.402541523,11.339247297,19000,133.539,61.286,49.630,118.420
30300,-18.310712014,11.276114510,19000,135.465,62.126,49.430,118.482
30360,-18.218882505,11.212981723,19000,137.391,62.966,49.230,118.545
30420,-18.127052997,11.149848935,19000,139.317,63.806,49.030,118.607
30480,-18.035223488,11.086716148,19000,141.243,64.646,48.831,118.670
30540,-17.943393979,11.023583360,19000,143.169,65.486,48.631,118.732
30600,-17.851564470,10.960450573,19000,145.095,66.326,48.431,118.794
30660,-17.759734961,10.897317786,19000,147.021,67.166,48.231,118.857
30720,-17.667905452,10.834184998,19000,148.947,68.007,48.032,118.919
30780,-17.576075943,10.771052211,19000,150.873,68.847,47.832,118.982
30840,-17.484246434,10.707919424,19000,152.799,69.687,47.632,119.044
30900,-17.392416926,10.644786636,19000,154.724,70.527,47.433,119.107
30960,-17.300587417,10.581653849,19000,156.650,71.367,47.233,119.169
31020,-17.208757908,10.518521062,19000,158.576,72.207,47.033,119.231
31080,-17.116928399,10.455388274,19000,160.502,73.047,46.833,119.294
31140,-17.025098890,10.392255487,19000,162.428,73.887,46.634,119.356
31200,-16.933269381,10.329122700,19000,164.354,74.727,46.434,119.419
31260,-16.841439872,10.265989912,19000,166.280,75.567,46.234,119.481
31320,-16.749610363,10.202857125,19000,168.206,76.408,46.034,119.544
31380,-16.657780854,10.139724337,19000,170.132,77.248,45.835,119.606
31440,-16.565951346,10.076591550,19000,172.058,78.088,45.635,119.669
31500,-16.474121837,10.013458763,19000,173.984,78.928,45.435,119.731
31560,-16.382292328,9.950325975,19000,175.910,79.768,45.235,119.793
31620,-16.290462819,9.887193188,19000,177.835,80.608,45.036,119.856
31680,-16.198633310,9.824060401,19000,179.761,81.448,44.836,119.918
31740,-16.106803801,9.760927613,19000,181.687,82.288,44.636,119.981
31800,-16.014974292,9.697794826,19000,183.613,83.128,44.436,120.043
31860,-15.923144783,9.634662039,19000,185.539,83.968,44.237,120.106
31920,-15.831315275,9.571529251,19000,187.465,84.808,44.037,120.168
31980,-15.739485766,9.508396464,19000,189.391,85.649,43.837,120.231
32040,-15.647656257,9.445263677,19000,191.317,86.489,43.637,120.293
32100,-15.555826748,9.382130889,19000,193.243,87.329,43.438,120.355
32160,-15.463997239,9.318998102,19000,195.169,88.169,43.238,120.418
32220,-15.372167730,9.255865314,19000,197.095,89.009,43.038,120.480
32280,-15.280338221,9.192732527,19000,199.021,89.849,42.838,120.543
32340,-15.188508712,9.129599740,19000,200.946,90.689,42.639,120.605
32400,-15.096679203,9.066466952,19000,202.872,91.529,42.439,120.668
32460,-15.004849695,9.003334165,19000,204.798,92.369,42.239,120.730
32520,-15.000000000,8.892692221,19000,204.900,93.430,42.138,120.898
32580,-15.000000000,8.779401330,19000,204.900,94.502,42.042,121.073
32640,-15.000000000,8.666110439,19000,204.900,95.575,41.946,121.247
32700,-15.000000000,8.552819549,19000,204.900,96.648,41.850,121.421
32760,-15.000000000,8.439528658,19000,204.900,97.721,41.754,121.595
32820,-15.000000000,8.326237767,19000,204.900,98.793,41.658,121.770
32880,-15.000000000,8.212946876,19000,204.900,99.866,41.562,121.944
32940,-15.000000000,8.099655985,19000,204.900,100.939,41.466,122.118
33000,-15.000000000,7.986365094,19000,204.900,102.012,41.370,122.293
33060,-15.000000000,7.873074204,19000,204.900,103.084,41.274,122.467
33120,-15.000000000,7.759783313,19000,204.900,104.157,41.178,122.641
33180,-15.000000000,7.646492422,19000,204.900,105.230,41.082,122.815
33240,-15.000000000,7.533201531,19000,204.900,106.302,40.986,122.990
33300,-15.000000000,7.419910640,19000,204.900,107.375,40.890,123.164
33360,-15.000000000,7.306619749,19000,204.900,108.448,40.794,123.338
33420,-15.000000000,7.193328859,19000,204.900,109.521,40.698,123.512
33480,-15.000000000,7.080037968,19000,204.900,110.593,40.602,123.687
33540,-15.000000000,6.966747077,19000,204.900,111.666,40.506,123.861
33600,-15.000000000,6.853456186,19000,204.900,112.739,40.411,124.035
33660,-15.000000000,6.740165295,19000,204.900,113.812,40.315,124.209
33720,-15.000000000,6.626874405,19000,204.900,114.884,40.219,124.384
33780,-15.000000000,6.513583514,19000,204.900,115.957,40.123,124.558
33840,-15.000000000,6.400292623,19000,204.900,117.030,40.027,124.732
33900,-15.000000000,6.287001732,19000,204.900,118.102,39.931,124.907
33960,-15.000000000,6.173710841,19000,204.900,119.175,39.835,125.081
34020,-15.000000000,6.060419950,19000,204.900,120.248,39.739,125.255
34080,-15.000000000,5.947129060,19000,204.900,121.321,39.643,125.429
34140,-15.000000000,5.833838169,19000,204.900,122.393,39.547,125.604
34200,-15.000000000,5.720547278,19000,204.900,123.466,39.451,125.778
34260,-15.000000000,5.607256387,19000,204.900,124.539,39.355,125.952
34320,-15.000000000,5.493965496,19000,204.900,125.612,39.259,126.126
34380,-15.000000000,5.380674605,19000,204.900,126.684,39.163,126.301
34440,-15.000000000,5.267383715,19000,204.900,127.757,39.067,126.475
34500,-15.000000000,5.154092824,19000,204.900,128.830,38.971,126.649
34560,-15.000000000,5.040801933,19000,204.900,129.902,38.875,126.823
34620,-15.000000000,4.927511042,19000,204.900,130.975,38.779,126.998
34680,-15.000000000,4.814220151,19000,204.900,132.048,38.683,127.172
34740,-15.000000000,4.700929261,19000,204.900,133.121,38.587,127.346
34800,-15.000000000,4.587638370,19000,204.900,134.193,38.491,127.520
34860,-15.000000000,4.474347479,19000,204.900,135.266,38.395,127.695
34920,-15.000000000,4.361056588,19000,204.900,136.339,38.299,127.869
34980,-15.000000000,4.247765697,19000,204.900,137.412,38.203,128.043
35040,-15.000000000,4.134474806,19000,204.900,138.484,38.107,128.218
35100,-15.000000000,4.021183916,19000,204.900,139.557,38.011,128.392
35160,-15.000000000,3.907893025,19000,204.900,140.630,37.916,128.566
35220,-15.000000000,3.794602134,19000,204.900,141.703,37.820,128.740
35280,-15.000000000,3.681311243,19000,204.900,142.775,37.724,128.915
35340,-15.000000000,3.568020352,19000,204.900,143.848,37.628,129.089
35400,-15.000000000,3.454729461,19000,204.900,144.921,37.532,129.263
35460,-15.000000000,3.341438571,19000,204.900,145.993,37.436,129.437
35520,-15.000000000,3.228147680,19000,204.900,147.066,37.340,129.612
35580,-15.000000000,3.114856789,19000,204.900,148.139,37.244,129.786
35640,-15.000000000,3.001565898,19000,204.900,149.212,37.148,129.960
35700,-15.000000000,2.888275007,19000,204.900,150.284,37.052,130.134
35760,-15.000000000,2.774984116,19000,204.900,151.357,36.956,130.309
35820,-15.000000000,2.661693226,19000,204.900,152.430,36.860,130.483
35880,-15.000000000,2.548402335,19000,204.900,153.503,36.764,130.657
35940,-15.000000000,2.435111444,19000,204.900,154.575,36.668,130.832
36000,-15.000000000,2.321820553,19000,204.900,155.648,36.572,131.006
36060,-15.000000000,2.208529662,19000,204.900,156.721,36.476,131.180
36120,-15.000000000,2.095238772,19000,204.900,157.793,36.380,131.354
36180,-15.000000000,1.981947881,19000,204.900,158.866,36.284,131.529
36240,-15.000000000,1.868656990,19000,204.900,159.939,36.188,131.703
36300,-15.000000000,1.755366099,19000,204.900,161.012,36.092,131.877
36360,-15.000000000,1.642075208,19000,204.900,162.084,35.996,132.051
36420,-15.000000000,1.528784317,19000,204.900,163.157,35.900,132.226
36480,-15.000000000,1.415493427,19000,204.900,164.230,35.804,132.400
36540,-15.000000000,1.302202536,19000,204.900,165.303,35.708,132.574
36600,-15.000000000,1.188911645,19000,204.900,166.375,35.612,132.748
36660,-15.000000000,1.075620754,19000,204.900,167.448,35.516,132.923
36720,-15.000000000,0.962329863,19000,204.900,168.521,35.421,133.097
36780,-15.000000000,0.849038972,19000,204.900,169.593,35.325,133.271
36840,-15.000000000,0.735748082,19000,204.900,170.666,35.229,133.446
36900,-15.000000000,0.622457191,19000,204.900,171.739,35.133,133.620
36960,-15.000000000,0.509166300,19000,204.900,172.812,35.037,133.794
37020,-15.000000000,0.395875409,19000,204.900,173.884,34.941,133.968
37080,-15.000000000,0.282584518,19000,204.900,174.957,34.845,134.143
37140,-15.000000000,0.169293628,19000,204.900,176.030,34.749,134.317
37200,-15.000000000,0.056002737,19000,204.900,177.103,34.653,134.491
37260,-15.000000000,-0.057288154,19000,204.900,178.175,34.557,134.665
37320,-15.000000000,-0.170579045,19000,204.900,179.248,34.461,134.840
37380,-15.000000000,-0.283869936,19000,204.900,180.321,34.365,135.014
37440,-15.000000000,-0.397160827,19000,204.900,181.393,34.269,135.188
37500,-15.000000000,-0.510451717,19000,204.900,182.466,34.173,135.362
37560,-15.000000000,-0.623742608,19000,204.900,183.539,34.077,135.537
37620,-15.000000000,-0.737033499,19000,204.900,184.612,33.981,135.711
37680,-15.000000000,-0.850324390,19000,204.900,185.684,33.885,135.885
37740,-15.000000000,-0.963615281,19000,204.900,186.757,33.789,136.060
37800,-15.000000000,-1.076906172,19000,204.900,187.830,33.693,136.234
37860,-15.000000000,-1.190197062,19000,204.900,188.903,33.597,136.408
37920,-15.000000000,-1.303487953,19000,204.900,189.975,33.501,136.582
37980,-15.000000000,-1.416778844,19000,204.900,191.048,33.405,136.757
38040,-15.000000000,-1.530069735,19000,204.900,192.121,33.309,136.931
38100,-15.000000000,-1.643360626,19000,204.900,193.193,33.213,137.105
38160,-15.000000000,-1.756651516,19000,204.900,194.266,33.117,137.279
38220,-15.000000000,-1.869942407,19000,204.900,195.339,33.022,137.454
38280,-15.000000000,-1.983233298,19000,204.900,196.412,32.926,137.628
38340,-15.000000000,-2.096524189,19000,204.900,197.484,32.830,137.802
38400,-15.000000000,-2.209815080,19000,204.900,198.557,32.734,137.976
38460,-15.000000000,-2.323105971,19000,204.900,199.630,32.638,138.151
38520,-15.000000000,-2.436396861,19000,204.900,200.703,32.542,138.325
38580,-15.000000000,-2.549687752,19000,204.900,201.775,32.446,138.499
38640,-15.000000000,-2.662978643,19000,204.900,202.848,32.350,138.673
38700,-15.000000000,-2.776269534,19000,204.900,203.921,32.254,138.848
38760,-15.000000000,-2.889560425,19000,204.900,204.993,32.158,139.022
38820,-15.000000000,-3.002851316,19000,204.900,206.066,32.062,139.196
38880,-15.000000000,-3.116142206,19000,204.900,207.139,31.966,139.371
38940,-15.000000000,-3.229433097,19000,204.900,208.212,31.870,139.545
39000,-15.000000000,-3.342723988,19000,204.900,209.284,31.774,139.719
39060,-15.000000000,-3.456014879,19000,204.900,210.357,31.678,139.893
