src/Components/missions/ORACLES/Tracks/routine/ORACLES-Flt-plan_er2_20160901_RA.ict
42, 1001
Samuel LeBlanc
NASA Ames Research Center
Simulated flight plan
ORACLES
1,1
2016,09,01,2016,09,01
60
Start_UTC, seconds from midnight UTC, time keeping
7
1,1,1,1,1,1,1
-9999,-9999,-9999,-9999,-9999,-9999,-9999
Latitude, Degrees (North positive), Planned latitude position of the aircraft
Longitude, Degrees (East positive), Planned longitude position of the aircraft
Altitude, meters (above sea level), Planned altitude of the aircraft
speed, meters per second (m/s), Estimated speed of aircraft
Bearing, degrees from north, Direction of travel of the plane per respect to north
SZA, degrees from zenith, Elevation position of the sun in the sky per respect to zenith
AZI, degrees from north, Azimuthal position of the sun in the sky per respect to north
1
Simulated aircraft data interpolated from flight plan waypoints
20
-----------------------------------------------------------------------------
PI_CONTACT_INFO: Samuel LeBlanc, samuel.leblanc@nasa.gov
PLATFORM: er2
LOCATION: N/A
ASSOCIATED_DATA: N/A
INSTRUMENT_INFO: None
DATA_INFO: Compiled with flight planner: moving lines v0.8beta
UNCERTAINTY: Undefined
ULOD_FLAG: -7777
ULOD_VALUE: N/A
LLOD_FLAG: -8888
LLOD_VALUE: N/A
DM_CONTACT_INFO: See PI
PROJECT_INFO: ORACLES
STIPULATIONS_ON_USE: None
OTHER_COMMENTS: N/A
REVISION: RA
RA: First iteration of the flight plan
-----------------------------------------------------------------------------
Start_UTC,Latitude,Longitude,Altitude,speed,Bearing,SZA,AZI
[from data line 234]
39240,-9.883348449,-0.059719415, 1138,138.532,200.142,24.637,139.337
39300,-9.831903123,-0.113209112, 1130,138.478,201.436,24.455,139.512
39360,-9.780457797,-0.166698809, 1123,138.423,202.730,24.273,139.688
39420,-9.729012471,-0.220188506, 1116,138.369,204.024,24.092,139.863
39480,-9.677567146,-0.273678203, 1109,138.315,205.318,23.910,140.039
39540,-9.626121820,-0.327167900, 1101,138.260,206.612,23.729,140.215
39600,-9.574676494,-0.380657596, 1094,138.206,207.906,23.547,140.390
39660,-9.523231168,-0.434147293, 1087,138.151,209.200,23.365,140.566
39720,-9.471785842,-0.487636990, 1080,138.097,210.494,23.184,140.741
39780,-9.420340516,-0.541126687, 1072,138.043,211.788,23.002,140.917
39840,-9.368895190,-0.594616384, 1065,137.988,213.082,22.821,141.093
39900,-9.317449865,-0.648106081, 1058,137.934,214.376,22.639,141.268
39960,-9.266004539,-0.701595778, 1051,137.879,215.670,22.457,141.444
40020,-9.214559213,-0.755085475, 1043,137.825,216.964,22.276,141.619
40080,-9.163113887,-0.808575172, 1036,137.771,218.258,22.094,141.795
40140,-9.111668561,-0.862064869, 1029,137.716,219.552,21.912,141.970
40200,-9.060223235,-0.915554566, 1022,137.662,220.846,21.731,142.146
40260,-9.008777910,-0.969044262, 1014,137.607,222.140,21.549,142.322
40320,-8.957332584,-1.022533959, 1007,137.553,223.434,21.368,142.497
40380,-8.908507583,-1.073299203, 1000,137.499,224.695,21.194,142.685
40440,-8.957694888,-1.022157258, 1007,137.447,224.709,21.315,143.317
40500,-9.006882192,-0.971015313, 1014,137.395,224.723,21.436,143.950
40560,-9.056069497,-0.919873369, 1021,137.343,224.737,21.557,144.582
40620,-9.105256801,-0.868731424, 1028,137.291,224.752,21.679,145.214
40680,-9.154444106,-0.817589479, 1035,137.239,224.766,21.800,145.847
40740,-9.203631410,-0.766447535, 1042,137.187,224.780,21.921,146.479
40800,-9.252818714,-0.715305590, 1049,137.135,224.794,22.042,147.112
40860,-9.302006019,-0.664163645, 1056,137.083,224.808,22.163,147.744
40920,-9.351193323,-0.613021701, 1063,137.031,224.823,22.284,148.377
40980,-9.400380628,-0.561879756, 1070,136.979,224.837,22.406,149.009
41040,-9.449567932,-0.510737811, 1076,136.927,224.851,22.527,149.641
41100,-9.498755237,-0.459595867, 1083,136.875,224.865,22.648,150.274
41160,-9.547942541,-0.408453922, 1090,136.822,224.879,22.769,150.906
41220,-9.597129846,-0.357311977, 1097,136.770,224.894,22.890,151.539
41280,-9.646317150,-0.306170033, 1104,136.718,224.908,23.011,152.171
41340,-9.695504455,-0.255028088, 1111,136.666,224.922,23.133,152.804
41400,-9.744691759,-0.203886143, 1118,136.614,224.936,23.254,153.436
41460,-9.793879064,-0.152744199, 1125,136.562,224.950,23.375,154.068
41520,-9.843066368,-0.101602254, 1132,136.510,224.965,23.496,154.701
41580,-9.892253673,-0.050460309, 1139,136.458,224.979,23.617,155.333
41640,-9.941440977,0.000681636, 1146,136.406,224.993,23.738,155.966
41700,-9.990628282,0.051823580, 1153,136.354,225.007,23.860,156.598
41760,-10.039815586,0.102965525, 1160,136.302,225.021,23.981,157.231
41820,-10.089002890,0.154107470, 1167,136.250,225.036,24.102,157.863
41880,-10.138190195,0.205249414, 1174,136.198,225.050,24.223,158.496
41940,-10.187377499,0.256391359, 1180,136.146,225.064,24.344,159.128
42000,-10.236564804,0.307533304, 1187,136.094,225.078,24.465,159.760
42060,-10.285752108,0.358675248, 1194,136.042,225.092,24.587,160.393
42120,-10.334939413,0.409817193, 1201,135.990,225.107,24.708,161.025
42180,-10.384126717,0.460959138, 1208,135.938,225.121,24.829,161.658
42240,-10.433314022,0.512101082, 1215,135.886,225.135,24.950,162.290
42300,-10.482501326,0.563243027, 1222,135.834,225.149,25.071,162.923
42360,-10.531688631,0.614384972, 1229,135.782,225.163,25.192,163.555
42420,-10.580875935,0.665526916, 1236,135.730,225.178,25.314,164.187
42480,-10.630063240,0.716668861, 1243,135.678,225.192,25.435,164.820
42540,-10.679250544,0.767810806, 1250,135.626,225.206,25.556,165.452
42600,-10.728437849,0.818952750, 1257,135.574,225.220,25.677,166.085
42660,-10.777625153,0.870094695, 1264,135.522,225.234,25.798,166.717
42720,-10.826812458,0.921236640, 1271,135.470,225.249,25.919,167.350
42780,-10.875999762,0.972378584, 1278,135.418,225.263,26.041,167.982
42840,-10.925187067,1.023520529, 1285,135.366,225.277,26.162,168.614
42900,-10.974374371,1.074662474, 1291,135.314,225.291,26.283,169.247
42960,-11.023561675,1.125804418, 1298,135.262,225.305,26.404,169.879
43020,-11.072748980,1.176946363, 1305,135.210,225.319,26.525,170.512
43080,-11.121936284,1.228088308, 1312,135.158,225.334,26.647,171.144
43140,-11.171123589,1.279230252, 1319,135.106,225.348,26.768,171.777
43200,-11.220310893,1.330372197, 1326,135.054,225.362,26.889,172.409
43260,-11.269498198,1.381514142, 1333,135.002,225.376,27.010,173.042
43320,-11.318685502,1.432656086, 1340,134.950,225.390,27.131,173.674
43380,-11.367872807,1.483798031, 1347,134.898,225.405,27.252,174.306
43440,-11.417060111,1.534939976, 1354,134.846,225.419,27.374,174.939
43500,-11.466247416,1.586081920, 1361,134.794,225.433,27.495,175.571
43560,-11.515434720,1.637223865, 1368,134.742,225.447,27.616,176.204
43620,-11.564622025,1.688365810, 1375,134.690,225.461,27.737,176.836
43680,-11.613809329,1.739507755, 1382,134.638,225.476,27.858,177.469
43740,-11.662996634,1.790649699, 1389,134.586,225.490,27.979,178.101
43800,-11.712183938,1.841791644, 1395,134.534,225.504,28.101,178.733
43860,-11.761371243,1.892933589, 1402,134.482,225.518,28.222,179.366
43920,-11.810558547,1.944075533, 1409,134.430,225.532,28.343,179.998
43980,-11.859745852,1.995217478, 1416,134.378,225.547,28.464,180.631
44040,-11.908933156,2.046359423, 1423,134.326,225.561,28.585,181.263
44100,-11.958120460,2.097501367, 1430,134.274,225.575,28.706,181.896
44160,-12.007307765,2.148643312, 1437,134.222,225.589,28.828,182.528
44220,-12.056495069,2.199785257, 1444,134.170,225.603,28.949,183.160
44280,-12.105682374,2.250927201, 1451,134.118,225.618,29.070,183.793
44340,-12.154869678,2.302069146, 1458,134.066,225.632,29.191,184.425
44400,-12.204056983,2.353211091, 1465,134.014,225.646,29.312,185.058
44460,-12.253244287,2.404353035, 1472,133.962,225.660,29.433,185.690
44520,-12.302431592,2.455494980, 1479,133.910,225.674,29.555,186.323
44580,-12.351618896,2.506636925, 1486,133.858,225.689,29.676,186.955
44640,-12.400806201,2.557778869, 1493,133.806,225.703,29.797,187.587
44700,-12.449993505,2.608920814, 1499,133.754,225.717,29.918,188.220
44760,-12.499180810,2.660062759, 1506,133.702,225.731,30.039,188.852
44820,-12.548368114,2.711204703, 1513,133.650,225.745,30.160,189.485
44880,-12.597555419,2.762346648, 1520,133.598,225.760,30.282,190.117
44940,-12.646742723,2.813488593, 1527,133.546,225.774,30.403,190.750
45000,-12.695930028,2.864630537, 1534,133.494,225.788,30.524,191.382
45060,-12.745117332,2.915772482, 1541,133.442,225.802,30.645,192.015
45120,-12.794304637,2.966914427, 1548,133.390,225.816,30.766,192.647
45180,-12.843491941,3.018056371, 1555,133.338,225.831,30.888,193.279
45240,-12.892679245,3.069198316, 1562,133.286,225.845,31.009,193.912
45300,-12.941866550,3.120340261, 1569,133.234,225.859,31.130,194.544
45360,-12.991053854,3.171482205, 1576,133.182,225.873,31.251,195.177
45420,-13.040241159,3.222624150, 1583,133.130,225.887,31.372,195.809
45480,-13.089428463,3.273766095, 1590,133.078,225.902,31.493,196.442
45540,-13.138615768,3.324908039, 1597,133.026,225.916,31.615,197.074
45600,-13.187803072,3.376049984, 1604,132.974,225.930,31.736,197.706
45660,-13.236990377,3.427191929, 1610,132.922,225.944,31.857,198.339
45720,-13.286177681,3.478333873, 1617,132.870,225.958,31.978,198.971
45780,-13.335364986,3.529475818, 1624,132.818,225.973,32.099,199.604
45840,-13.384552290,3.580617763, 1631,132.766,225.987,32.220,200.236
45900,-13.433739595,3.631759708, 1638,132.714,226.001,32.342,200.869
45960,-13.482926899,3.682901652, 1645,132.662,226.015,32.463,201.501
46020,-13.532114204,3.734043597, 1652,132.610,226.029,32.584,202.133
46080,-13.581301508,3.785185542, 1659,132.558,226.044,32.705,202.766
46140,-13.630488813,3.836327486, 1666,132.506,226.058,32.826,203.398
46200,-13.679676117,3.887469431, 1673,132.454,226.072,32.947,204.031
46260,-13.728863422,3.938611376, 1680,132.402,226.086,33.069,204.663
46320,-13.778050726,3.989753320, 1687,132.350,226.100,33.190,205.296
46380,-13.827238030,4.040895265, 1694,132.298,226.115,33.311,205.928
46440,-13.876425335,4.092037210, 1701,132.245,226.129,33.432,206.561
46500,-13.925612639,4.143179154, 1708,132.193,226.143,33.553,207.193
46560,-13.974799944,4.194321099, 1714,132.141,226.157,33.674,207.825
46620,-14.023987248,4.245463044, 1721,132.089,226.171,33.796,208.458
46680,-14.073174553,4.296604988, 1728,132.037,226.186,33.917,209.090
46740,-14.122361857,4.347746933, 1735,131.985,226.200,34.038,209.723
46800,-14.171549162,4.398888878, 1742,131.933,226.214,34.159,210.355
46860,-14.220736466,4.450030822, 1749,131.881,226.228,34.280,210.988
46920,-14.269923771,4.501172767, 1756,131.829,226.242,34.401,211.620
46980,-14.319111075,4.552314712, 1763,131.777,226.257,34.523,212.252
47040,-14.368298380,4.603456656, 1770,131.725,226.271,34.644,212.885
47100,-14.417485684,4.654598601, 1777,131.673,226.285,34.765,213.517
47160,-14.466672989,4.705740546, 1784,131.621,226.299,34.886,214.150
47220,-14.515860293,4.756882490, 1791,131.569,226.313,35.007,214.782
47280,-14.565047598,4.808024435, 1798,131.517,226.328,35.128,215.415
47340,-14.614234902,4.859166380, 1805,131.465,226.342,35.250,216.047
47400,-14.663422206,4.910308324, 1812,131.413,226.356,35.371,216.679
47460,-14.712609511,4.961450269, 1818,131.361,226.370,35.492,217.312
47520,-14.761796815,5.012592214, 1825,131.309,226.384,35.613,217.944
47580,-14.810984120,5.063734158, 1832,131.257,226.399,35.734,218.577
47640,-14.860171424,5.114876103, 1839,131.205,226.413,35.856,219.209
47700,-14.909358729,5.166018048, 1846,131.153,226.427,35.977,219.842
47760,-14.958546033,5.217159992, 1853,131.101,226.441,36.098,220.474
47820,-15.007733338,5.268301937, 1860,131.049,226.455,36.219,221.107
47880,-15.056920642,5.319443882, 1867,130.997,226.470,36.340,221.739
47940,-15.106107947,5.370585827, 1874,130.945,226.484,36.461,222.371
48000,-15.155295251,5.421727771, 1881,130.893,226.498,36.583,223.004
48060,-15.204482556,5.472869716, 1888,130.841,226.512,36.704,223.636
48120,-15.253669860,5.524011661, 1895,130.789,226.526,36.825,224.269
48180,-15.302857165,5.575153605, 1902,130.737,226.541,36.946,224.901
48240,-15.352044469,5.626295550, 1909,130.685,226.555,37.067,225.534
48300,-15.401231774,5.677437495, 1916,130.633,226.569,37.188,226.166
48360,-15.450419078,5.728579439, 1923,130.581,226.583,37.310,226.798
48420,-15.499606383,5.779721384, 1929,130.529,226.597,37.431,227.431
48480,-15.548793687,5.830863329, 1936,130.477,226.612,37.552,228.063
48540,-15.597980991,5.882005273, 1943,130.425,226.626,37.673,228.696
48600,-15.647168296,5.933147218, 1950,130.373,226.640,37.794,229.328
48660,-15.696355600,5.984289163, 1957,130.321,226.654,37.915,229.961
48720,-15.745542905,6.035431107, 1964,130.269,226.668,38.037,230.593
48780,-15.794730209,6.086573052, 1971,130.217,226.683,38.158,231.225
48840,-15.843917514,6.137714997, 1978,130.165,226.697,38.279,231.858
48900,-15.893104818,6.188856941, 1985,130.113,226.711,38.400,232.490
48960,-15.942292123,6.239998886, 1992,130.061,226.725,38.521,233.123
49020,-15.991479427,6.291140831, 1999,130.009,226.739,38.642,233.755
49080,-16.048766818,6.354185353, 2426,132.322,226.746,38.897,234.061
49140,-16.107751354,6.419723727, 2941,135.131,226.751,39.179,234.297
49200,-16.166735891,6.485262101, 3456,137.940,226.756,39.461,234.534
49260,-16.225720427,6.550800475, 3971,140.749,226.762,39.743,234.771
49320,-16.284704964,6.616338849, 4486,143.557,226.767,40.025,235.008
49380,-16.343689500,6.681877222, 5000,146.366,226.772,40.307,235.245
49440,-16.402674037,6.747415596, 5515,149.175,226.777,40.589,235.482
49500,-16.461658573,6.812953970, 6030,151.984,226.782,40.871,235.719
49560,-16.520643110,6.878492344, 6545,154.793,226.787,41.153,235.955
49620,-16.579627646,6.944030718, 7060,157.601,226.792,41.435,236.192
49680,-16.639251217,7.010810315, 7500,160.026,226.806,41.720,236.419
49740,-16.702612481,7.084849780, 7500,160.203,226.867,42.021,236.587
49800,-16.765973744,7.158889245, 7500,160.380,226.929,42.323,236.755
49860,-16.829335008,7.232928710, 7500,160.557,226.990,42.624,236.923
49920,-16.892696271,7.306968176, 7500,160.734,227.052,42.926,237.092
49980,-16.956057535,7.381007641, 7500,160.911,227.113,43.227,237.260
50040,-17.019418798,7.455047106, 7500,161.088,227.175,43.528,237.428
50100,-17.082780062,7.529086572, 7500,161.265,227.236,43.830,237.596
50160,-17.146141326,7.603126037, 7500,161.442,227.298,44.131,237.764
50220,-17.209502589,7.677165502, 7500,161.619,227.359,44.433,237.932
50280,-17.272863853,7.751204967, 7500,161.796,227.420,44.734,238.100
50340,-17.336225116,7.825244433, 7500,161.973,227.482,45.036,238.269
50400,-17.399586380,7.899283898, 7500,162.150,227.543,45.337,238.437
50460,-17.462947643,7.973323363, 7500,162.327,227.605,45.639,238.605
50520,-17.526308907,8.047362828, 7500,162.504,227.666,45.940,238.773
50580,-17.589670170,8.121402294, 7500,162.681,227.728,46.242,238.941
50640,-17.653031434,8.195441759, 7500,162.858,227.789,46.543,239.109
50700,-17.716392697,8.269481224, 7500,163.035,227.851,46.845,239.277
50760,-17.779753961,8.343520690, 7500,163.212,227.912,47.146,239.446
50820,-17.843115224,8.417560155, 7500,163.389,227.974,47.448,239.614
50880,-17.906476488,8.491599620, 7500,163.566,228.035,47.749,239.782
50940,-17.969837751,8.565639085, 7500,163.743,228.097,48.051,239.950
51000,-18.033199015,8.639678551, 7500,163.920,228.158,48.352,240.118
51060,-18.096560278,8.713718016, 7500,164.097,228.219,48.653,240.286
51120,-18.159921542,8.787757481, 7500,164.274,228.281,48.955,240.454
51180,-18.223282805,8.861796947, 7500,164.451,228.342,49.256,240.623
51240,-18.286644069,8.935836412, 7500,164.627,228.404,49.558,240.791
51300,-18.350005332,9.009875877, 7500,164.804,228.465,49.859,240.959
51360,-18.413366596,9.083915342, 7500,164.981,228.527,50.161,241.127
51420,-18.476727859,9.157954808, 7500,165.158,228.588,50.462,241.295
51480,-18.540089123,9.231994273, 7500,165.335,228.650,50.764,241.463
51540,-18.603450386,9.306033738, 7500,165.512,228.711,51.065,241.631
51600,-18.666811650,9.380073204, 7500,165.689,228.773,51.367,241.799
51660,-18.730172913,9.454112669, 7500,165.866,228.834,51.668,241.968
51720,-18.793534177,9.528152134, 7500,166.043,228.896,51.970,242.136
51780,-18.856895440,9.602191599, 7500,166.220,228.957,52.271,242.304
51840,-18.920256704,9.676231065, 7500,166.397,229.018,52.573,242.472
51900,-18.983617967,9.750270530, 7500,166.574,229.080,52.874,242.640
51960,-19.046979231,9.824309995, 7500,166.751,229.141,53.176,242.808
52020,-19.110340495,9.898349461, 7500,166.928,229.203,53.477,242.976
52080,-19.173701758,9.972388926, 7500,167.105,229.264,53.779,243.145
52140,-19.237063022,10.046428391, 7500,167.282,229.326,54.080,243.313
52200,-19.300424285,10.120467856, 7500,167.459,229.387,54.381,243.481
52260,-19.363785549,10.194507322, 7500,167.636,229.449,54.683,243.649
52320,-19.427146812,10.268546787, 7500,167.813,229.510,54.984,243.817
52380,-19.490508076,10.342586252, 7500,167.990,229.572,55.286,243.985
52440,-19.553869339,10.416625718, 7500,168.167,229.633,55.587,244.153
52500,-19.617230603,10.490665183, 7500,168.344,229.695,55.889,244.322
52560,-19.680591866,10.564704648, 7500,168.521,229.756,56.190,244.490
52620,-19.743953130,10.638744113, 7500,168.698,229.817,56.492,244.658
52680,-19.807314393,10.712783579, 7500,168.875,229.879,56.793,244.826
52740,-19.870675657,10.786823044, 7500,169.052,229.940,57.095,244.994
52800,-19.934036920,10.860862509, 7500,169.229,230.002,57.396,245.162
52860,-19.997398184,10.934901974, 7500,169.406,230.063,57.698,245.330
52920,-20.060759447,11.008941440, 7500,169.583,230.125,57.999,245.498
52980,-20.124120711,11.082980905, 7500,169.760,230.186,58.301,245.667
