src/Components/missions/ORACLES/Tracks/routine/ORACLES-Flt-plan_er2_20160901_RA_15S.ict
42, 1001
Samuel LeBlanc
NASA Ames Research Center
Simulated flight plan
ORACLES
1,1
2016,09,01,2016,09,01
60
Start_UTC, seconds from midnight UTC, time keeping
7
1,1,1,1,1,1,1
-9999,-9999,-9999,-9999,-9999,-9999,-9999
Latitude, Degrees (North positive), Planned latitude position of the aircraft
Longitude, Degrees (East positive), Planned longitude position of the aircraft
Altitude, meters (above sea level), Planned altitude of the aircraft
speed, meters per second (m/s), Estimated speed of aircraft
Bearing, degrees from north, Direction of travel of the plane per respect to north
SZA, degrees from zenith, Elevation position of the sun in the sky per respect to zenith
AZI, degrees from north, Azimuthal position of the sun in the sky per respect to north
1
Simulated aircraft data interpolated from flight plan waypoints
20
-----------------------------------------------------------------------------
PI_CONTACT_INFO: Samuel LeBlanc, samuel.leblanc@nasa.gov
PLATFORM: er2
LOCATION: N/A
ASSOCIATED_DATA: N/A
INSTRUMENT_INFO: None
DATA_INFO: Compiled with flight planner: moving lines v0.8beta
UNCERTAINTY: Undefined
ULOD_FLAG: -7777
ULOD_VALUE: N/A
LLOD_FLAG: -8888
LLOD_VALUE: N/A
DM_CONTACT_INFO: See PI
PROJECT_INFO: ORACLES
STIPULATIONS_ON_USE: None
OTHER_COMMENTS: N/A
REVISION: RA
RA: First iteration of the flight plan
-----------------------------------------------------------------------------
Start_UTC,Latitude,Longitude,Altitude,speed,Bearing,SZA,AZI
[from data line 233]
39180,-15.000000000,-3.682596661,19000,204.900,212.503,31.486,140.242
39240,-15.000000000,-3.795887551,19000,204.900,213.575,31.390,140.416
39300,-15.000000000,-3.909178442,19000,204.900,214.648,31.294,140.590
39360,-15.000000000,-4.022469333,19000,204.900,215.721,31.198,140.765
39420,-15.000000000,-4.135760224,19000,204.900,216.793,31.102,140.939
39480,-15.000000000,-4.249051115,19000,204.900,217.866,31.006,141.113
39540,-15.000000000,-4.362342005,19000,204.900,218.939,30.910,141.287
39600,-15.000000000,-4.475632896,19000,204.900,220.012,30.814,141.462
39660,-15.000000000,-4.588923787,19000,204.900,221.084,30.718,141.636
39720,-15.000000000,-4.702214678,19000,204.900,222.157,30.622,141.810
39780,-15.000000000,-4.815505569,19000,204.900,223.230,30.527,141.985
39840,-15.000000000,-4.928796460,19000,204.900,224.303,30.431,142.159
39900,-15.000000000,-5.042087350,19000,204.900,225.375,30.335,142.333
39960,-15.000000000,-5.155378241,19000,204.900,226.448,30.239,142.507
40020,-15.000000000,-5.268669132,19000,204.900,227.521,30.143,142.682
40080,-15.000000000,-5.381960023,19000,204.900,228.593,30.047,142.856
40140,-15.000000000,-5.495250914,19000,204.900,229.666,29.951,143.030
40200,-15.000000000,-5.608541805,19000,204.900,230.739,29.855,143.204
40260,-15.000000000,-5.721832695,19000,204.900,231.812,29.759,143.379
40320,-15.000000000,-5.835123586,19000,204.900,232.884,29.663,143.553
40380,-15.000000000,-5.948414477,19000,204.900,233.957,29.567,143.727
40440,-15.000000000,-6.061705368,19000,204.900,235.030,29.471,143.901
40500,-15.000000000,-6.174996259,19000,204.900,236.103,29.375,144.076
40560,-15.000000000,-6.288287149,19000,204.900,237.175,29.279,144.250
40620,-15.000000000,-6.401578040,19000,204.900,238.248,29.183,144.424
40680,-15.000000000,-6.514868931,19000,204.900,239.321,29.087,144.599
40740,-15.000000000,-6.628159822,19000,204.900,240.393,28.991,144.773
40800,-15.000000000,-6.741450713,19000,204.900,241.466,28.895,144.947
40860,-15.000000000,-6.854741604,19000,204.900,242.539,28.799,145.121
40920,-15.000000000,-6.968032494,19000,204.900,243.612,28.703,145.296
40980,-15.000000000,-7.081323385,19000,204.900,244.684,28.607,145.470
41040,-15.000000000,-7.194614276,19000,204.900,245.757,28.511,145.644
41100,-15.000000000,-7.307905167,19000,204.900,246.830,28.415,145.818
41160,-15.000000000,-7.421196058,19000,204.900,247.903,28.319,145.993
41220,-15.000000000,-7.534486949,19000,204.900,248.975,28.223,146.167
41280,-15.000000000,-7.647777839,19000,204.900,250.048,28.128,146.341
41340,-15.000000000,-7.761068730,19000,204.900,251.121,28.032,146.515
41400,-15.000000000,-7.874359621,19000,204.900,252.193,27.936,146.690
41460,-15.000000000,-7.987650512,19000,204.900,253.266,27.840,146.864
41520,-15.000000000,-8.100941403,19000,204.900,254.339,27.744,147.038
41580,-15.000000000,-8.214232293,19000,204.900,255.412,27.648,147.213
41640,-15.000000000,-8.327523184,19000,204.900,256.484,27.552,147.387
41700,-15.000000000,-8.440814075,19000,204.900,257.557,27.456,147.561
41760,-15.000000000,-8.554104966,19000,204.900,258.630,27.360,147.735
41820,-15.000000000,-8.667395857,19000,204.900,259.703,27.264,147.910
41880,-15.000000000,-8.780686748,19000,204.900,260.775,27.168,148.084
41940,-15.000000000,-8.893977638,19000,204.900,261.848,27.072,148.258
42000,-15.000000000,-9.007268529,19000,204.900,262.921,26.976,148.432
42060,-15.000000000,-9.120559420,19000,204.900,263.993,26.880,148.607
42120,-15.000000000,-9.233850311,19000,204.900,265.066,26.784,148.781
42180,-15.000000000,-9.347141202,19000,204.900,266.139,26.688,148.955
42240,-15.000000000,-9.460432093,19000,204.900,267.212,26.592,149.129
42300,-15.000000000,-9.425802220,19000,204.900,267.365,26.656,149.579
42360,-15.000000000,-9.311781704,19000,204.900,267.026,26.805,150.177
42420,-15.000000000,-9.197761188,19000,204.900,266.687,26.954,150.775
42480,-15.000000000,-9.083740672,19000,204.900,266.347,27.103,151.372
42540,-15.000000000,-8.969720155,19000,204.900,266.008,27.253,151.970
42600,-15.000000000,-8.855699639,19000,204.900,265.668,27.402,152.568
42660,-15.000000000,-8.741679123,19000,204.900,265.329,27.551,153.165
42720,-15.000000000,-8.627658607,19000,204.900,264.990,27.700,153.763
42780,-15.000000000,-8.513638091,19000,204.900,264.650,27.850,154.361
42840,-15.000000000,-8.399617575,19000,204.900,264.311,27.999,154.958
42900,-15.000000000,-8.285597059,19000,204.900,263.971,28.148,155.556
42960,-15.000000000,-8.171576543,19000,204.900,263.632,28.297,156.154
43020,-15.000000000,-8.057556027,19000,204.900,263.293,28.447,156.752
43080,-15.000000000,-7.943535511,19000,204.900,262.953,28.596,157.349
43140,-15.000000000,-7.829514995,19000,204.900,262.614,28.745,157.947
43200,-15.000000000,-7.715494479,19000,204.900,262.274,28.894,158.545
43260,-15.000000000,-7.601473962,19000,204.900,261.935,29.044,159.142
43320,-15.000000000,-7.487453446,19000,204.900,261.595,29.193,159.740
43380,-15.000000000,-7.373432930,19000,204.900,261.256,29.342,160.338
43440,-15.000000000,-7.259412414,19000,204.900,260.917,29.491,160.935
43500,-15.000000000,-7.145391898,19000,204.900,260.577,29.641,161.533
43560,-15.000000000,-7.031371382,19000,204.900,260.238,29.790,162.131
43620,-15.000000000,-6.917350866,19000,204.900,259.898,29.939,162.728
43680,-15.000000000,-6.803330350,19000,204.900,259.559,30.088,163.326
43740,-15.000000000,-6.689309834,19000,204.900,259.220,30.238,163.924
43800,-15.000000000,-6.575289318,19000,204.900,258.880,30.387,164.522
43860,-15.000000000,-6.461268802,19000,204.900,258.541,30.536,165.119
43920,-15.000000000,-6.347248286,19000,204.900,258.201,30.685,165.717
43980,-15.000000000,-6.233227769,19000,204.900,257.862,30.834,166.315
44040,-15.000000000,-6.119207253,19000,204.900,257.522,30.984,166.912
44100,-15.000000000,-6.005186737,19000,204.900,257.183,31.133,167.510
44160,-15.000000000,-5.891166221,19000,204.900,256.844,31.282,168.108
44220,-15.000000000,-5.777145705,19000,204.900,256.504,31.431,168.705
44280,-15.000000000,-5.663125189,19000,204.900,256.165,31.581,169.303
44340,-15.000000000,-5.549104673,19000,204.900,255.825,31.730,169.901
44400,-15.000000000,-5.435084157,19000,204.900,255.486,31.879,170.498
44460,-15.000000000,-5.321063641,19000,204.900,255.147,32.028,171.096
44520,-15.000000000,-5.207043125,19000,204.900,254.807,32.178,171.694
44580,-15.000000000,-5.093022609,19000,204.900,254.468,32.327,172.292
44640,-15.000000000,-4.979002092,19000,204.900,254.128,32.476,172.889
44700,-15.000000000,-4.864981576,19000,204.900,253.789,32.625,173.487
44760,-15.000000000,-4.750961060,19000,204.900,253.450,32.775,174.085
44820,-15.000000000,-4.636940544,19000,204.900,253.110,32.924,174.682
44880,-15.000000000,-4.522920028,19000,204.900,252.771,33.073,175.280
44940,-15.000000000,-4.408899512,19000,204.900,252.431,33.222,175.878
45000,-15.000000000,-4.294878996,19000,204.900,252.092,33.372,176.475
45060,-15.000000000,-4.180858480,19000,204.900,251.752,33.521,177.073
45120,-15.000000000,-4.066837964,19000,204.900,251.413,33.670,177.671
45180,-15.000000000,-3.952817448,19000,204.900,251.074,33.819,178.268
45240,-15.000000000,-3.838796932,19000,204.900,250.734,33.969,178.866
45300,-15.000000000,-3.724776416,19000,204.900,250.395,34.118,179.464
45360,-15.000000000,-3.610755899,19000,204.900,250.055,34.267,180.062
45420,-15.000000000,-3.496735383,19000,204.900,249.716,34.416,180.659
45480,-15.000000000,-3.382714867,19000,204.900,249.377,34.566,181.257
45540,-15.000000000,-3.268694351,19000,204.900,249.037,34.715,181.855
45600,-15.000000000,-3.154673835,19000,204.900,248.698,34.864,182.452
45660,-15.000000000,-3.040653319,19000,204.900,248.358,35.013,183.050
45720,-15.000000000,-2.926632803,19000,204.900,248.019,35.163,183.648
45780,-15.000000000,-2.812612287,19000,204.900,247.680,35.312,184.245
45840,-15.000000000,-2.698591771,19000,204.900,247.340,35.461,184.843
45900,-15.000000000,-2.584571255,19000,204.900,247.001,35.610,185.441
45960,-15.000000000,-2.470550739,19000,204.900,246.661,35.759,186.038
46020,-15.000000000,-2.356530222,19000,204.900,246.322,35.909,186.636
46080,-15.000000000,-2.242509706,19000,204.900,245.982,36.058,187.234
46140,-15.000000000,-2.128489190,19000,204.900,245.643,36.207,187.831
46200,-15.000000000,-2.014468674,19000,204.900,245.304,36.356,188.429
46260,-15.000000000,-1.900448158,19000,204.900,244.964,36.506,189.027
46320,-15.000000000,-1.786427642,19000,204.900,244.625,36.655,189.625
46380,-15.000000000,-1.672407126,19000,204.900,244.285,36.804,190.222
46440,-15.000000000,-1.558386610,19000,204.900,243.946,36.953,190.820
46500,-15.000000000,-1.444366094,19000,204.900,243.607,37.103,191.418
46560,-15.000000000,-1.330345578,19000,204.900,243.267,37.252,192.015
46620,-15.000000000,-1.216325062,19000,204.900,242.928,37.401,192.613
46680,-15.000000000,-1.102304546,19000,204.900,242.588,37.550,193.211
46740,-15.000000000,-0.988284029,19000,204.900,242.249,37.700,193.808
46800,-15.000000000,-0.874263513,19000,204.900,241.910,37.849,194.406
46860,-15.000000000,-0.760242997,19000,204.900,241.570,37.998,195.004
46920,-15.000000000,-0.646222481,19000,204.900,241.231,38.147,195.601
46980,-15.000000000,-0.532201965,19000,204.900,240.891,38.297,196.199
47040,-15.000000000,-0.418181449,19000,204.900,240.552,38.446,196.797
47100,-15.000000000,-0.304160933,19000,204.900,240.212,38.595,197.395
47160,-15.000000000,-0.190140417,19000,204.900,239.873,38.744,197.992
47220,-15.000000000,-0.076119901,19000,204.900,239.534,38.894,198.590
47280,-15.000000000,0.037900615,19000,204.900,239.194,39.043,199.188
47340,-15.000000000,0.151921131,19000,204.900,238.855,39.192,199.785
47400,-15.000000000,0.265941648,19000,204.900,238.515,39.341,200.383
47460,-15.000000000,0.379962164,19000,204.900,238.176,39.491,200.981
47520,-15.000000000,0.493982680,19000,204.900,237.837,39.640,201.578
47580,-15.000000000,0.608003196,19000,204.900,237.497,39.789,202.176
47640,-15.000000000,0.722023712,19000,204.900,237.158,39.938,202.774
47700,-15.000000000,0.836044228,19000,204.900,236.818,40.087,203.371
47760,-15.000000000,0.950064744,19000,204.900,236.479,40.237,203.969
47820,-15.000000000,1.064085260,19000,204.900,236.139,40.386,204.567
47880,-15.000000000,1.178105776,19000,204.900,235.800,40.535,205.165
47940,-15.000000000,1.292126292,19000,204.900,235.461,40.684,205.762
48000,-15.000000000,1.406146808,19000,204.900,235.121,40.834,206.360
48060,-15.000000000,1.520167324,19000,204.900,234.782,40.983,206.958
48120,-15.000000000,1.634187841,19000,204.900,234.442,41.132,207.555
48180,-15.000000000,1.748208357,19000,204.900,234.103,41.281,208.153
48240,-15.000000000,1.862228873,19000,204.900,233.764,41.431,208.751
48300,-15.000000000,1.976249389,19000,204.900,233.424,41.580,209.348
48360,-15.000000000,2.090269905,19000,204.900,233.085,41.729,209.946
48420,-15.000000000,2.204290421,19000,204.900,232.745,41.878,210.544
48480,-15.000000000,2.318310937,19000,204.900,232.406,42.028,211.141
48540,-15.000000000,2.432331453,19000,204.900,232.067,42.177,211.739
48600,-15.000000000,2.546351969,19000,204.900,231.727,42.326,212.337
48660,-15.000000000,2.660372485,19000,204.900,231.388,42.475,212.935
48720,-15.000000000,2.774393001,19000,204.900,231.048,42.625,213.532
48780,-15.000000000,2.888413517,19000,204.900,230.709,42.774,214.130
48840,-15.000000000,3.002434034,19000,204.900,230.369,42.923,214.728
48900,-15.000000000,3.116454550,19000,204.900,230.030,43.072,215.325
48960,-15.000000000,3.230475066,19000,204.900,229.691,43.222,215.923
49020,-15.000000000,3.344495582,19000,204.900,229.351,43.371,216.521
49080,-15.000000000,3.458516098,19000,204.900,229.012,43.520,217.118
49140,-15.000000000,3.572536614,19000,204.900,228.672,43.669,217.716
49200,-15.000000000,3.686557130,19000,204.900,228.333,43.819,218.314
49260,-15.000000000,3.800577646,19000,204.900,227.994,43.968,218.911
49320,-15.000000000,3.914598162,19000,204.900,227.654,44.117,219.509
49380,-15.000000000,4.028618678,19000,204.900,227.315,44.266,220.107
49440,-15.000000000,4.142639194,19000,204.900,226.975,44.415,220.705
49500,-15.000000000,4.256659711,19000,204.900,226.636,44.565,221.302
49560,-15.000000000,4.370680227,19000,204.900,226.297,44.714,221.900
49620,-15.000000000,4.484700743,19000,204.900,225.957,44.863,222.498
49680,-15.000000000,4.598721259,19000,204.900,225.618,45.012,223.095
49740,-15.000000000,4.712741775,19000,204.900,225.278,45.162,223.693
49800,-15.000000000,4.826762291,19000,204.900,224.939,45.311,224.291
49860,-15.000000000,4.940782807,19000,204.900,224.599,45.460,224.888
49920,-15.000000000,5.054803323,19000,204.900,224.260,45.609,225.486
49980,-15.000000000,5.168823839,19000,204.900,223.921,45.759,226.084
50040,-15.000000000,5.282844355,19000,204.900,223.581,45.908,226.681
50100,-15.000000000,5.396864871,19000,204.900,223.242,46.057,227.279
50160,-15.000000000,5.510885387,19000,204.900,222.902,46.206,227.877
50220,-15.000000000,5.624905904,19000,204.900,222.563,46.356,228.475
50280,-15.000000000,5.738926420,19000,204.900,222.224,46.505,229.072
50340,-15.000000000,5.852946936,19000,204.900,221.884,46.654,229.670
50400,-15.000000000,5.966967452,19000,204.900,221.545,46.803,230.268
50460,-15.000000000,6.080987968,19000,204.900,221.205,46.953,230.865
50520,-15.000000000,6.195008484,19000,204.900,220.866,47.102,231.463
50580,-15.000000000,6.309029000,19000,204.900,220.527,47.251,232.061
50640,-15.000000000,6.423049516,19000,204.900,220.187,47.400,232.658
50700,-15.000000000,6.537070032,19000,204.900,219.848,47.550,233.256
50760,-15.000000000,6.651090548,19000,204.900,219.508,47.699,233.854
50820,-15.000000000,6.765111064,19000,204.900,219.169,47.848,234.451
50880,-15.000000000,6.879131581,19000,204.900,218.829,47.997,235.049
50940,-15.000000000,6.993152097,19000,204.900,218.490,48.147,235.647
51000,-15.000000000,7.107172613,19000,204.900,218.151,48.296,236.245
51060,-15.000000000,7.221193129,19000,204.900,217.811,48.445,236.842
51120,-15.000000000,7.335213645,19000,204.900,217.472,48.594,237.440
51180,-15.000000000,7.449234161,19000,204.900,217.132,48.743,238.038
51240,-15.000000000,7.563254677,19000,204.900,216.793,48.893,238.635
51300,-15.000000000,7.677275193,19000,204.900,216.454,49.042,239.233
51360,-15.000000000,7.791295709,19000,204.900,216.114,49.191,239.831
51420,-15.000000000,7.905316225,19000,204.900,215.775,49.340,240.428
51480,-15.000000000,8.019336741,19000,204.900,215.435,49.490,241.026
51540,-15.000000000,8.133357257,19000,204.900,215.096,49.639,241.624
51600,-15.000000000,8.247377774,19000,204.900,214.756,49.788,242.221
51660,-15.000000000,8.361398290,19000,204.900,214.417,49.937,242.819
51720,-15.000000000,8.475418806,19000,204.900,214.078,50.087,243.417
51780,-15.000000000,8.589439322,19000,204.900,213.738,50.236,244.014
51840,-15.000000000,8.703459838,19000,204.900,213.399,50.385,244.612
51900,-15.000000000,8.817480354,19000,204.900,213.059,50.534,245.210
51960,-15.000000000,8.931500870,19000,204.900,212.720,50.684,245.808
52020,-15.036936960,9.025281573,19000,204.900,212.532,50.897,246.210
52080,-15.129455481,9.088606050,19000,204.900,212.573,51.208,246.318
52140,-15.221974001,9.151930527,19000,204.900,212.613,51.520,246.426
52200,-15.314492521,9.215255004,19000,204.900,212.654,51.831,246.534
52260,-15.407011042,9.278579481,19000,204.900,212.695,52.142,246.642
52320,-15.499529562,9.341903958,19000,204.900,212.735,52.453,246.750
52380,-15.592048082,9.405228435,19000,204.900,212.776,52.764,246.858
52440,-15.684566602,9.468552912,19000,204.900,212.816,53.075,246.966
52500,-15.777085123,9.531877389,19000,204.900,212.857,53.386,247.074
52560,-15.869603643,9.595201865,19000,204.900,212.897,53.697,247.182
52620,-15.962122163,9.658526342,19000,204.900,212.938,54.008,247.289
52680,-16.054640684,9.721850819,19000,204.900,212.978,54.319,247.397
52740,-16.147159204,9.785175296,19000,204.900,213.019,54.630,247.505
52800,-16.239677724,9.848499773,19000,204.900,213.060,54.941,247.613
52860,-16.332196244,9.911824250,19000,204.900,213.100,55.252,247.721
