src/Components/missions/ORACLES/Plans/routine/ORACLES-Flt-plan_p3_20160901_RA_10S.ict
42, 1001
Samuel LeBlanc
NASA Ames Research Center
Simulated flight plan
ORACLES
1,1
2016,09,01,2016,09,01
60
Start_UTC, seconds from midnight UTC, time keeping
7
1,1,1,1,1,1,1
-9999,-9999,-9999,-9999,-9999,-9999,-9999
Latitude, Degrees (North positive), Planned latitude position of the aircraft
Longitude, Degrees (East positive), Planned longitude position of the aircraft
Altitude, meters (above sea level), Planned altitude of the aircraft
speed, meters per second (m/s), Estimated speed of aircraft
Bearing, degrees from north, Direction of travel of the plane per respect to north
SZA, degrees from zenith, Elevation position of the sun in the sky per respect to zenith
AZI, degrees from north, Azimuthal position of the sun in the sky per respect to north
1
Simulated aircraft data interpolated from flight plan waypoints
20
-----------------------------------------------------------------------------
PI_CONTACT_INFO: Samuel LeBlanc, samuel.leblanc@nasa.gov
PLATFORM: p3
LOCATION: N/A
ASSOCIATED_DATA: N/A
INSTRUMENT_INFO: None
DATA_INFO: Compiled with flight planner: moving lines v0.8beta
UNCERTAINTY: Undefined
ULOD_FLAG: -7777
ULOD_VALUE: N/A
LLOD_FLAG: -8888
LLOD_VALUE: N/A
DM_CONTACT_INFO: See PI
PROJECT_INFO: ORACLES
STIPULATIONS_ON_USE: None
OTHER_COMMENTS: N/A
REVISION: RA
RA: First iteration of the flight plan
-----------------------------------------------------------------------------
Start_UTC,Latitude,Longitude,Altitude,speed,Bearing,SZA,AZI
[from data line 466]
53160,-15.315491778,5.600543695,19000,204.900,226.602,52.577,243.736
53220,-15.393413404,5.680166949,19000,204.900,226.618,52.854,244.208
53280,-15.471335030,5.759790204,19000,204.900,226.634,53.132,244.679
53340,-15.549256656,5.839413459,19000,204.900,226.650,53.409,245.151
53400,-15.627178281,5.919036713,19000,204.900,226.666,53.687,245.622
53460,-15.705099907,5.998659968,19000,204.900,226.682,53.964,246.094
53520,-15.783021533,6.078283223,19000,204.900,226.697,54.242,246.565
53580,-15.860943159,6.157906478,19000,204.900,226.713,54.519,247.037
53640,-15.938864785,6.237529732,19000,204.900,226.729,54.796,247.508
53700,-16.016272196,6.318080217,19000,204.900,226.743,55.084,247.905
53760,-16.091806864,6.402007627,19000,204.900,226.750,55.409,248.031
53820,-16.167341533,6.485935036,19000,204.900,226.756,55.735,248.156
53880,-16.242876201,6.569862446,19000,204.900,226.763,56.060,248.282
53940,-16.318410869,6.653789855,19000,204.900,226.770,56.385,248.408
54000,-16.393945538,6.737717264,19000,204.900,226.776,56.710,248.534
54060,-16.469480206,6.821644674,19000,204.900,226.783,57.036,248.659
54120,-16.545014875,6.905572083,19000,204.900,226.789,57.361,248.785
54180,-16.620549543,6.989499492,19000,204.900,226.796,57.686,248.911
54240,-16.694901643,7.075839444,19000,204.900,226.860,58.010,249.033
54300,-16.769084629,7.162524403,19000,204.900,226.932,58.335,249.154
54360,-16.843267615,7.249209363,19000,204.900,227.004,58.659,249.275
54420,-16.917450600,7.335894323,19000,204.900,227.076,58.983,249.397
54480,-16.991633586,7.422579283,19000,204.900,227.148,59.307,249.518
54540,-17.065816571,7.509264243,19000,204.900,227.220,59.631,249.639
54600,-17.139999557,7.595949203,19000,204.900,227.292,59.955,249.761
54660,-17.214182542,7.682634163,19000,204.900,227.364,60.279,249.882
54720,-17.288365528,7.769319123,19000,204.900,227.435,60.604,250.003
54780,-17.362548514,7.856004082,19000,204.900,227.507,60.928,250.125
54840,-17.436731499,7.942689042,19000,204.900,227.579,61.252,250.246
54900,-17.510914485,8.029374002,19000,204.900,227.651,61.576,250.367
54960,-17.585097470,8.116058962,19000,204.900,227.723,61.900,250.489
55020,-17.659280456,8.202743922,19000,204.900,227.795,62.224,250.610
55080,-17.733463441,8.289428882,19000,204.900,227.867,62.548,250.731
55140,-17.807646427,8.376113842,19000,204.900,227.939,62.872,250.853
55200,-17.881829413,8.462798802,19000,204.900,228.011,63.197,250.974
55260,-17.956012398,8.549483761,19000,204.900,228.083,63.521,251.095
55320,-18.030195384,8.636168721,19000,204.900,228.155,63.845,251.217
55380,-18.104378369,8.722853681,19000,204.900,228.227,64.169,251.338
55440,-18.178561355,8.809538641,19000,204.900,228.299,64.493,251.459
55500,-18.252744341,8.896223601,19000,204.900,228.371,64.817,251.581
55560,-18.326927326,8.982908561,19000,204.900,228.443,65.141,251.702
55620,-18.401110312,9.069593521,19000,204.900,228.515,65.466,251.823
55680,-18.475293297,9.156278480,19000,204.900,228.587,65.790,251.944
55740,-18.549476283,9.242963440,19000,204.900,228.659,66.114,252.066
55800,-18.623659268,9.329648400,19000,204.900,228.731,66.438,252.187
55860,-18.697842254,9.416333360,19000,204.900,228.803,66.762,252.308
55920,-18.772025240,9.503018320,19000,204.900,228.875,67.086,252.430
55980,-18.846208225,9.589703280,19000,204.900,228.947,67.410,252.551
56040,-18.920391211,9.676388240,19000,204.900,229.019,67.735,252.672
56100,-18.994574196,9.763073200,19000,204.900,229.091,68.059,252.794
56160,-19.068757182,9.849758159,19000,204.900,229.163,68.383,252.915
56220,-19.142940167,9.936443119,19000,204.900,229.234,68.707,253.036
56280,-19.217123153,10.023128079,19000,204.900,229.306,69.031,253.158
56340,-19.291306139,10.109813039,19000,204.900,229.378,69.355,253.279
56400,-19.365489124,10.196497999,19000,204.900,229.450,69.679,253.400
56460,-19.439672110,10.283182959,19000,204.900,229.522,70.003,253.522
56520,-19.513855095,10.369867919,19000,204.900,229.594,70.328,253.643
56580,-19.588038081,10.456552879,19000,204.900,229.666,70.652,253.764
56640,-19.662221066,10.543237838,19000,204.900,229.738,70.976,253.886
56700,-19.736404052,10.629922798,19000,204.900,229.810,71.300,254.007
56760,-19.810587038,10.716607758,19000,204.900,229.882,71.624,254.128
56820,-19.884770023,10.803292718,19000,204.900,229.954,71.948,254.250
56880,-19.958953009,10.889977678,19000,204.900,230.026,72.272,254.371
56940,-20.033135994,10.976662638,19000,204.900,230.098,72.597,254.492
57000,-20.107318980,11.063347598,19000,204.900,230.170,72.921,254.613
57060,-20.181501966,11.150032557,19000,204.900,230.242,73.245,254.735
57120,-20.255684951,11.236717517,19000,204.900,230.314,73.569,254.856
57180,-20.329867937,11.323402477,19000,204.900,230.386,73.893,254.977
57240,-20.404050922,11.410087437,19000,204.900,230.458,74.217,255.099
57300,-20.478233908,11.496772397,19000,204.900,230.530,74.541,255.220
57360,-20.552416893,11.583457357,19000,204.900,230.602,74.866,255.341
57420,-20.626599879,11.670142317,19000,204.900,230.674,75.190,255.463
57480,-20.700782865,11.756827277,19000,204.900,230.746,75.514,255.584
57540,-20.774965850,11.843512236,19000,204.900,230.818,75.838,255.705
57600,-20.849148836,11.930197196,19000,204.900,230.890,76.162,255.827
57660,-20.923331821,12.016882156,19000,204.900,230.962,76.486,255.948
57720,-20.997514807,12.103567116,19000,204.900,231.033,76.810,256.069
57780,-21.071697792,12.190252076,19000,204.900,231.105,77.135,256.191
57840,-21.145880778,12.276937036,19000,204.900,231.177,77.459,256.312
57900,-21.220063764,12.363621996,19000,204.900,231.249,77.783,256.433
57960,-21.294246749,12.450306956,19000,204.900,231.321,78.107,256.555
58020,-21.368429735,12.536991915,19000,204.900,231.393,78.431,256.676
58080,-21.442612720,12.623676875,19000,204.900,231.465,78.755,256.797
58140,-21.516795706,12.710361835,19000,204.900,231.537,79.079,256.918
58200,-21.590978692,12.797046795,19000,204.900,231.609,79.403,257.040
58260,-21.665161677,12.883731755,19000,204.900,231.681,79.728,257.161
58320,-21.739344663,12.970416715,19000,204.900,231.753,80.052,257.282
58380,-21.813527648,13.057101675,19000,204.900,231.825,80.376,257.404
58440,-21.887710634,13.143786634,19000,204.900,231.897,80.700,257.525
58500,-21.961893619,13.230471594,19000,204.900,231.969,81.024,257.646
58560,-22.007560777,13.285574901,18854,204.900,232.010,81.314,257.760
58620,-22.023107722,13.307319677,18554,204.900,232.018,81.567,257.865
58680,-22.038654667,13.329064454,18254,204.900,232.027,81.820,257.970
58740,-22.054201613,13.350809230,17954,204.900,232.035,82.073,258.076
58800,-22.069748558,13.372554007,17654,204.900,232.043,82.326,258.181
58860,-22.085295503,13.394298783,17354,204.900,232.052,82.578,258.286
58920,-22.100842448,13.416043560,17054,204.900,232.060,82.831,258.391
58980,-22.116389394,13.437788336,16754,204.900,232.068,83.084,258.496
59040,-22.131936339,13.459533113,16454,204.900,232.077,83.337,258.602
59100,-22.147483284,13.481277889,16154,204.900,232.085,83.590,258.707
59160,-22.163030229,13.503022666,15854,204.900,232.093,83.843,258.812
59220,-22.178577175,13.524767442,15554,204.900,232.101,84.096,258.917
59280,-22.194124120,13.546512219,15254,204.900,232.110,84.349,259.023
59340,-22.209671065,13.568256995,14954,204.900,232.118,84.602,259.128
59400,-22.225218010,13.590001772,14654,204.900,232.126,84.855,259.233
59460,-22.240764956,13.611746549,14354,204.900,232.135,85.108,259.338
59520,-22.256311901,13.633491325,14054,204.900,232.143,85.361,259.443
59580,-22.271858846,13.655236102,13754,204.900,232.151,85.614,259.549
59640,-22.287405791,13.676980878,13454,204.900,232.160,85.867,259.654
59700,-22.302952737,13.698725655,13154,204.900,232.168,86.120,259.759
59760,-22.318499682,13.720470431,12854,204.900,232.176,86.373,259.864
59820,-22.334046627,13.742215208,12554,204.900,232.185,86.626,259.970
59880,-22.349593572,13.763959984,12254,204.900,232.193,86.879,260.075
59940,-22.365140518,13.785704761,11954,204.900,232.201,87.132,260.180
60000,-22.380687463,13.807449537,11654,204.900,232.210,87.385,260.285
60060,-22.396234408,13.829194314,11354,204.900,232.218,87.638,260.390
60120,-22.411781353,13.850939090,11054,204.900,232.226,87.891,260.496
60180,-22.427328299,13.872683867,10754,204.900,232.235,88.144,260.601
60240,-22.442875244,13.894428643,10454,204.900,232.243,88.397,260.706
60300,-22.458422189,13.916173420,10154,204.900,232.251,88.649,260.811
60360,-22.473969134,13.937918196, 9854,204.900,232.260,88.902,260.917
60420,-22.489516080,13.959662973, 9554,204.900,232.268,89.155,261.022
60480,-22.505063025,13.981407749, 9254,204.900,232.276,89.408,261.127
60540,-22.520609970,14.003152526, 8954,204.900,232.285,89.661,261.232
60600,-22.536156915,14.024897302, 8654,204.900,232.293,89.914,261.337
60660,-22.551703861,14.046642079, 8354,204.900,232.301,90.167,261.443
60720,-22.567250806,14.068386855, 8054,204.900,232.309,90.420,261.548
60780,-22.582797751,14.090131632, 7754,204.900,232.318,90.673,261.653
60840,-22.598344696,14.111876408, 7454,204.900,232.326,90.926,261.758
60900,-22.613891642,14.133621185, 7154,204.900,232.334,91.179,261.863
60960,-22.629438587,14.155365961, 6854,204.900,232.343,91.432,261.969
61020,-22.644985532,14.177110738, 6554,204.900,232.351,91.685,262.074
61080,-22.660532477,14.198855514, 6254,204.900,232.359,91.938,262.179
61140,-22.676079423,14.220600291, 5954,204.900,232.368,92.191,262.284
61200,-22.691626368,14.242345067, 5654,204.900,232.376,92.444,262.390
61260,-22.707173313,14.264089844, 5354,204.900,232.384,92.697,262.495
61320,-22.722720259,14.285834620, 5054,204.900,232.393,92.950,262.600
61380,-22.738267204,14.307579397, 4754,204.900,232.401,93.203,262.705
61440,-22.753814149,14.329324173, 4454,204.900,232.409,93.456,262.810
61500,-22.769361094,14.351068950, 4154,204.900,232.418,93.709,262.916
61560,-22.784908040,14.372813726, 3854,204.900,232.426,93.962,263.021
61620,-22.800454985,14.394558503, 3554,204.900,232.434,94.215,263.126
61680,-22.816001930,14.416303280, 3254,204.900,232.443,94.468,263.231
61740,-22.831548875,14.438048056, 2954,204.900,232.451,94.720,263.337
61800,-22.847095821,14.459792833, 2654,204.900,232.459,94.973,263.442
61860,-22.862642766,14.481537609, 2354,204.900,232.468,95.226,263.547
61920,-22.878189711,14.503282386, 2054,204.900,232.476,95.479,263.652
61980,-22.893736656,14.525027162, 1754,204.900,232.484,95.732,263.757
62040,-22.909283602,14.546771939, 1454,204.900,232.492,95.985,263.863
62100,-22.924830547,14.568516715, 1154,204.900,232.501,96.238,263.968
62160,-22.940377492,14.590261492,  854,204.900,232.509,96.491,264.073
62220,-22.955924437,14.612006268,  554,204.900,232.517,96.744,264.178
62280,-22.971471383,14.633751045,  254,204.900,232.526,96.997,264.284
