src/Components/missions/ORACLES/Plans/routine/ORACLES-Flt-plan_p3_20160901_RA_10S.ict
42, 1001
Samuel LeBlanc
NASA Ames Research Center
Simulated flight plan
ORACLES
1,1
2016,09,01,2016,09,01
60
Start_UTC, seconds from midnight UTC, time keeping
7
1,1,1,1,1,1,1
-9999,-9999,-9999,-9999,-9999,-9999,-9999
Latitude, Degrees (North positive), Planned latitude position of the aircraft
Longitude, Degrees (East positive), Planned longitude position of the aircraft
Altitude, meters (above sea level), Planned altitude of the aircraft
speed, meters per second (m/s), Estimated speed of aircraft
Bearing, degrees from north, Direction of travel of the plane per respect to north
SZA, degrees from zenith, Elevation position of the sun in the sky per respect to zenith
AZI, degrees from north, Azimuthal position of the sun in the sky per respect to north
1
Simulated aircraft data interpolated from flight plan waypoints
20
-----------------------------------------------------------------------------
PI_CONTACT_INFO: Samuel LeBlanc, samuel.leblanc@nasa.gov
PLATFORM: p3
LOCATION: N/A
ASSOCIATED_DATA: N/A
INSTRUMENT_INFO: None
DATA_INFO: Compiled with flight planner: moving lines v0.8beta
UNCERTAINTY: Undefined
ULOD_FLAG: -7777
ULOD_VALUE: N/A
LLOD_FLAG: -8888
LLOD_VALUE: N/A
DM_CONTACT_INFO: See PI
PROJECT_INFO: ORACLES
STIPULATIONS_ON_USE: None
OTHER_COMMENTS: N/A
REVISION: RA
RA: First iteration of the flight plan
-----------------------------------------------------------------------------
Start_UTC,Latitude,Longitude,Altitude,speed,Bearing,SZA,AZI
25200,-22.979716667,14.645283333,   95,150.000,52.530,66.622,110.459
25260,-22.967806375,14.628624972,  325,149.036,52.486,66.423,110.602
25320,-22.955896083,14.611966610,  555,148.071,52.441,66.224,110.744
25380,-22.943985791,14.595308248,  784,147.107,52.397,66.026,110.886
25440,-22.932075499,14.578649887, 1014,146.143,52.352,65.827,111.029
25500,-22.920165207,14.561991525, 1244,145.178,52.308,65.628,111.171
25560,-22.908254915,14.545333163, 1474,144.214,52.264,65.430,111.313
25620,-22.896344623,14.528674801, 1704,143.250,52.219,65.231,111.455
25680,-22.884434331,14.512016440, 1934,142.285,52.175,65.032,111.598
25740,-22.872524039,14.495358078, 2163,141.321,52.130,64.834,111.740
25800,-22.860613747,14.478699716, 2393,140.356,52.086,64.635,111.882
25860,-22.848703455,14.462041355, 2623,139.392,52.042,64.436,112.025
25920,-22.836793163,14.445382993, 2853,138.428,51.997,64.238,112.167
25980,-22.824882871,14.428724631, 3083,137.463,51.953,64.039,112.309
26040,-22.812972579,14.412066269, 3313,136.499,51.908,63.840,112.451
26100,-22.801062287,14.395407908, 3542,135.535,51.864,63.641,112.594
26160,-22.789151995,14.378749546, 3772,134.570,51.819,63.443,112.736
26220,-22.777241703,14.362091184, 4002,133.606,51.775,63.244,112.878
26280,-22.765331411,14.345432823, 4232,132.642,51.731,63.045,113.020
26340,-22.753421119,14.328774461, 4462,131.677,51.686,62.847,113.163
26400,-22.741510827,14.312116099, 4692,130.713,51.642,62.648,113.305
26460,-22.729600535,14.295457738, 4921,129.749,51.597,62.449,113.447
26520,-22.717690243,14.278799376, 5151,128.784,51.553,62.251,113.590
26580,-22.705779951,14.262141014, 5381,127.820,51.509,62.052,113.732
26640,-22.693869659,14.245482652, 5611,126.856,51.464,61.853,113.874
26700,-22.681959367,14.228824291, 5841,125.891,51.420,61.654,114.016
26760,-22.670049075,14.212165929, 6070,124.927,51.375,61.456,114.159
26820,-22.658138783,14.195507567, 6300,123.963,51.331,61.257,114.301
26880,-22.646228491,14.178849206, 6530,122.998,51.286,61.058,114.443
26940,-22.634318199,14.162190844, 6760,122.034,51.242,60.860,114.585
27000,-22.622407907,14.145532482, 6990,121.069,51.198,60.661,114.728
27060,-22.610497615,14.128874121, 7220,120.105,51.153,60.462,114.870
27120,-22.598587323,14.112215759, 7449,119.141,51.109,60.264,115.012
27180,-22.586677031,14.095557397, 7679,118.176,51.064,60.065,115.155
27240,-22.574766739,14.078899035, 7909,117.212,51.020,59.866,115.297
27300,-22.562856447,14.062240674, 8139,116.248,50.976,59.668,115.439
27360,-22.550946155,14.045582312, 8369,115.283,50.931,59.469,115.581
27420,-22.539035863,14.028923950, 8599,114.319,50.887,59.270,115.724
27480,-22.527125571,14.012265589, 8828,113.355,50.842,59.071,115.866
27540,-22.515215279,13.995607227, 9058,112.390,50.798,58.873,116.008
27600,-22.503304987,13.978948865, 9288,111.426,50.753,58.674,116.150
27660,-22.491394695,13.962290503, 9518,110.462,50.709,58.475,116.293
27720,-22.479484403,13.945632142, 9748,109.497,50.665,58.277,116.435
27780,-22.467574111,13.928973780, 9978,108.533,50.620,58.078,116.577
27840,-22.455663819,13.912315418,10207,107.569,50.576,57.879,116.720
27900,-22.443753527,13.895657057,10437,106.604,50.531,57.681,116.862
27960,-22.431843235,13.878998695,10667,105.640,50.487,57.482,117.004
28020,-22.419932943,13.862340333,10897,104.676,50.443,57.283,117.146
28080,-22.408022651,13.845681972,11127,103.711,50.398,57.084,117.289
28140,-22.396112359,13.829023610,11356,102.747,50.354,56.886,117.431
28200,-22.384202067,13.812365248,11586,101.782,50.309,56.687,117.573
28260,-22.372291776,13.795706886,11816,100.818,50.265,56.488,117.715
28320,-22.360381484,13.779048525,12046,99.854,50.220,56.290,117.858
28380,-22.348471192,13.762390163,12276,98.889,50.176,56.091,118.000
28440,-22.336560900,13.745731801,12506,97.925,50.132,55.892,118.142
28500,-22.324650608,13.729073440,12735,96.961,50.087,55.694,118.285
28560,-22.312740316,13.712415078,12965,95.996,50.043,55.495,118.427
28620,-22.300830024,13.695756716,13195,95.032,49.998,55.296,118.569
28680,-22.288919732,13.679098355,13425,94.068,49.954,55.098,118.711
28740,-22.277009440,13.662439993,13655,93.103,49.910,54.899,118.854
28800,-22.265099148,13.645781631,13885,92.139,49.865,54.700,118.996
28860,-22.253188856,13.629123269,14114,91.175,49.821,54.501,119.138
28920,-22.241278564,13.612464908,14344,90.210,49.776,54.303,119.281
28980,-22.229368272,13.595806546,14574,89.246,49.732,54.104,119.423
29040,-22.217457980,13.579148184,14804,88.282,49.687,53.905,119.565
29100,-22.205547688,13.562489823,15034,87.317,49.643,53.707,119.707
29160,-22.193637396,13.545831461,15263,86.353,49.599,53.508,119.850
29220,-22.181727104,13.529173099,15493,85.389,49.554,53.309,119.992
29280,-22.169816812,13.512514737,15723,84.424,49.510,53.111,120.134
29340,-22.157906520,13.495856376,15953,83.460,49.465,52.912,120.276
29400,-22.145996228,13.479198014,16183,82.495,49.421,52.713,120.419
29460,-22.134085936,13.462539652,16413,81.531,49.377,52.514,120.561
29520,-22.122175644,13.445881291,16642,80.567,49.332,52.316,120.703
29580,-22.110265352,13.429222929,16872,79.602,49.288,52.117,120.846
29640,-22.098355060,13.412564567,17102,78.638,49.243,51.918,120.988
29700,-22.086444768,13.395906206,17332,77.674,49.199,51.720,121.130
29760,-22.074534476,13.379247844,17562,76.709,49.154,51.521,121.272
29820,-22.062624184,13.362589482,17792,75.745,49.110,51.322,121.415
29880,-22.050713892,13.345931120,18021,74.781,49.066,51.124,121.557
29940,-22.038803600,13.329272759,18251,73.816,49.021,50.925,121.699
30000,-22.026893308,13.312614397,18481,72.852,48.977,50.726,121.841
30060,-22.014983016,13.295956035,18711,71.888,48.932,50.528,121.984
30120,-22.003072724,13.279297674,18941,70.923,48.888,50.329,122.126
30180,-21.944935970,13.210656092,19000,72.051,48.857,50.152,122.225
30240,-21.870726790,13.123940523,19000,73.906,48.830,49.984,122.308
30300,-21.796517610,13.037224954,19000,75.761,48.803,49.815,122.391
30360,-21.722308430,12.950509386,19000,77.616,48.776,49.646,122.474
30420,-21.648099250,12.863793817,19000,79.470,48.749,49.477,122.558
30480,-21.573890071,12.777078248,19000,81.325,48.723,49.309,122.641
30540,-21.499680891,12.690362679,19000,83.180,48.696,49.140,122.724
30600,-21.425471711,12.603647111,19000,85.035,48.669,48.971,122.808
30660,-21.351262531,12.516931542,19000,86.890,48.642,48.802,122.891
30720,-21.277053351,12.430215973,19000,88.745,48.616,48.634,122.974
30780,-21.202844171,12.343500404,19000,90.600,48.589,48.465,123.058
30840,-21.128634991,12.256784836,19000,92.455,48.562,48.296,123.141
30900,-21.054425811,12.170069267,19000,94.310,48.535,48.128,123.224
30960,-20.980216631,12.083353698,19000,96.164,48.508,47.959,123.308
31020,-20.906007451,11.996638129,19000,98.019,48.482,47.790,123.391
31080,-20.831798271,11.909922561,19000,99.874,48.455,47.621,123.474
31140,-20.757589091,11.823206992,19000,101.729,48.428,47.453,123.557
31200,-20.683379911,11.736491423,19000,103.584,48.401,47.284,123.641
31260,-20.609170731,11.649775854,19000,105.439,48.375,47.115,123.724
31320,-20.534961551,11.563060286,19000,107.294,48.348,46.946,123.807
31380,-20.460752371,11.476344717,19000,109.149,48.321,46.778,123.891
31440,-20.386543191,11.389629148,19000,111.004,48.294,46.609,123.974
31500,-20.312334011,11.302913579,19000,112.858,48.267,46.440,124.057
31560,-20.238124831,11.216198011,19000,114.713,48.241,46.271,124.141
31620,-20.163915651,11.129482442,19000,116.568,48.214,46.103,124.224
31680,-20.089706471,11.042766873,19000,118.423,48.187,45.934,124.307
31740,-20.015497292,10.956051304,19000,120.278,48.160,45.765,124.391
31800,-19.941288112,10.869335736,19000,122.133,48.133,45.596,124.474
31860,-19.867078932,10.782620167,19000,123.988,48.107,45.428,124.557
31920,-19.792869752,10.695904598,19000,125.843,48.080,45.259,124.640
31980,-19.718660572,10.609189029,19000,127.698,48.053,45.090,124.724
32040,-19.644451392,10.522473461,19000,129.552,48.026,44.922,124.807
32100,-19.570242212,10.435757892,19000,131.407,48.000,44.753,124.890
32160,-19.496033032,10.349042323,19000,133.262,47.973,44.584,124.974
32220,-19.421823852,10.262326754,19000,135.117,47.946,44.415,125.057
32280,-19.347614672,10.175611186,19000,136.972,47.919,44.247,125.140
32340,-19.273405492,10.088895617,19000,138.827,47.892,44.078,125.224
32400,-19.199196312,10.002180048,19000,140.682,47.866,43.909,125.307
32460,-19.124987132,9.915464479,19000,142.537,47.839,43.740,125.390
32520,-19.050777952,9.828748911,19000,144.392,47.812,43.572,125.474
32580,-18.976568772,9.742033342,19000,146.246,47.785,43.403,125.557
32640,-18.902359592,9.655317773,19000,148.101,47.759,43.234,125.640
32700,-18.828150412,9.568602204,19000,149.956,47.732,43.065,125.723
32760,-18.753941232,9.481886636,19000,151.811,47.705,42.897,125.807
32820,-18.679732052,9.395171067,19000,153.666,47.678,42.728,125.890
32880,-18.605522872,9.308455498,19000,155.521,47.651,42.559,125.973
32940,-18.531313692,9.221739929,19000,157.376,47.625,42.391,126.057
33000,-18.457104512,9.135024361,19000,159.231,47.598,42.222,126.140
33060,-18.382895333,9.048308792,19000,161.086,47.571,42.053,126.223
33120,-18.308686153,8.961593223,19000,162.941,47.544,41.884,126.307
33180,-18.234476973,8.874877654,19000,164.795,47.518,41.716,126.390
33240,-18.160267793,8.788162085,19000,166.650,47.491,41.547,126.473
33300,-18.086058613,8.701446517,19000,168.505,47.464,41.378,126.556
33360,-18.011849433,8.614730948,19000,170.360,47.437,41.209,126.640
33420,-17.937640253,8.528015379,19000,172.215,47.410,41.041,126.723
33480,-17.863431073,8.441299810,19000,174.070,47.384,40.872,126.806
33540,-17.789221893,8.354584242,19000,175.925,47.357,40.703,126.890
33600,-17.715012713,8.267868673,19000,177.780,47.330,40.534,126.973
33660,-17.640803533,8.181153104,19000,179.635,47.303,40.366,127.056
33720,-17.566594353,8.094437535,19000,181.489,47.276,40.197,127.140
33780,-17.492385173,8.007721967,19000,183.344,47.250,40.028,127.223
33840,-17.418175993,7.921006398,19000,185.199,47.223,39.859,127.306
33900,-17.343966813,7.834290829,19000,187.054,47.196,39.691,127.390
33960,-17.269757633,7.747575260,19000,188.909,47.169,39.522,127.473
34020,-17.195548453,7.660859692,19000,190.764,47.143,39.353,127.556
34080,-17.121339273,7.574144123,19000,192.619,47.116,39.185,127.639
34140,-17.047130093,7.487428554,19000,194.474,47.089,39.016,127.723
34200,-16.972920913,7.400712985,19000,196.329,47.062,38.847,127.806
34260,-16.898711733,7.313997417,19000,198.183,47.035,38.678,127.889
34320,-16.824502554,7.227281848,19000,200.038,47.009,38.510,127.973
34380,-16.750293374,7.140566279,19000,201.893,46.982,38.341,128.056
34440,-16.676084194,7.053850710,19000,203.748,46.955,38.172,128.139
34500,-16.601377757,6.968197507,19000,204.900,46.915,38.002,128.229
34560,-16.525856539,6.884285043,19000,204.900,46.854,37.831,128.328
34620,-16.450335321,6.800372579,19000,204.900,46.792,37.659,128.427
34680,-16.374814104,6.716460115,19000,204.900,46.731,37.487,128.526
34740,-16.299292886,6.632547651,19000,204.900,46.670,37.316,128.625
34800,-16.223771668,6.548635187,19000,204.900,46.608,37.144,128.724
34860,-16.148250451,6.464722723,19000,204.900,46.547,36.972,128.823
34920,-16.072729233,6.380810259,19000,204.900,46.486,36.801,128.922
34980,-15.997147527,6.297085235,19000,204.900,46.468,36.630,129.029
35040,-15.919990125,6.218242894,19000,204.900,47.604,36.472,129.320
35100,-15.842832724,6.139400552,19000,204.900,48.739,36.315,129.612
35160,-15.765675322,6.060558210,19000,204.900,49.874,36.157,129.904
35220,-15.688517920,5.981715869,19000,204.900,51.009,36.000,130.196
35280,-15.611360519,5.902873527,19000,204.900,52.144,35.843,130.488
35340,-15.534203117,5.824031186,19000,204.900,53.279,35.685,130.779
35400,-15.457045716,5.745188844,19000,204.900,54.414,35.528,131.071
35460,-15.379888314,5.666346503,19000,204.900,55.549,35.370,131.363
35520,-15.302730913,5.587504161,19000,204.900,56.684,35.213,131.655
35580,-15.225573511,5.508661819,19000,204.900,57.819,35.055,131.947
35640,-15.148416109,5.429819478,19000,204.900,58.954,34.898,132.238
35700,-15.071258708,5.350977136,19000,204.900,60.089,34.741,132.530
35760,-14.994101306,5.272134795,19000,204.900,61.225,34.583,132.822
35820,-14.916943905,5.193292453,19000,204.900,62.360,34.426,133.114
35880,-14.839786503,5.114450111,19000,204.900,63.495,34.268,133.406
35940,-14.762629102,5.035607770,19000,204.900,64.630,34.111,133.697
36000,-14.685471700,4.956765428,19000,204.900,65.765,33.954,133.989
36060,-14.608314298,4.877923087,19000,204.900,66.900,33.796,134.281
36120,-14.531156897,4.799080745,19000,204.900,68.035,33.639,134.573
36180,-14.453999495,4.720238404,19000,204.900,69.170,33.481,134.865
36240,-14.376842094,4.641396062,19000,204.900,70.305,33.324,135.156
36300,-14.299684692,4.562553720,19000,204.900,71.440,33.166,135.448
36360,-14.222527291,4.483711379,19000,204.900,72.575,33.009,135.740
36420,-14.145369889,4.404869037,19000,204.900,73.711,32.852,136.032
36480,-14.068212487,4.326026696,19000,204.900,74.846,32.694,136.324
36540,-13.991055086,4.247184354,19000,204.900,75.981,32.537,136.615
36600,-13.913897684,4.168342012,19000,204.900,77.116,32.379,136.907
36660,-13.836740283,4.089499671,19000,204.900,78.251,32.222,137.199
36720,-13.759582881,4.010657329,19000,204.900,79.386,32.064,137.491
36780,-13.682425480,3.931814988,19000,204.900,80.521,31.907,137.783
36840,-13.605268078,3.852972646,19000,204.900,81.656,31.750,138.074
36900,-13.528110676,3.774130305,19000,204.900,82.791,31.592,138.366
36960,-13.450953275,3.695287963,19000,204.900,83.926,31.435,138.658
37020,-13.373795873,3.616445621,19000,204.900,85.061,31.277,138.950
37080,-13.296638472,3.537603280,19000,204.900,86.196,31.120,139.242
37140,-13.219481070,3.458760938,19000,204.900,87.332,30.962,139.533
37200,-13.142323669,3.379918597,19000,204.900,88.467,30.805,139.825
37260,-13.065166267,3.301076255,19000,204.900,89.602,30.648,140.117
37320,-12.988008865,3.222233913,19000,204.900,90.737,30.490,140.409
37380,-12.910851464,3.143391572,19000,204.900,91.872,30.333,140.701
37440,-12.833694062,3.064549230,19000,204.900,93.007,30.175,140.992
37500,-12.756536661,2.985706889,19000,204.900,94.142,30.018,141.284
37560,-12.679379259,2.906864547,19000,204.900,95.277,29.860,141.576
37620,-12.602221858,2.828022206,19000,204.900,96.412,29.703,141.868
37680,-12.525064456,2.749179864,19000,204.900,97.547,29.546,142.160
37740,-12.447907054,2.670337522,19000,204.900,98.682,29.388,142.451
37800,-12.370749653,2.591495181,19000,204.900,99.818,29.231,142.743
37860,-12.293592251,2.512652839,19000,204.900,100.953,29.073,143.035
37920,-12.216434850,2.433810498,19000,204.900,102.088,28.916,143.327
37980,-12.139277448,2.354968156,19000,204.900,103.223,28.758,143.619
38040,-12.062120047,2.276125814,19000,204.900,104.358,28.601,143.910
38100,-11.984962645,2.197283473,19000,204.900,105.493,28.444,144.202
38160,-11.907805243,2.118441131,19000,204.900,106.628,28.286,144.494
38220,-11.830647842,2.039598790,19000,204.900,107.763,28.129,144.786
38280,-11.753490440,1.960756448,19000,204.900,108.898,27.971,145.078
38340,-11.676333039,1.881914107,19000,204.900,110.033,27.814,145.370
38400,-11.599175637,1.803071765,19000,204.900,111.168,27.656,145.661
38460,-11.522018236,1.724229423,19000,204.900,112.303,27.499,145.953
38520,-11.444860834,1.645387082,19000,204.900,113.439,27.342,146.245
38580,-11.367703432,1.566544740,19000,204.900,114.574,27.184,146.537
38640,-11.290546031,1.487702399,19000,204.900,115.709,27.027,146.829
38700,-11.213388629,1.408860057,19000,204.900,116.844,26.869,147.120
38760,-11.136231228,1.330017715,19000,204.900,117.979,26.712,147.412
38820,-11.059073826,1.251175374,19000,204.900,119.114,26.554,147.704
38880,-10.981916424,1.172333032,19000,204.900,120.249,26.397,147.996
38940,-10.904759023,1.093490691,19000,204.900,121.384,26.240,148.288
39000,-10.827601621,1.014648349,19000,204.900,122.519,26.082,148.579
39060,-10.750444220,0.935806008,19000,204.900,123.654,25.925,148.871
39120,-10.673286818,0.856963666,19000,204.900,124.789,25.767,149.163
