src/Components/missions/ORACLES/Plans/routine/ORACLES-Flt-plan_p3_20160901_RA_10S.ict
42, 1001
Samuel LeBlanc
NASA Ames Research Center
Simulated flight plan
ORACLES
1,1
2016,09,01,2016,09,01
60
Start_UTC, seconds from midnight UTC, time keeping
7
1,1,1,1,1,1,1
-9999,-9999,-9999,-9999,-9999,-9999,-9999
Latitude, Degrees (North positive), Planned latitude position of the aircraft
Longitude, Degrees (East positive), Planned longitude position of the aircraft
Altitude, meters (above sea level), Planned altitude of the aircraft
speed, meters per second (m/s), Estimated speed of aircraft
Bearing, degrees from north, Direction of travel of the plane per respect to north
SZA, degrees from zenith, Elevation position of the sun in the sky per respect to zenith
AZI, degrees from north, Azimuthal position of the sun in the sky per respect to north
1
Simulated aircraft data interpolated from flight plan waypoints
20
-----------------------------------------------------------------------------
PI_CONTACT_INFO: Samuel LeBlanc, samuel.leblanc@nasa.gov
PLATFORM: p3
LOCATION: N/A
ASSOCIATED_DATA: N/A
INSTRUMENT_INFO: None
DATA_INFO: Compiled with flight planner: moving lines v0.8beta
UNCERTAINTY: Undefined
ULOD_FLAG: -7777
ULOD_VALUE: N/A
LLOD_FLAG: -8888
LLOD_VALUE: N/A
DM_CONTACT_INFO: See PI
PROJECT_INFO: ORACLES
STIPULATIONS_ON_USE: None
OTHER_COMMENTS: N/A
REVISION: RA
RA: First iteration of the flight plan
-----------------------------------------------------------------------------
Start_UTC,Latitude,Longitude,Altitude,speed,Bearing,SZA,AZI
[from data line 234]
39240,-10.518972015,0.699278983,19000,204.900,127.060,25.452,149.747
39300,-10.441814613,0.620436641,19000,204.900,128.195,25.295,150.038
39360,-10.364657212,0.541594300,19000,204.900,129.330,25.138,150.330
39420,-10.287499810,0.462751958,19000,204.900,130.465,24.980,150.622
39480,-10.210342409,0.383909616,19000,204.900,131.600,24.823,150.914
39540,-10.133185007,0.305067275,19000,204.900,132.735,24.665,151.206
39600,-10.056027606,0.226224933,19000,204.900,133.870,24.508,151.497
39660,-9.978870204,0.147382592,19000,204.900,135.005,24.350,151.789
39720,-9.901712802,0.068540250,19000,204.900,136.140,24.193,152.081
39780,-9.824555401,-0.010302091,19000,204.900,137.275,24.036,152.373
39840,-9.747397999,-0.089144433,19000,204.900,138.410,23.878,152.665
39900,-9.670240598,-0.167986775,19000,204.900,139.546,23.721,152.956
39960,-9.593083196,-0.246829116,19000,204.900,140.681,23.563,153.248
40020,-9.515925795,-0.325671458,19000,204.900,141.816,23.406,153.540
40080,-9.438768393,-0.404513799,19000,204.900,142.951,23.248,153.832
40140,-9.361610991,-0.483356141,19000,204.900,144.086,23.091,154.124
40200,-9.284453590,-0.562198483,19000,204.900,145.221,22.934,154.415
40260,-9.207296188,-0.641040824,19000,204.900,146.356,22.776,154.707
40320,-9.130138787,-0.719883166,19000,204.900,147.491,22.619,154.999
40380,-9.052981385,-0.798725507,19000,204.900,148.626,22.461,155.291
40440,-8.975823984,-0.877567849,19000,204.900,149.761,22.304,155.583
40500,-8.898666582,-0.956410190,19000,204.900,150.896,22.147,155.874
40560,-8.821509180,-1.035252532,19000,204.900,152.031,21.989,156.166
40620,-8.744351779,-1.114094874,19000,204.900,153.167,21.832,156.458
40680,-8.667194377,-1.192937215,19000,204.900,154.302,21.674,156.750
40740,-8.590036976,-1.271779557,19000,204.900,155.437,21.517,157.042
40800,-8.512879574,-1.350621898,19000,204.900,156.572,21.359,157.333
40860,-8.435722173,-1.429464240,19000,204.900,157.707,21.202,157.625
40920,-8.358564771,-1.508306582,19000,204.900,158.842,21.045,157.917
40980,-8.281407369,-1.587148923,19000,204.900,159.977,20.887,158.209
41040,-8.204249968,-1.665991265,19000,204.900,161.112,20.730,158.501
41100,-8.127092566,-1.744833606,19000,204.900,162.247,20.572,158.792
41160,-8.049935165,-1.823675948,19000,204.900,163.382,20.415,159.084
41220,-7.972777763,-1.902518289,19000,204.900,164.517,20.257,159.376
41280,-7.895620362,-1.981360631,19000,204.900,165.653,20.100,159.668
41340,-7.818462960,-2.060202973,19000,204.900,166.788,19.943,159.960
41400,-7.741305558,-2.139045314,19000,204.900,167.923,19.785,160.251
41460,-7.664148157,-2.217887656,19000,204.900,169.058,19.628,160.543
41520,-7.586990755,-2.296729997,19000,204.900,170.193,19.470,160.835
41580,-7.509833354,-2.375572339,19000,204.900,171.328,19.313,161.127
41640,-7.432675952,-2.454414681,19000,204.900,172.463,19.155,161.419
41700,-7.355518551,-2.533257022,19000,204.900,173.598,18.998,161.710
41760,-7.278361149,-2.612099364,19000,204.900,174.733,18.841,162.002
41820,-7.201203747,-2.690941705,19000,204.900,175.868,18.683,162.294
41880,-7.124046346,-2.769784047,19000,204.900,177.003,18.526,162.586
41940,-7.046888944,-2.848626388,19000,204.900,178.138,18.368,162.878
42000,-6.969731543,-2.927468730,19000,204.900,179.274,18.211,163.170
42060,-6.892574141,-3.006311072,19000,204.900,180.409,18.053,163.461
42120,-6.815416740,-3.085153413,19000,204.900,181.544,17.896,163.753
42180,-6.738259338,-3.163995755,19000,204.900,182.679,17.739,164.045
42240,-6.661101936,-3.242838096,19000,204.900,183.814,17.581,164.337
42300,-6.583944535,-3.321680438,19000,204.900,184.949,17.424,164.629
42360,-6.506787133,-3.400522780,19000,204.900,186.084,17.266,164.920
42420,-6.429629732,-3.479365121,19000,204.900,187.219,17.109,165.212
42480,-6.352472330,-3.558207463,19000,204.900,188.354,16.951,165.504
42540,-6.275314929,-3.637049804,19000,204.900,189.489,16.794,165.796
42600,-6.198157527,-3.715892146,19000,204.900,190.624,16.637,166.088
42660,-6.121000125,-3.794734487,19000,204.900,191.760,16.479,166.379
42720,-6.043842724,-3.873576829,19000,204.900,192.895,16.322,166.671
42780,-5.966685322,-3.952419171,19000,204.900,194.030,16.164,166.963
42840,-5.889527921,-4.031261512,19000,204.900,195.165,16.007,167.255
42900,-5.812370519,-4.110103854,19000,204.900,196.300,15.849,167.547
42960,-5.735213118,-4.188946195,19000,204.900,197.435,15.692,167.838
43020,-5.658055716,-4.267788537,19000,204.900,198.570,15.535,168.130
43080,-5.580898314,-4.346630879,19000,204.900,199.705,15.377,168.422
43140,-5.503740913,-4.425473220,19000,204.900,200.840,15.220,168.714
43200,-5.426583511,-4.504315562,19000,204.900,201.975,15.062,169.006
43260,-5.349426110,-4.583157903,19000,204.900,203.110,14.905,169.297
43320,-5.272268708,-4.662000245,19000,204.900,204.245,14.747,169.589
43380,-5.195111307,-4.740842586,19000,204.900,205.381,14.590,169.881
43440,-5.117953905,-4.819684928,19000,204.900,206.516,14.433,170.173
43500,-5.040796503,-4.898527270,19000,204.900,207.651,14.275,170.465
43560,-4.963639102,-4.977369611,19000,204.900,208.786,14.118,170.756
43620,-4.886481700,-5.056211953,19000,204.900,209.921,13.960,171.048
43680,-4.809324299,-5.135054294,19000,204.900,211.056,13.803,171.340
43740,-4.732166897,-5.213896636,19000,204.900,212.191,13.645,171.632
43800,-4.655009496,-5.292738978,19000,204.900,213.326,13.488,171.924
43860,-4.577852094,-5.371581319,19000,204.900,214.461,13.331,172.215
43920,-4.500694692,-5.450423661,19000,204.900,215.596,13.173,172.507
43980,-4.423537291,-5.529266002,19000,204.900,216.731,13.016,172.799
44040,-4.346379889,-5.608108344,19000,204.900,217.867,12.858,173.091
44100,-4.269222488,-5.686950685,19000,204.900,219.002,12.701,173.383
44160,-4.192065086,-5.765793027,19000,204.900,220.137,12.543,173.674
44220,-4.114907685,-5.844635369,19000,204.900,221.272,12.386,173.966
44280,-4.037750283,-5.923477710,19000,204.900,222.407,12.229,174.258
44340,-3.960592881,-6.002320052,19000,204.900,223.542,12.071,174.550
44400,-3.938934413,-6.024451492,19000,204.900,224.277,12.069,174.906
44460,-4.016856038,-5.944828237,19000,204.900,224.292,12.347,175.377
44520,-4.094777664,-5.865204982,19000,204.900,224.308,12.624,175.849
44580,-4.172699290,-5.785581728,19000,204.900,224.324,12.902,176.320
44640,-4.250620916,-5.705958473,19000,204.900,224.340,13.179,176.792
44700,-4.328542542,-5.626335218,19000,204.900,224.356,13.457,177.263
44760,-4.406464167,-5.546711964,19000,204.900,224.372,13.734,177.735
44820,-4.484385793,-5.467088709,19000,204.900,224.388,14.012,178.206
44880,-4.562307419,-5.387465454,19000,204.900,224.404,14.289,178.677
44940,-4.640229045,-5.307842199,19000,204.900,224.420,14.566,179.149
45000,-4.718150671,-5.228218945,19000,204.900,224.436,14.844,179.620
45060,-4.796072296,-5.148595690,19000,204.900,224.452,15.121,180.092
45120,-4.873993922,-5.068972435,19000,204.900,224.468,15.399,180.563
45180,-4.951915548,-4.989349181,19000,204.900,224.484,15.676,181.035
45240,-5.029837174,-4.909725926,19000,204.900,224.499,15.954,181.506
45300,-5.107758799,-4.830102671,19000,204.900,224.515,16.231,181.978
45360,-5.185680425,-4.750479417,19000,204.900,224.531,16.509,182.449
45420,-5.263602051,-4.670856162,19000,204.900,224.547,16.786,182.920
45480,-5.341523677,-4.591232907,19000,204.900,224.563,17.063,183.392
45540,-5.419445303,-4.511609652,19000,204.900,224.579,17.341,183.863
45600,-5.497366928,-4.431986398,19000,204.900,224.595,17.618,184.335
45660,-5.575288554,-4.352363143,19000,204.900,224.611,17.896,184.806
45720,-5.653210180,-4.272739888,19000,204.900,224.627,18.173,185.278
45780,-5.731131806,-4.193116634,19000,204.900,224.643,18.451,185.749
45840,-5.809053432,-4.113493379,19000,204.900,224.659,18.728,186.221
45900,-5.886975057,-4.033870124,19000,204.900,224.675,19.006,186.692
45960,-5.964896683,-3.954246870,19000,204.900,224.691,19.283,187.163
46020,-6.042818309,-3.874623615,19000,204.900,224.707,19.561,187.635
46080,-6.120739935,-3.795000360,19000,204.900,224.722,19.838,188.106
46140,-6.198661561,-3.715377105,19000,204.900,224.738,20.115,188.578
46200,-6.276583186,-3.635753851,19000,204.900,224.754,20.393,189.049
46260,-6.354504812,-3.556130596,19000,204.900,224.770,20.670,189.521
46320,-6.432426438,-3.476507341,19000,204.900,224.786,20.948,189.992
46380,-6.510348064,-3.396884087,19000,204.900,224.802,21.225,190.464
46440,-6.588269690,-3.317260832,19000,204.900,224.818,21.503,190.935
46500,-6.666191315,-3.237637577,19000,204.900,224.834,21.780,191.406
46560,-6.744112941,-3.158014323,19000,204.900,224.850,22.058,191.878
46620,-6.822034567,-3.078391068,19000,204.900,224.866,22.335,192.349
46680,-6.899956193,-2.998767813,19000,204.900,224.882,22.612,192.821
46740,-6.977877818,-2.919144558,19000,204.900,224.898,22.890,193.292
46800,-7.055799444,-2.839521304,19000,204.900,224.914,23.167,193.764
46860,-7.133721070,-2.759898049,19000,204.900,224.930,23.445,194.235
46920,-7.211642696,-2.680274794,19000,204.900,224.945,23.722,194.706
46980,-7.289564322,-2.600651540,19000,204.900,224.961,24.000,195.178
47040,-7.367485947,-2.521028285,19000,204.900,224.977,24.277,195.649
47100,-7.445407573,-2.441405030,19000,204.900,224.993,24.555,196.121
47160,-7.523329199,-2.361781776,19000,204.900,225.009,24.832,196.592
47220,-7.601250825,-2.282158521,19000,204.900,225.025,25.109,197.064
47280,-7.679172451,-2.202535266,19000,204.900,225.041,25.387,197.535
47340,-7.757094076,-2.122912011,19000,204.900,225.057,25.664,198.007
47400,-7.835015702,-2.043288757,19000,204.900,225.073,25.942,198.478
47460,-7.912937328,-1.963665502,19000,204.900,225.089,26.219,198.949
47520,-7.990858954,-1.884042247,19000,204.900,225.105,26.497,199.421
47580,-8.068780580,-1.804418993,19000,204.900,225.121,26.774,199.892
47640,-8.146702205,-1.724795738,19000,204.900,225.137,27.052,200.364
47700,-8.224623831,-1.645172483,19000,204.900,225.153,27.329,200.835
47760,-8.302545457,-1.565549229,19000,204.900,225.168,27.607,201.307
47820,-8.380467083,-1.485925974,19000,204.900,225.184,27.884,201.778
47880,-8.458388709,-1.406302719,19000,204.900,225.200,28.161,202.250
47940,-8.536310334,-1.326679464,19000,204.900,225.216,28.439,202.721
48000,-8.614231960,-1.247056210,19000,204.900,225.232,28.716,203.192
48060,-8.692153586,-1.167432955,19000,204.900,225.248,28.994,203.664
48120,-8.770075212,-1.087809700,19000,204.900,225.264,29.271,204.135
48180,-8.847996837,-1.008186446,19000,204.900,225.280,29.549,204.607
48240,-8.925918463,-0.928563191,19000,204.900,225.296,29.826,205.078
48300,-9.003840089,-0.848939936,19000,204.900,225.312,30.104,205.550
48360,-9.081761715,-0.769316681,19000,204.900,225.328,30.381,206.021
48420,-9.159683341,-0.689693427,19000,204.900,225.344,30.658,206.493
48480,-9.237604966,-0.610070172,19000,204.900,225.360,30.936,206.964
48540,-9.315526592,-0.530446917,19000,204.900,225.375,31.213,207.435
48600,-9.393448218,-0.450823663,19000,204.900,225.391,31.491,207.907
48660,-9.471369844,-0.371200408,19000,204.900,225.407,31.768,208.378
48720,-9.549291470,-0.291577153,19000,204.900,225.423,32.046,208.850
48780,-9.627213095,-0.211953899,19000,204.900,225.439,32.323,209.321
48840,-9.705134721,-0.132330644,19000,204.900,225.455,32.601,209.793
48900,-9.783056347,-0.052707389,19000,204.900,225.471,32.878,210.264
48960,-9.860977973,0.026915866,19000,204.900,225.487,33.155,210.736
49020,-9.938899599,0.106539120,19000,204.900,225.503,33.433,211.207
49080,-10.016821224,0.186162375,19000,204.900,225.519,33.710,211.678
49140,-10.094742850,0.265785630,19000,204.900,225.535,33.988,212.150
49200,-10.172664476,0.345408884,19000,204.900,225.551,34.265,212.621
49260,-10.250586102,0.425032139,19000,204.900,225.567,34.543,213.093
49320,-10.328507728,0.504655394,19000,204.900,225.583,34.820,213.564
49380,-10.406429353,0.584278648,19000,204.900,225.598,35.098,214.036
49440,-10.484350979,0.663901903,19000,204.900,225.614,35.375,214.507
49500,-10.562272605,0.743525158,19000,204.900,225.630,35.653,214.978
49560,-10.640194231,0.823148413,19000,204.900,225.646,35.930,215.450
49620,-10.718115857,0.902771667,19000,204.900,225.662,36.207,215.921
49680,-10.796037482,0.982394922,19000,204.900,225.678,36.485,216.393
49740,-10.873959108,1.062018177,19000,204.900,225.694,36.762,216.864
49800,-10.951880734,1.141641431,19000,204.900,225.710,37.040,217.336
49860,-11.029802360,1.221264686,19000,204.900,225.726,37.317,217.807
49920,-11.107723985,1.300887941,19000,204.900,225.742,37.595,218.279
49980,-11.185645611,1.380511195,19000,204.900,225.758,37.872,218.750
50040,-11.263567237,1.460134450,19000,204.900,225.774,38.150,219.221
50100,-11.341488863,1.539757705,19000,204.900,225.790,38.427,219.693
50160,-11.419410489,1.619380960,19000,204.900,225.806,38.704,220.164
50220,-11.497332114,1.699004214,19000,204.900,225.821,38.982,220.636
50280,-11.575253740,1.778627469,19000,204.900,225.837,39.259,221.107
50340,-11.653175366,1.858250724,19000,204.900,225.853,39.537,221.579
50400,-11.731096992,1.937873978,19000,204.900,225.869,39.814,222.050
50460,-11.809018618,2.017497233,19000,204.900,225.885,40.092,222.522
50520,-11.886940243,2.097120488,19000,204.900,225.901,40.369,222.993
50580,-11.964861869,2.176743742,19000,204.900,225.917,40.647,223.464
50640,-12.042783495,2.256366997,19000,204.900,225.933,40.924,223.936
50700,-12.120705121,2.335990252,19000,204.900,225.949,41.201,224.407
50760,-12.198626747,2.415613507,19000,204.900,225.965,41.479,224.879
50820,-12.276548372,2.495236761,19000,204.900,225.981,41.756,225.350
50880,-12.354469998,2.574860016,19000,204.900,225.997,42.034,225.822
50940,-12.432391624,2.654483271,19000,204.900,226.013,42.311,226.293
51000,-12.510313250,2.734106525,19000,204.900,226.029,42.589,226.765
51060,-12.588234876,2.813729780,19000,204.900,226.044,42.866,227.236
51120,-12.666156501,2.893353035,19000,204.900,226.060,43.144,227.707
51180,-12.744078127,2.972976289,19000,204.900,226.076,43.421,228.179
51240,-12.821999753,3.052599544,19000,204.900,226.092,43.699,228.650
51300,-12.899921379,3.132222799,19000,204.900,226.108,43.976,229.122
51360,-12.977843004,3.211846054,19000,204.900,226.124,44.253,229.593
51420,-13.055764630,3.291469308,19000,204.900,226.140,44.531,230.065
51480,-13.133686256,3.371092563,19000,204.900,226.156,44.808,230.536
51540,-13.211607882,3.450715818,19000,204.900,226.172,45.086,231.008
51600,-13.289529508,3.530339072,19000,204.900,226.188,45.363,231.479
51660,-13.367451133,3.609962327,19000,204.900,226.204,45.641,231.950
51720,-13.445372759,3.689585582,19000,204.900,226.220,45.918,232.422
51780,-13.523294385,3.769208836,19000,204.900,226.236,46.196,232.893
51840,-13.601216011,3.848832091,19000,204.900,226.251,46.473,233.365
51900,-13.679137637,3.928455346,19000,204.900,226.267,46.750,233.836
51960,-13.757059262,4.008078601,19000,204.900,226.283,47.028,234.308
52020,-13.834980888,4.087701855,19000,204.900,226.299,47.305,234.779
52080,-13.912902514,4.167325110,19000,204.900,226.315,47.583,235.250
52140,-13.990824140,4.246948365,19000,204.900,226.331,47.860,235.722
52200,-14.068745766,4.326571619,19000,204.900,226.347,48.138,236.193
52260,-14.146667391,4.406194874,19000,204.900,226.363,48.415,236.665
52320,-14.224589017,4.485818129,19000,204.900,226.379,48.693,237.136
52380,-14.302510643,4.565441384,19000,204.900,226.395,48.970,237.608
52440,-14.380432269,4.645064638,19000,204.900,226.411,49.248,238.079
52500,-14.458353895,4.724687893,19000,204.900,226.427,49.525,238.551
52560,-14.536275520,4.804311148,19000,204.900,226.443,49.802,239.022
52620,-14.614197146,4.883934402,19000,204.900,226.459,50.080,239.493
52680,-14.692118772,4.963557657,19000,204.900,226.474,50.357,239.965
52740,-14.770040398,5.043180912,19000,204.900,226.490,50.635,240.436
52800,-14.847962024,5.122804166,19000,204.900,226.506,50.912,240.908
52860,-14.925883649,5.202427421,19000,204.900,226.522,51.190,241.379
52920,-15.003805275,5.282050676,19000,204.900,226.538,51.467,241.851
52980,-15.081726901,5.361673931,19000,204.900,226.554,51.745,242.322
53040,-15.159648527,5.441297185,19000,204.900,226.570,52.022,242.794
