date,orbit,filename,line,column,uvai,mpl_z1,sd_mpl_z1,mpl_n1,mpl_z2,sd_mpl_z2,mpl_n2,m2_aoch532,m2_aod532
2024-01-02 17:56:33,32239,TROPOMI-Sentinel-5P_L2-TROPOMAER_2024m0102t173458-o32239_v01-2024m0105t105440.nc, 3289, 382, 0.33, 0.74, 0.04, 50, 0.70, 0.13, 58,0.80,0.06
2024-01-03 17:37:32,32253,TROPOMI-Sentinel-5P_L2-TROPOMAER_2024m0103t171558-o32253_v01-2024m0105t185015.nc, 3295, 306, 0.49, 0.90, 0.03, 62, 0.84, 0.16, 48,0.95,0.06
2024-01-05 16:59:34,32281,TROPOMI-Sentinel-5P_L2-TROPOMAER_2024m0105t163759-o32281_v01-2024m0108t134220.nc, 3330, 106, 0.17, 0.93, 0.03, 62, 0.88, 0.16, 56,1.06,0.05
2024-01-08 17:44:04,32324,TROPOMI-Sentinel-5P_L2-TROPOMAER_2024m0108t172231-o32324_v01-2024m0111t114044.nc, 3279, 335, 0.33, 1.27, 0.20, 97, 1.03, 0.27, 35,0.85,0.10
2024-01-11 16:47:07,32366,TROPOMI-Sentinel-5P_L2-TROPOMAER_2024m0111t162533-o32366_v01-2024m0112t171349.nc, 3334,  64, 0.32, 1.17, 0.02, 51, 1.17, 0.17, 60,0.89,0.06
2024-01-12 16:28:08,32380,TROPOMI-Sentinel-5P_L2-TROPOMAER_2024m0112t160634-o32380_v01-2024m0113t231103.nc, 3367,  25, 1.14, 0.90, 0.24, 70, 0.70, 0.21, 14,0.91,0.05
2024-01-12 18:09:38,32381,TROPOMI-Sentinel-5P_L2-TROPOMAER_2024m0112t174804-o32381_v01-2024m0113t230939.nc, 3262, 414, 1.27, 0.91, 0.08, 51, 0.91, 0.19,  5,1.10,0.05
2024-01-17 16:34:45,32451,TROPOMI-Sentinel-5P_L2-TROPOMAER_2024m0117t161311-o32451_v01-2024m0120t132051.nc, 3334,  36, 0.06, 2.02, 0.29,132, 1.64, 0.34, 45,1.13,0.04
2024-01-17 18:16:15,32452,TROPOMI-Sentinel-5P_L2-TROPOMAER_2024m0117t175441-o32452_v01-2024m0120t151526.nc, 3242, 425, 0.06, 1.53, 0.16,116, 1.17, 0.25, 59,1.23,0.04
2024-01-21 17:00:23,32508,TROPOMI-Sentinel-5P_L2-TROPOMAER_2024m0121t163848-o32508_v01-2024m0124t134432.nc, 3271, 106, 0.34, 1.01, 0.07, 78, 0.97, 0.19, 60,0.80,0.07
2024-01-22 16:41:23,32522,TROPOMI-Sentinel-5P_L2-TROPOMAER_2024m0122t161950-o32522_v01-2024m0124t235759.nc, 3300,  48, 0.24, 0.58, 0.03, 62, 0.54, 0.12, 60,0.97,0.04
2024-01-22 18:22:54,32523,TROPOMI-Sentinel-5P_L2-TROPOMAER_2024m0122t180120-o32523_v01-2024m0125t001732.nc, 3220, 440, 0.11, 0.99, 0.06, 80, 0.74, 0.15, 60,1.14,0.05
2024-01-23 18:03:56,32537,TROPOMI-Sentinel-5P_L2-TROPOMAER_2024m0123t174222-o32537_v01-2024m0126t144545.nc, 3213, 399, 0.75, 1.42, 0.10, 56, 1.39, 0.25,  8,1.64,0.10
2024-01-26 17:07:02,32579,TROPOMI-Sentinel-5P_L2-TROPOMAER_2024m0126t164528-o32579_v01-2024m0129t134354.nc, 3237, 133,-0.32, 0.81, 0.23, 68, 0.72, 0.30, 15,1.05,0.06
2024-02-01 16:54:47,32664,TROPOMI-Sentinel-5P_L2-TROPOMAER_2024m0201t163313-o32664_v01-2024m0204t133214.nc, 3223,  83, 0.10, 0.81, 0.02, 61, 0.79, 0.11, 37,0.81,0.07
2024-02-03 17:58:23,32693,TROPOMI-Sentinel-5P_L2-TROPOMAER_2024m0203t173649-o32693_v01-2024m0206t143736.nc, 3152, 382, 0.58, 0.90, 0.05, 62, 0.84, 0.17, 50,0.84,0.04
2024-02-04 17:39:26,32707,TROPOMI-Sentinel-5P_L2-TROPOMAER_2024m0204t171752-o32707_v01-2024m0207t141616.nc, 3152, 305, 0.99, 0.85, 0.03, 51, 0.83, 0.17, 50,0.96,0.05
2024-02-05 17:20:29,32721,TROPOMI-Sentinel-5P_L2-TROPOMAER_2024m0205t165855-o32721_v01-2024m0207t164439.nc, 3162, 199, 0.29, 1.02, 0.16,111, 0.80, 0.29, 60,0.92,0.06
2024-02-06 17:01:32,32735,TROPOMI-Sentinel-5P_L2-TROPOMAER_2024m0206t163958-o32735_v01-2024m0207t220246.nc, 3180, 105, 0.48, 0.89, 0.15, 87, 0.78, 0.25, 35,1.08,0.05
2024-02-07 16:42:35,32749,TROPOMI-Sentinel-5P_L2-TROPOMAER_2024m0207t162101-o32749_v01-2024m0209t130450.nc, 3205,  48, 0.42, 0.63, 0.02, 40, 0.62, 0.12, 51,0.94,0.07
2024-02-07 18:24:06,32750,TROPOMI-Sentinel-5P_L2-TROPOMAER_2024m0207t180231-o32750_v01-2024m0209t132614.nc, 3126, 439, 0.63, 0.95, 0.05, 72, 0.88, 0.15, 55,1.02,0.08
2024-02-08 16:23:38,32763,TROPOMI-Sentinel-5P_L2-TROPOMAER_2024m0208t160204-o32763_v01-2024m0209t160604.nc, 3237,  11, 0.37, 0.79, 0.05, 71, 0.69, 0.15, 29,1.23,0.06
2024-02-09 17:46:12,32778,TROPOMI-Sentinel-5P_L2-TROPOMAER_2024m0209t172437-o32778_v01-2024m0212t005642.nc, 3116, 335, 0.51, 1.09, 0.02, 84, 1.07, 0.15, 60,1.03,0.09
2024-02-14 17:52:58,32849,TROPOMI-Sentinel-5P_L2-TROPOMAER_2024m0214t173123-o32849_v01-2024m0215t170959.nc, 3078, 360, 0.62, 1.36, 0.09, 84, 1.27, 0.41, 33,1.05,0.10
2024-02-16 17:15:05,32877,TROPOMI-Sentinel-5P_L2-TROPOMAER_2024m0216t165330-o32877_v01-2024m0217t165436.nc, 3092, 163, 0.10, 2.00, 0.07, 84, 1.91, 0.31, 31,1.54,0.12
2024-02-18 16:37:11,32905,TROPOMI-Sentinel-5P_L2-TROPOMAER_2024m0218t161537-o32905_v01-2024m0221t044139.nc, 3140,  35, 0.29, 1.39, 0.08, 89, 1.30, 0.27, 60,1.23,0.04
2024-02-18 18:18:42,32906,TROPOMI-Sentinel-5P_L2-TROPOMAER_2024m0218t175707-o32906_v01-2024m0221t050155.nc, 3046, 425, 0.96, 1.34, 0.07, 81, 1.28, 0.24, 36,1.22,0.05
2024-02-19 17:59:45,32920,TROPOMI-Sentinel-5P_L2-TROPOMAER_2024m0219t173811-o32920_v01-2024m0222t043959.nc, 3039, 381, 0.31, 1.25, 0.05,104, 1.15, 0.22, 60,1.71,0.15
2024-02-20 17:40:49,32934,TROPOMI-Sentinel-5P_L2-TROPOMAER_2024m0220t171914-o32934_v01-2024m0222t063916.nc, 3038, 304, 0.14, 1.19, 0.07,101, 1.09, 0.17, 60,1.21,0.11
2024-02-21 17:21:52,32948,TROPOMI-Sentinel-5P_L2-TROPOMAER_2024m0221t170018-o32948_v01-2024m0222t203930.nc, 3047, 198, 0.04, 1.16, 0.13,107, 1.01, 0.17, 60,1.39,0.11
2024-02-25 17:47:45,33005,TROPOMI-Sentinel-5P_L2-TROPOMAER_2024m0225t172611-o33005_v01-2024m0226t231256.nc, 2996, 334, 0.82, 4.20, 0.16,128, 4.19, 0.63, 15,4.33,0.12
2024-02-26 17:28:51,33019,TROPOMI-Sentinel-5P_L2-TROPOMAER_2024m0226t170716-o33019_v01-2024m0228t232129.nc, 3001, 235,-0.02, 1.34, 0.05, 50, 1.34, 0.12,  6,1.65,0.20
2024-02-27 17:09:56,33033,TROPOMI-Sentinel-5P_L2-TROPOMAER_2024m0227t164822-o33033_v01-2024m0229t010503.nc, 3014, 132,-0.29, 1.06, 0.04, 39, 1.06, 0.04,  1,1.31,0.22
2024-02-29 16:32:08,33061,TROPOMI-Sentinel-5P_L2-TROPOMAER_2024m0229t161033-o33061_v01-2024m0303t130611.nc, 3065,  25, 0.16, 1.85, 0.11,126, 1.66, 0.36, 59,1.53,0.06
2024-02-29 18:13:38,33062,TROPOMI-Sentinel-5P_L2-TROPOMAER_2024m0229t175204-o33062_v01-2024m0303t145416.nc, 2959, 413, 0.32, 1.61, 0.13,114, 1.47, 0.24, 60,1.58,0.06
2024-03-01 17:54:44,33076,TROPOMI-Sentinel-5P_L2-TROPOMAER_2024m0301t173310-o33076_v01-2024m0304t143608.nc, 2953, 360,-0.08, 1.82, 0.24,115, 1.62, 0.32, 27,1.59,0.10
2024-03-03 17:16:56,33104,TROPOMI-Sentinel-5P_L2-TROPOMAER_2024m0303t165521-o33104_v01-2024m0306t144028.nc, 2965, 164, 0.15, 1.21, 0.08, 80, 1.14, 0.20, 30,0.98,0.16
2024-03-08 17:23:55,33175,TROPOMI-Sentinel-5P_L2-TROPOMAER_2024m0308t170220-o33175_v01-2024m0311t150705.nc, 2916, 199,-0.53, 1.41, 0.12, 71, 1.41, 0.36,  9,2.37,0.10
2024-03-11 16:27:13,33217,TROPOMI-Sentinel-5P_L2-TROPOMAER_2024m0311t160538-o33217_v01-2024m0313t031722.nc, 2985,  12, 0.39, 2.95, 0.10,117, 2.87, 0.66, 53,2.08,0.08
2024-03-11 18:08:42,33218,TROPOMI-Sentinel-5P_L2-TROPOMAER_2024m0311t174709-o33218_v01-2024m0313t020737.nc, 2868, 399, 0.45, 2.18, 0.05, 95, 2.16, 0.39, 60,1.83,0.09
2024-03-12 17:49:49,33232,TROPOMI-Sentinel-5P_L2-TROPOMAER_2024m0312t172814-o33232_v01-2024m0313t160921.nc, 2862, 335,-0.15, 1.96, 0.04, 95, 1.96, 0.29, 52,1.59,0.11
2024-03-14 17:12:01,33260,TROPOMI-Sentinel-5P_L2-TROPOMAER_2024m0314t165026-o33260_v01-2024m0317t144633.nc, 2880, 133,-1.01, 1.54, 0.06,100, 1.50, 0.22, 60,1.67,0.16
2024-03-16 16:34:13,33288,TROPOMI-Sentinel-5P_L2-TROPOMAER_2024m0316t161239-o33288_v01-2024m0318t225618.nc, 2929,  25,-0.54, 1.28, 0.04, 76, 1.25, 0.26, 59,0.98,0.13
2024-03-16 18:15:43,33289,TROPOMI-Sentinel-5P_L2-TROPOMAER_2024m0316t175409-o33289_v01-2024m0318t231253.nc, 2824, 413, 0.35, 1.62, 0.25,119, 1.29, 0.23, 57,1.14,0.13
2024-03-18 17:37:56,33317,TROPOMI-Sentinel-5P_L2-TROPOMAER_2024m0318t171622-o33317_v01-2024m0321t152216.nc, 2818, 272,-0.44, 1.40, 0.05, 71, 1.14, 0.16, 24,1.48,0.11
2024-03-19 17:19:02,33331,TROPOMI-Sentinel-5P_L2-TROPOMAER_2024m0319t165728-o33331_v01-2024m0322t022416.nc, 2828, 165,-0.76, 1.92, 0.30,125, 1.39, 0.35, 15,2.06,0.10
2024-03-20 17:00:09,33345,TROPOMI-Sentinel-5P_L2-TROPOMAER_2024m0320t163834-o33345_v01-2024m0322t040842.nc, 2847,  83, 0.08, 2.05, 0.19,121, 1.26, 0.22, 50,1.43,0.16
2024-03-21 16:41:14,33359,TROPOMI-Sentinel-5P_L2-TROPOMAER_2024m0321t161940-o33359_v01-2024m0324t142336.nc, 2873,  36,-1.05, 2.45, 0.50,131, 1.91, 0.42, 44,1.41,0.13
2024-03-21 18:22:45,33360,TROPOMI-Sentinel-5P_L2-TROPOMAER_2024m0321t180110-o33360_v01-2024m0324t160245.nc, 2781, 425, 0.34, 2.09, 0.22,121, 1.84, 0.48, 13,1.44,0.19
2024-03-24 17:26:03,33402,TROPOMI-Sentinel-5P_L2-TROPOMAER_2024m0324t170428-o33402_v01-2024m0327t150146.nc, 2777, 200,-0.90, 2.29, 0.13,128, 2.09, 0.49, 54,1.82,0.08
2024-03-25 17:07:08,33416,TROPOMI-Sentinel-5P_L2-TROPOMAER_2024m0325t164534-o33416_v01-2024m0328t144502.nc, 2795, 106, 0.07, 2.04, 0.14,127, 1.78, 0.54, 55,1.49,0.10
2024-03-26 16:48:14,33430,TROPOMI-Sentinel-5P_L2-TROPOMAER_2024m0326t162640-o33430_v01-2024m0329t142812.nc, 2818,  49,-0.82, 2.31, 0.23, 93, 2.30, 0.39,  3,1.50,0.15
2024-03-29 17:33:03,33473,TROPOMI-Sentinel-5P_L2-TROPOMAER_2024m0329t171128-o33473_v01-2024m0401t151525.nc, 2727, 237,-0.73, 1.47, 0.05, 83, 1.46, 0.20, 19,1.37,0.12
2024-04-07 18:05:52,33601,TROPOMI-Sentinel-5P_L2-TROPOMAER_2024m0407t174417-o33601_v01-2024m0410t154016.nc, 2637, 383,-0.03, 2.11, 0.46, 86, 0.91, 0.28, 30,1.98,0.09
2024-04-08 17:46:57,33615,TROPOMI-Sentinel-5P_L2-TROPOMAER_2024m0408t172522-o33615_v01-2024m0411t121834.nc, 2636, 308, 1.81, 2.33, 0.07, 97, 2.24, 0.32, 27,2.17,0.10
2024-04-10 17:09:07,33643,TROPOMI-Sentinel-5P_L2-TROPOMAER_2024m0410t164733-o33643_v01-2024m0411t165023.nc, 2660, 107,-0.82, 0.58, 0.03, 18, 0.58, 0.08,  8,1.53,0.18
2024-04-14 17:34:57,33700,TROPOMI-Sentinel-5P_L2-TROPOMAER_2024m0414t171322-o33700_v01-2024m0415t170835.nc, 2597, 238,-0.07, 1.66, 0.05,100, 1.64, 0.21, 60,1.78,0.18
2024-04-15 17:16:01,33714,TROPOMI-Sentinel-5P_L2-TROPOMAER_2024m0415t165427-o33714_v01-2024m0417t172725.nc, 2612, 135,-0.28, 1.69, 0.10, 98, 1.53, 0.17, 26,1.55,0.26
2024-04-16 16:57:06,33728,TROPOMI-Sentinel-5P_L2-TROPOMAER_2024m0416t163532-o33728_v01-2024m0419t022447.nc, 2634,  65,-0.47, 1.85, 0.07,108, 1.72, 0.35, 60,1.75,0.14
2024-04-20 17:22:54,33785,TROPOMI-Sentinel-5P_L2-TROPOMAER_2024m0420t170119-o33785_v01-2024m0423t155114.nc, 2565, 167,-0.24, 1.63, 0.08,100, 1.44, 0.32, 41,2.61,0.14
2024-04-22 16:45:02,33813,TROPOMI-Sentinel-5P_L2-TROPOMAER_2024m0422t162327-o33813_v01-2024m0425t030727.nc, 2612,  37,-0.43, 2.04, 0.13, 94, 1.65, 0.31, 14,1.97,0.11
2024-04-22 18:26:32,33814,TROPOMI-Sentinel-5P_L2-TROPOMAER_2024m0422t180457-o33814_v01-2024m0425t030838.nc, 2521, 426,-0.32, 1.68, 0.09, 94, 1.31, 0.20, 24,2.02,0.11
2024-04-23 18:07:35,33828,TROPOMI-Sentinel-5P_L2-TROPOMAER_2024m0423t174601-o33828_v01-2024m0425t061444.nc, 2514, 383, 0.20, 2.16, 0.05, 95, 2.15, 0.35, 50,1.74,0.15
2024-04-26 17:10:46,33870,TROPOMI-Sentinel-5P_L2-TROPOMAER_2024m0426t164911-o33870_v01-2024m0429t150028.nc, 2540, 108,-0.85, 1.75, 0.05, 94, 1.67, 0.27, 35,1.89,0.15
2024-04-28 16:32:53,33898,TROPOMI-Sentinel-5P_L2-TROPOMAER_2024m0428t161118-o33898_v01-2024m0501t141126.nc, 2596,  13,-0.65, 1.56, 0.03, 95, 1.52, 0.20, 60,1.69,0.21
2024-04-28 18:14:23,33899,TROPOMI-Sentinel-5P_L2-TROPOMAER_2024m0428t175248-o33899_v01-2024m0501t155507.nc, 2478, 400,-0.40, 1.55, 0.02, 84, 1.54, 0.16, 60,1.69,0.22
2024-05-02 16:58:33,33955,TROPOMI-Sentinel-5P_L2-TROPOMAER_2024m0502t163659-o33955_v01-2024m0504t124638.nc, 2523,  65,-0.30, 1.06, 0.02, 28, 1.06, 0.06, 10,2.05,0.11
2024-05-03 16:39:36,33969,TROPOMI-Sentinel-5P_L2-TROPOMAER_2024m0503t161802-o33969_v01-2024m0504t192319.nc, 2552,  26,-0.99, 1.49, 0.03, 72, 1.49, 0.21, 40,1.62,0.36
2024-05-03 18:21:06,33970,TROPOMI-Sentinel-5P_L2-TROPOMAER_2024m0503t175932-o33970_v01-2024m0504t190332.nc, 2448, 414, 0.50, 1.31, 0.06, 73, 1.31, 0.18, 13,1.60,0.30
2024-05-08 16:46:18,34040,TROPOMI-Sentinel-5P_L2-TROPOMAER_2024m0508t162443-o34040_v01-2024m0509t180159.nc, 2511,  36,-0.60, 0.88, 0.06, 40, 0.88, 0.08,  2,1.74,0.16
2024-05-08 18:27:47,34041,TROPOMI-Sentinel-5P_L2-TROPOMAER_2024m0508t180613-o34041_v01-2024m0509t175731.nc, 2420, 426, 0.34, 1.79, 0.06, 95, 1.77, 0.38, 60,1.89,0.16
2024-05-13 16:52:56,34111,TROPOMI-Sentinel-5P_L2-TROPOMAER_2024m0513t163121-o34111_v01-2024m0515t175753.nc, 2472,  49,-0.33, 1.89, 0.06, 95, 1.78, 0.21, 60,1.43,0.14
2024-05-13 18:34:26,34112,TROPOMI-Sentinel-5P_L2-TROPOMAER_2024m0513t181252-o34112_v01-2024m0515t180857.nc, 2394, 440,-0.23, 1.75, 0.21,115, 1.53, 0.23, 60,1.49,0.14
2024-05-22 17:25:00,34239,TROPOMI-Sentinel-5P_L2-TROPOMAER_2024m0522t170326-o34239_v01-2024m0525t150140.nc, 2384, 165,-0.56, 1.50, 0.05, 94, 1.45, 0.20, 60,1.93,0.30
2024-05-24 18:28:30,34268,TROPOMI-Sentinel-5P_L2-TROPOMAER_2024m0524t180655-o34268_v01-2024m0525t174605.nc, 2346, 425,-0.74, 2.45, 0.10,115, 2.34, 0.46, 27,1.65,0.25
2024-05-31 17:56:52,34367,TROPOMI-Sentinel-5P_L2-TROPOMAER_2024m0531t173518-o34367_v01-2024m0604t213509.nc, 2330, 335,-0.07, 1.60, 0.10,106, 1.44, 0.25, 60,1.85,0.10
2024-06-01 17:37:50,34381,TROPOMI-Sentinel-5P_L2-TROPOMAER_2024m0601t171616-o34381_v01-2024m0604t105637.nc, 2341, 236,-0.42, 1.56, 0.05, 94, 1.47, 0.26, 60,1.96,0.14
2024-06-04 16:40:46,34423,TROPOMI-Sentinel-5P_L2-TROPOMAER_2024m0604t161911-o34423_v01-2024m0611t115316.nc, 2422,  25, 0.47, 1.39, 0.05, 84, 1.35, 0.25, 36,1.35,0.17
2024-06-04 18:22:14,34424,TROPOMI-Sentinel-5P_L2-TROPOMAER_2024m0604t180041-o34424_v01-2024m0611t121904.nc, 2318, 413,-0.74, 1.57, 0.06, 92, 1.47, 0.26, 38,1.45,0.17
2024-06-08 17:06:16,34480,TROPOMI-Sentinel-5P_L2-TROPOMAER_2024m0608t164441-o34480_v01-2024m0612t163639.nc, 2368,  82,-0.53, 1.55, 0.05, 84, 1.28, 0.23, 56,1.62,0.09
2024-06-09 18:28:46,34495,TROPOMI-Sentinel-5P_L2-TROPOMAER_2024m0609t180711-o34495_v01-2024m0612t162203.nc, 2309, 425, 0.03, 1.65, 0.17, 58, 1.65, 0.17,  1,1.27,0.23
2024-06-14 16:53:44,34565,TROPOMI-Sentinel-5P_L2-TROPOMAER_2024m0614t163210-o34565_v01-2024m0617t142922.nc, 2386,  48,-1.13, 1.78, 0.05, 84, 1.77, 0.23, 27,1.69,0.18
2024-06-15 16:34:44,34579,TROPOMI-Sentinel-5P_L2-TROPOMAER_2024m0615t161310-o34579_v01-2024m0618t013228.nc, 2422,  12,-0.83, 2.65, 0.88,113, 1.10, 0.27,  8,1.59,0.10
2024-06-15 18:16:14,34580,TROPOMI-Sentinel-5P_L2-TROPOMAER_2024m0615t175440-o34580_v01-2024m0618t014701.nc, 2303, 399,-0.54, 0.97, 0.04, 29, 0.97, 0.09,  6,1.69,0.12
2024-06-16 17:57:13,34594,TROPOMI-Sentinel-5P_L2-TROPOMAER_2024m0616t173539-o34594_v01-2024m0618t111627.nc, 2308, 336,-0.75, 1.65, 0.06, 95, 1.55, 0.23, 42,1.95,0.17
2024-06-17 17:38:12,34608,TROPOMI-Sentinel-5P_L2-TROPOMAER_2024m0617t171638-o34608_v01-2024m0620t151245.nc, 2320, 236,-0.46, 1.17, 0.05, 51, 1.16, 0.08,  3,1.47,0.24
2024-06-19 17:00:10,34636,TROPOMI-Sentinel-5P_L2-TROPOMAER_2024m0619t163836-o34636_v01-2024m0621t022127.nc, 2372,  64,-0.72, 1.64, 0.15, 99, 1.45, 0.26, 55,1.97,0.13
2024-06-20 16:41:09,34650,TROPOMI-Sentinel-5P_L2-TROPOMAER_2024m0620t161935-o34650_v01-2024m0621t174209.nc, 2409,  25,-0.27, 1.61, 0.09, 92, 1.10, 0.21, 33,1.48,0.16
2024-06-21 18:03:38,34665,TROPOMI-Sentinel-5P_L2-TROPOMAER_2024m0621t174204-o34665_v01-2024m0624t145239.nc, 2306, 361,-0.55, 1.52, 0.12, 95, 1.51, 0.29,  7,1.49,0.14
2024-06-24 17:06:33,34707,TROPOMI-Sentinel-5P_L2-TROPOMAER_2024m0624t164459-o34707_v01-2024m0627t144902.nc, 2364,  84,-0.54, 1.68, 0.09, 93, 1.44, 0.30, 34,1.89,0.09
2024-06-25 16:47:31,34721,TROPOMI-Sentinel-5P_L2-TROPOMAER_2024m0625t162557-o34721_v01-2024m0628t014219.nc, 2399,  36,-1.00, 1.28, 0.04, 62, 1.28, 0.17, 20,1.95,0.12
2024-06-25 18:29:02,34722,TROPOMI-Sentinel-5P_L2-TROPOMAER_2024m0625t180727-o34722_v01-2024m0628t014143.nc, 2307, 425,-0.25, 1.26, 0.08, 70, 1.21, 0.15, 14,2.05,0.12
2024-07-02 17:57:15,34821,TROPOMI-Sentinel-5P_L2-TROPOMAER_2024m0702t173540-o34821_v01-2024m0708t143301.nc, 2321, 337,-0.45, 1.59, 0.05, 80, 1.39, 0.19, 34,1.47,0.16
2024-07-03 17:38:12,34835,TROPOMI-Sentinel-5P_L2-TROPOMAER_2024m0703t171637-o34835_v01-2024m0704t174932.nc, 2335, 238,-0.11, 1.60, 0.09, 94, 1.54, 0.25, 11,1.58,0.14
2024-07-07 18:03:28,34892,TROPOMI-Sentinel-5P_L2-TROPOMAER_2024m0707t174154-o34892_v01-2024m0708t174315.nc, 2330, 362,-0.17, 1.86, 0.07, 94, 1.78, 0.28, 22,1.66,0.17
2024-07-08 17:44:26,34906,TROPOMI-Sentinel-5P_L2-TROPOMAER_2024m0708t172251-o34906_v01-2024m0709t180002.nc, 2341, 274,-0.39, 1.04, 0.05, 29, 1.04, 0.12,  5,1.75,0.22
2024-07-11 16:47:14,34948,TROPOMI-Sentinel-5P_L2-TROPOMAER_2024m0711t162540-o34948_v01-2024m0714t142911.nc, 2431,  36,-0.64, 2.05, 0.27, 99, 1.64, 0.43,  5,1.62,0.09
2024-07-11 18:28:44,34949,TROPOMI-Sentinel-5P_L2-TROPOMAER_2024m0711t180709-o34949_v01-2024m0714t160505.nc, 2339, 426,-0.53, 1.68, 0.06,104, 1.44, 0.28, 51,1.68,0.10
2024-07-15 17:12:27,35005,TROPOMI-Sentinel-5P_L2-TROPOMAER_2024m0715t165053-o35005_v01-2024m0716t200648.nc, 2399, 107,-0.49, 2.17, 0.05, 96, 2.09, 0.29, 49,1.59,0.20
2024-07-24 17:43:42,35133,TROPOMI-Sentinel-5P_L2-TROPOMAER_2024m0724t172207-o35133_v01-2024m0727t152904.nc, 2398, 275,-0.23, 1.69, 0.21, 39, 1.69, 0.21,  1,1.86,0.28
2024-07-27 16:46:25,35175,TROPOMI-Sentinel-5P_L2-TROPOMAER_2024m0727t162450-o35175_v01-2024m0730t143314.nc, 2492,  36, 0.97, 0.92, 0.06, 29, 0.91, 0.12,  4,1.71,0.16
2024-08-01 16:52:23,35246,TROPOMI-Sentinel-5P_L2-TROPOMAER_2024m0801t163050-o35246_v01-2024m0804t143321.nc, 2505,  49,-0.44, 1.93, 0.06, 83, 1.84, 0.19, 14,1.59,0.38
2024-08-02 16:33:18,35260,TROPOMI-Sentinel-5P_L2-TROPOMAER_2024m0802t161143-o35260_v01-2024m0805t123421.nc, 2546,  13,-0.66, 1.97, 0.05, 94, 1.95, 0.28, 37,2.14,0.16
2024-08-03 17:55:41,35275,TROPOMI-Sentinel-5P_L2-TROPOMAER_2024m0803t173407-o35275_v01-2024m0805t143509.nc, 2439, 337, 0.57, 1.77, 0.06, 94, 1.73, 0.22, 19,1.54,0.23
2024-08-05 17:17:28,35303,TROPOMI-Sentinel-5P_L2-TROPOMAER_2024m0805t165553-o35303_v01-2024m0807t101108.nc, 2484, 135, 0.55, 0.89, 0.02, 29, 0.73, 0.06,  7,1.79,0.35
2024-08-06 16:58:20,35317,TROPOMI-Sentinel-5P_L2-TROPOMAER_2024m0806t163647-o35317_v01-2024m0807t212812.nc, 2520,  65,-0.80, 0.52, 0.03, 16, 0.52, 0.09,  7,1.80,0.51
2024-08-12 16:45:08,35402,TROPOMI-Sentinel-5P_L2-TROPOMAER_2024m0812t162333-o35402_v01-2024m0813t201527.nc, 2578,  36,-0.71, 2.53, 0.28,118, 1.24, 0.25, 54,1.67,0.14
2024-08-15 17:29:14,35445,TROPOMI-Sentinel-5P_L2-TROPOMAER_2024m0815t170739-o35445_v01-2024m0818t151501.nc, 2527, 202,-0.17, 0.49, 0.08, 18, 0.49, 0.08,  1,1.27,0.34
2024-08-21 17:15:54,35530,TROPOMI-Sentinel-5P_L2-TROPOMAER_2024m0821t165419-o35530_v01-2024m0822t214712.nc, 2581, 134,-0.23, 2.43, 0.12,114, 2.34, 0.46, 25,1.55,0.13
2024-08-23 16:37:37,35558,TROPOMI-Sentinel-5P_L2-TROPOMAER_2024m0823t161602-o35558_v01-2024m0826t141424.nc, 2660,  26,-0.42, 1.59, 0.04, 94, 1.55, 0.20, 60,1.45,0.12
2024-08-23 18:19:06,35559,TROPOMI-Sentinel-5P_L2-TROPOMAER_2024m0823t175732-o35559_v01-2024m0826t160132.nc, 2557, 414,-0.37, 1.41, 0.04, 90, 1.34, 0.16, 40,1.44,0.12
2024-08-24 17:59:58,35573,TROPOMI-Sentinel-5P_L2-TROPOMAER_2024m0824t173823-o35573_v01-2024m0827t160328.nc, 2565, 362, 0.38, 1.81, 0.07, 83, 1.79, 0.23, 15,1.46,0.30
2024-08-25 17:40:48,35587,TROPOMI-Sentinel-5P_L2-TROPOMAER_2024m0825t171914-o35587_v01-2024m0828t154015.nc, 2582, 273, 0.16, 2.13, 0.03, 76, 2.12, 0.17, 31,1.60,0.28
2024-08-27 17:02:30,35615,TROPOMI-Sentinel-5P_L2-TROPOMAER_2024m0827t164056-o35615_v01-2024m0829t101419.nc, 2642,  84,-0.80, 1.68, 0.02, 84, 1.67, 0.19, 60,1.59,0.18
2024-09-02 16:49:04,35700,TROPOMI-Sentinel-5P_L2-TROPOMAER_2024m0902t162729-o35700_v01-2024m0905t143412.nc, 2707,  48,-0.65, 1.54, 0.11, 84, 1.53, 0.23,  5,1.70,0.10
2024-09-02 18:30:33,35701,TROPOMI-Sentinel-5P_L2-TROPOMAER_2024m0902t180859-o35701_v01-2024m0905t161447.nc, 2629, 440,-0.36, 1.68, 0.11,107, 1.51, 0.30, 60,1.73,0.07
2024-09-03 16:29:53,35714,TROPOMI-Sentinel-5P_L2-TROPOMAER_2024m0903t160820-o35714_v01-2024m0905t233301.nc, 2753,  12, 1.21, 2.12, 0.22,103, 1.93, 0.40, 14,1.50,0.09
2024-09-03 18:11:23,35715,TROPOMI-Sentinel-5P_L2-TROPOMAER_2024m0903t174949-o35715_v01-2024m0905t234842.nc, 2635, 399,-0.18, 1.59, 0.07, 94, 1.50, 0.30, 60,1.52,0.09
2024-09-05 17:33:08,35743,TROPOMI-Sentinel-5P_L2-TROPOMAER_2024m0905t171133-o35743_v01-2024m0908t151056.nc, 2666, 236, 0.23, 0.60, 0.01, 17, 0.60, 0.05, 11,1.24,0.15
2024-09-08 16:35:48,35785,TROPOMI-Sentinel-5P_L2-TROPOMAER_2024m0908t161413-o35785_v01-2024m0909t222155.nc, 2776,  25,-0.38, 1.94, 0.26,115, 1.41, 0.34, 41,1.52,0.07
2024-09-08 18:17:18,35786,TROPOMI-Sentinel-5P_L2-TROPOMAER_2024m0908t175543-o35786_v01-2024m0909t223027.nc, 2672, 414,-0.16, 1.53, 0.07,105, 1.40, 0.29, 49,1.54,0.09
2024-09-09 17:58:11,35800,TROPOMI-Sentinel-5P_L2-TROPOMAER_2024m0909t173636-o35800_v01-2024m0910t214846.nc, 2682, 361,-0.04, 2.31, 0.04, 95, 2.28, 0.23, 60,2.00,0.14
2024-09-10 17:39:03,35814,TROPOMI-Sentinel-5P_L2-TROPOMAER_2024m0910t171729-o35814_v01-2024m0912t164901.nc, 2700, 273,-0.40, 1.90, 0.22,111, 1.89, 0.38,  3,1.71,0.11
2024-09-11 17:19:57,35828,TROPOMI-Sentinel-5P_L2-TROPOMAER_2024m0911t165823-o35828_v01-2024m0912t201254.nc, 2726, 166,-0.06, 2.30, 0.07, 93, 2.25, 0.24, 19,1.59,0.14
2024-09-12 17:00:50,35842,TROPOMI-Sentinel-5P_L2-TROPOMAER_2024m0912t163916-o35842_v01-2024m0913t193353.nc, 2761,  84, 0.25, 4.29, 0.24,120, 4.22, 0.73, 11,1.50,0.14
2024-09-14 18:04:05,35871,TROPOMI-Sentinel-5P_L2-TROPOMAER_2024m0914t174231-o35871_v01-2024m1018t193047.nc, 2719, 383,-0.28, 2.20, 0.09,103, 2.15, 0.29, 48,1.69,0.25
2024-09-15 17:44:58,35885,TROPOMI-Sentinel-5P_L2-TROPOMAER_2024m0915t172323-o35885_v01-2024m1018t204212.nc, 2734, 307,-0.03, 2.19, 0.07, 94, 2.18, 0.29, 17,1.79,0.20
2024-09-20 17:50:50,35956,TROPOMI-Sentinel-5P_L2-TROPOMAER_2024m0920t172916-o35956_v01-2024m1022t023408.nc, 2771, 337, 0.26, 1.86, 0.05, 94, 1.85, 0.25, 22,1.45,0.15
2024-10-05 16:26:47,36168,TROPOMI-Sentinel-5P_L2-TROPOMAER_2024m1005t160513-o36168_v01-2024m1024t141857.nc, 3007,  13,-0.22, 1.28, 0.04,103, 1.20, 0.22, 60,1.31,0.09
2024-10-07 17:29:59,36197,TROPOMI-Sentinel-5P_L2-TROPOMAER_2024m1007t170825-o36197_v01-2024m1024t223705.nc, 2924, 239,-0.35, 1.30, 0.15,101, 1.02, 0.13, 31,1.17,0.10
2024-10-08 17:10:50,36211,TROPOMI-Sentinel-5P_L2-TROPOMAER_2024m1008t164916-o36211_v01-2024m1025t033021.nc, 2954, 135,-0.05, 1.37, 0.07, 96, 1.28, 0.32, 49,1.43,0.05
2024-10-09 16:51:42,36225,TROPOMI-Sentinel-5P_L2-TROPOMAER_2024m1009t163007-o36225_v01-2024m1025t035732.nc, 2991,  65,-0.09, 1.23, 0.10, 88, 1.17, 0.24, 60,1.29,0.06
2024-10-10 16:32:31,36239,TROPOMI-Sentinel-5P_L2-TROPOMAER_2024m1010t161058-o36239_v01-2024m1025t092032.nc, 3037,  26,-0.27, 2.06, 0.15,117, 1.84, 0.54, 58,1.44,0.05
2024-10-10 18:14:01,36240,TROPOMI-Sentinel-5P_L2-TROPOMAER_2024m1010t175228-o36240_v01-2024m1025t093908.nc, 2933, 414, 0.15, 1.70, 0.34,109, 1.50, 0.36, 54,1.34,0.06
2024-10-12 17:35:43,36268,TROPOMI-Sentinel-5P_L2-TROPOMAER_2024m1012t171409-o36268_v01-2024m1025t181105.nc, 2961, 275,-0.03, 2.12, 0.03, 98, 2.08, 0.18, 60,1.63,0.23
2024-10-13 17:16:34,36282,TROPOMI-Sentinel-5P_L2-TROPOMAER_2024m1013t165500-o36282_v01-2024m1025t171250.nc, 2987, 167,-0.22, 2.48, 0.03, 97, 2.45, 0.19, 60,2.13,0.25
2024-10-14 16:57:25,36296,TROPOMI-Sentinel-5P_L2-TROPOMAER_2024m1014t163551-o36296_v01-2024m1026t041426.nc, 3022,  84, 0.17, 1.42, 0.27,113, 1.10, 0.35, 19,1.36,0.08
2024-10-17 17:41:27,36339,TROPOMI-Sentinel-5P_L2-TROPOMAER_2024m1017t171953-o36339_v01-2024m1026t184632.nc, 2997, 308,-0.01, 1.56, 0.30,115, 1.15, 0.30, 56,1.38,0.05
2024-10-18 17:22:16,36353,TROPOMI-Sentinel-5P_L2-TROPOMAER_2024m1018t170044-o36353_v01-2024m1026t225101.nc, 3022, 202,-0.43, 1.46, 0.05, 70, 1.44, 0.21, 57,1.81,0.05
2024-10-19 17:03:07,36367,TROPOMI-Sentinel-5P_L2-TROPOMAER_2024m1019t164135-o36367_v01-2024m1027t041736.nc, 3054, 108,-0.32, 2.34, 0.09,113, 2.25, 0.39, 60,1.24,0.06
2024-10-20 16:43:58,36381,TROPOMI-Sentinel-5P_L2-TROPOMAER_2024m1020t162225-o36381_v01-2024m1027t090924.nc, 3095,  49,-0.10, 1.00, 0.04, 73, 0.95, 0.22, 51,1.11,0.08
2024-10-20 18:25:27,36382,TROPOMI-Sentinel-5P_L2-TROPOMAER_2024m1020t180355-o36382_v01-2024m1027t103934.nc, 3017, 441, 0.04, 1.21, 0.02, 73, 1.18, 0.18, 60,1.21,0.08
2024-10-21 16:24:50,36395,TROPOMI-Sentinel-5P_L2-TROPOMAER_2024m1021t160316-o36395_v01-2024m1027t102206.nc, 3138,  13,-0.28, 1.71, 0.49,116, 1.08, 0.19, 60,0.96,0.07
2024-10-21 18:06:19,36396,TROPOMI-Sentinel-5P_L2-TROPOMAER_2024m1021t174445-o36396_v01-2024m1027t105815.nc, 3021, 400, 0.08, 1.30, 0.08, 75, 1.25, 0.15, 60,1.10,0.07
2024-10-22 17:47:10,36410,TROPOMI-Sentinel-5P_L2-TROPOMAER_2024m1022t172536-o36410_v01-2024m1027t165741.nc, 3033, 337,-0.13, 1.05, 0.03, 72, 1.03, 0.10, 60,1.00,0.09
2024-10-23 17:28:01,36424,TROPOMI-Sentinel-5P_L2-TROPOMAER_2024m1023t170627-o36424_v01-2024m1027t195929.nc, 3053, 238, 0.16, 0.98, 0.07, 91, 0.87, 0.16, 59,0.95,0.08
2024-10-24 17:08:52,36438,TROPOMI-Sentinel-5P_L2-TROPOMAER_2024m1024t164718-o36438_v01-2024m1027t220735.nc, 3083, 135,-0.10, 1.81, 0.19,119, 1.51, 0.43, 59,1.75,0.04
2024-10-25 16:49:43,36452,TROPOMI-Sentinel-5P_L2-TROPOMAER_2024m1025t162808-o36452_v01-2024m1028t151927.nc, 3121,  65,-0.14, 1.25, 0.05, 92, 1.15, 0.23, 57,1.42,0.05
2024-10-26 16:30:33,36466,TROPOMI-Sentinel-5P_L2-TROPOMAER_2024m1026t160859-o36466_v01-2024m1028t211302.nc, 3165,  26,-0.07, 1.65, 0.08, 84, 1.64, 0.30, 14,1.64,0.09
2024-10-26 18:12:02,36467,TROPOMI-Sentinel-5P_L2-TROPOMAER_2024m1026t175029-o36467_v01-2024m1028t202537.nc, 3061, 414, 0.72, 0.48, 0.11, 18, 0.48, 0.11,  1,1.68,0.11
2024-10-27 17:52:54,36481,TROPOMI-Sentinel-5P_L2-TROPOMAER_2024m1027t173119-o36481_v01-2024m1029t224825.nc, 3059, 362, 0.43, 2.01, 0.20,111, 1.73, 0.49, 27,1.79,0.06
2024-10-28 17:33:44,36495,TROPOMI-Sentinel-5P_L2-TROPOMAER_2024m1028t171210-o36495_v01-2024m1030t040412.nc, 3087, 274, 0.20, 1.42, 0.11, 94, 1.16, 0.18, 60,1.81,0.06
2024-10-29 17:14:35,36509,TROPOMI-Sentinel-5P_L2-TROPOMAER_2024m1029t165301-o36509_v01-2024m1101t155826.nc, 3112, 166,-0.08, 1.35, 0.12, 82, 1.14, 0.12, 20,1.52,0.08
2024-10-30 16:55:26,36523,TROPOMI-Sentinel-5P_L2-TROPOMAER_2024m1030t163351-o36523_v01-2024m1102t151745.nc, 3147,  84,-0.35, 1.01, 0.17, 94, 0.86, 0.13, 60,0.90,0.07
2024-10-31 16:36:16,36537,TROPOMI-Sentinel-5P_L2-TROPOMAER_2024m1031t161442-o36537_v01-2024m1103t131922.nc, 3189,  36,-0.10, 1.43, 0.15,131, 1.15, 0.48, 28,1.12,0.05
2024-10-31 18:17:46,36538,TROPOMI-Sentinel-5P_L2-TROPOMAER_2024m1031t175612-o36538_v01-2024m1103t154705.nc, 3098, 425, 0.07, 1.34, 0.12,133, 1.14, 0.44, 52,1.23,0.06
2024-11-02 17:39:28,36566,TROPOMI-Sentinel-5P_L2-TROPOMAER_2024m1102t171753-o36566_v01-2024m1105t142730.nc, 3118, 306, 0.70, 1.26, 0.13, 89, 1.17, 0.24, 60,1.26,0.06
2024-11-03 17:20:18,36580,TROPOMI-Sentinel-5P_L2-TROPOMAER_2024m1103t165843-o36580_v01-2024m1106t042318.nc, 3142, 200, 0.41, 1.16, 0.03, 62, 1.14, 0.22, 55,1.56,0.06
2024-11-05 16:41:59,36608,TROPOMI-Sentinel-5P_L2-TROPOMAER_2024m1105t162025-o36608_v01-2024m1108t132520.nc, 3213,  48, 0.40, 0.89, 0.12, 97, 0.77, 0.14, 60,1.12,0.05
2024-11-05 18:23:28,36609,TROPOMI-Sentinel-5P_L2-TROPOMAER_2024m1105t180154-o36609_v01-2024m1108t162718.nc, 3134, 440, 0.30, 0.91, 0.03, 73, 0.78, 0.10, 58,1.21,0.05
2024-11-06 16:22:50,36622,TROPOMI-Sentinel-5P_L2-TROPOMAER_2024m1106t160115-o36622_v01-2024m1108t220414.nc, 3257,  12, 0.22, 1.03, 0.14,111, 0.79, 0.13, 57,1.21,0.07
2024-11-06 18:04:19,36623,TROPOMI-Sentinel-5P_L2-TROPOMAER_2024m1106t174245-o36623_v01-2024m1108t222050.nc, 3140, 399, 0.64, 1.16, 0.13, 97, 0.93, 0.15, 36,1.46,0.09
2024-11-09 17:06:51,36665,TROPOMI-Sentinel-5P_L2-TROPOMAER_2024m1109t164517-o36665_v01-2024m1112t150502.nc, 3198, 133, 0.49, 1.10, 0.07, 73, 1.01, 0.30, 33,1.43,0.03
2024-11-11 16:28:32,36693,TROPOMI-Sentinel-5P_L2-TROPOMAER_2024m1111t160658-o36693_v01-2024m1113t130343.nc, 3277,  25, 0.88, 0.86, 0.02, 51, 0.84, 0.14, 42,1.17,0.06
2024-11-12 17:50:52,36708,TROPOMI-Sentinel-5P_L2-TROPOMAER_2024m1112t172918-o36708_v01-2024m1114t163022.nc, 3180, 360, 0.69, 1.05, 0.05, 61, 1.01, 0.27, 47,1.06,0.04
2024-11-13 17:31:43,36722,TROPOMI-Sentinel-5P_L2-TROPOMAER_2024m1113t171009-o36722_v01-2024m1116t151557.nc, 3197, 271, 0.52, 1.01, 0.03, 62, 1.00, 0.26, 60,1.41,0.05
2024-11-16 16:34:29,36764,TROPOMI-Sentinel-5P_L2-TROPOMAER_2024m1116t161257-o36764_v01-2024m1119t001557.nc, 3296,  35, 0.49, 1.14, 0.06, 73, 1.06, 0.31, 37,1.06,0.06
2024-11-16 18:16:00,36765,TROPOMI-Sentinel-5P_L2-TROPOMAER_2024m1116t175427-o36765_v01-2024m1118t232056.nc, 3203, 425, 0.35, 1.10, 0.06, 71, 1.07, 0.27, 44,1.16,0.06
2024-11-17 17:56:56,36779,TROPOMI-Sentinel-5P_L2-TROPOMAER_2024m1117t173523-o36779_v01-2024m1119t223351.nc, 3209, 382, 1.32, 1.25, 0.10, 69, 1.17, 0.42, 27,1.59,0.06
2024-11-18 17:37:53,36793,TROPOMI-Sentinel-5P_L2-TROPOMAER_2024m1118t171619-o36793_v01-2024m1120t163929.nc, 3219, 305, 0.85, 1.63, 0.07,120, 1.46, 0.27, 58,1.21,0.12
2024-11-19 17:18:49,36807,TROPOMI-Sentinel-5P_L2-TROPOMAER_2024m1119t165715-o36807_v01-2024m1120t221616.nc, 3240, 199, 0.02, 1.08, 0.02, 40, 1.08, 0.10, 19,1.26,0.10
2024-11-21 16:40:41,36835,TROPOMI-Sentinel-5P_L2-TROPOMAER_2024m1121t161908-o36835_v01-2024m1124t085853.nc, 3309,  48, 0.37, 0.87, 0.15, 28, 0.87, 0.15,  1,1.48,0.07
2024-11-23 17:44:04,36864,TROPOMI-Sentinel-5P_L2-TROPOMAER_2024m1123t172230-o36864_v01-2024m1126t053047.nc, 3241, 336, 0.48, 0.95, 0.10, 61, 0.84, 0.28, 17,0.95,0.07
2024-11-24 17:25:01,36878,TROPOMI-Sentinel-5P_L2-TROPOMAER_2024m1124t170327-o36878_v01-2024m1126t101248.nc, 3259, 237, 0.58, 2.07, 0.10, 82, 1.99, 0.46, 27,1.30,0.07
2024-11-25 17:05:57,36892,TROPOMI-Sentinel-5P_L2-TROPOMAER_2024m1125t164424-o36892_v01-2024m1127t001151.nc, 3285, 134, 0.81, 1.33, 0.04, 73, 1.30, 0.25, 60,1.11,0.07
2024-11-26 16:46:55,36906,TROPOMI-Sentinel-5P_L2-TROPOMAER_2024m1126t162521-o36906_v01-2024m1129t132831.nc, 3318,  65, 0.67, 1.50, 0.11, 91, 1.38, 0.29, 21,1.02,0.06
2024-12-02 16:34:07,36991,TROPOMI-Sentinel-5P_L2-TROPOMAER_2024m1202t161233-o36991_v01-2024m1205t065317.nc, 3363,  36, 0.19, 1.75, 0.22, 99, 1.59, 0.40, 60,1.10,0.07
2024-12-03 17:56:34,37006,TROPOMI-Sentinel-5P_L2-TROPOMAER_2024m1203t173500-o37006_v01-2024m1205t073727.nc, 3275, 383, 0.49, 1.32, 0.06, 72, 1.29, 0.29, 37,1.19,0.07
2024-12-04 17:37:32,37020,TROPOMI-Sentinel-5P_L2-TROPOMAER_2024m1204t171558-o37020_v01-2024m1207t141849.nc, 3285, 308, 0.34, 1.42, 0.05, 73, 1.41, 0.27, 33,1.30,0.07
2024-12-05 17:18:29,37034,TROPOMI-Sentinel-5P_L2-TROPOMAER_2024m1205t165655-o37034_v01-2024m1208t140246.nc, 3303, 202, 0.32, 1.68, 0.12, 82, 1.67, 0.35, 10,1.22,0.07
2024-12-07 16:40:23,37062,TROPOMI-Sentinel-5P_L2-TROPOMAER_2024m1207t161850-o37062_v01-2024m1209t211312.nc, 3366,  50,-0.07, 1.38, 0.10, 69, 1.38, 0.33, 11,1.20,0.05
2024-12-12 16:46:45,37133,TROPOMI-Sentinel-5P_L2-TROPOMAER_2024m1212t162511-o37133_v01-2024m1215t140359.nc, 3362,  66, 0.29, 1.69, 0.09, 95, 1.58, 0.42, 60,1.34,0.04
2024-12-14 17:50:12,37162,TROPOMI-Sentinel-5P_L2-TROPOMAER_2024m1214t172838-o37162_v01-2024m1216t060621.nc, 3298, 363, 0.43, 1.55, 0.04,105, 1.53, 0.30, 60,1.31,0.09
2024-12-19 17:56:36,37233,TROPOMI-Sentinel-5P_L2-TROPOMAER_2024m1219t173502-o37233_v01-2024m1222t143547.nc, 3301, 384, 0.88, 1.32, 0.08, 64, 1.31, 0.25, 13,1.20,0.07
2024-12-22 16:59:34,37275,TROPOMI-Sentinel-5P_L2-TROPOMAER_2024m1222t163800-o37275_v01-2024m1225t134030.nc, 3347, 109, 0.47, 1.97, 0.06, 84, 1.96, 0.41, 50,1.18,0.04
2024-12-23 16:40:34,37289,TROPOMI-Sentinel-5P_L2-TROPOMAER_2024m1223t161859-o37289_v01-2024m1226t140556.nc, 3379,  50, 0.25, 1.85, 0.10,118, 1.61, 0.46, 42,1.19,0.06
2024-12-23 18:22:04,37290,TROPOMI-Sentinel-5P_L2-TROPOMAER_2024m1223t180029-o37290_v01-2024m1226t150144.nc, 3302, 442, 1.01, 1.43, 0.12, 82, 1.43, 0.28,  6,1.26,0.07
2024-12-27 17:06:03,37346,TROPOMI-Sentinel-5P_L2-TROPOMAER_2024m1227t164429-o37346_v01-2024m1231t150255.nc, 3335, 137, 0.56, 0.94, 0.03, 90, 0.89, 0.15, 60,1.15,0.07
2024-12-30 17:50:33,37389,TROPOMI-Sentinel-5P_L2-TROPOMAER_2024m1230t172859-o37389_v01-2025m0102t142554.nc, 3294, 364, 0.65, 1.61, 0.10, 73, 1.59, 0.63, 39,1.42,0.04
2024-12-31 17:31:33,37403,TROPOMI-Sentinel-5P_L2-TROPOMAER_2024m1231t170959-o37403_v01-2025m0103t141618.nc, 3303, 277, 0.80, 1.34, 0.06, 72, 1.31, 0.34, 54,1.22,0.07
