Orbit,AOCH532,TAU532
 32224,  1.13,  0.16
 32225,  1.11,  0.19
 32239,  0.80,  0.06
 32253,  0.95,  0.06
 32267,  1.03,  0.11
 32281,  1.06,  0.05
 32295,  1.36,  0.10
 32296,  1.12,  0.11
 32309,  0.95,  0.09
 32310,  1.02,  0.10
 32324,  0.85,  0.10
 32338,  1.15,  0.21
 32352,  1.07,  0.13
 32366,  0.89,  0.06
 32380,  0.91,  0.05
 32381,  1.10,  0.05
 32395,  1.13,  0.10
 32409,  1.34,  0.11
 32423,  1.41,  0.29
 32437,  0.74,  0.58
 32451,  1.13,  0.04
 32452,  1.23,  0.04
 32466,  1.53,  0.05
 32480,  0.77,  0.32
 32494,  1.30,  0.08
 32508,  0.80,  0.07
 32522,  0.97,  0.04
 32523,  1.14,  0.05
 32536,  1.58,  0.09
 32537,  1.64,  0.10
 32551,  0.91,  0.12
 32579,  1.05,  0.06
 32593,  0.83,  0.11
 32607,  0.75,  0.10
 32608,  0.72,  0.11
 32622,  0.88,  0.07
 32650,  0.99,  0.13
 32664,  0.81,  0.07
 32678,  0.95,  0.28
 32679,  0.93,  0.22
 32693,  0.84,  0.04
 32707,  0.96,  0.05
 32721,  0.92,  0.06
 32735,  1.08,  0.05
 32749,  0.94,  0.07
 32750,  1.02,  0.08
 32763,  1.23,  0.06
 32764,  1.42,  0.06
 32778,  1.03,  0.09
 32792,  1.24,  0.10
 32806,  1.17,  0.19
 32820,  0.87,  0.29
 32834,  0.90,  0.13
 32835,  0.92,  0.10
 32849,  1.05,  0.10
 32863,  1.72,  0.11
 32877,  1.54,  0.12
 32891,  0.85,  0.09
 32905,  1.23,  0.04
 32906,  1.22,  0.05
 32920,  1.71,  0.15
 32934,  1.21,  0.11
 32948,  1.39,  0.11
 32962,  1.52,  0.20
 32976,  0.82,  0.40
 32977,  0.85,  0.35
 32990,  1.42,  0.20
 32991,  1.58,  0.22
 33005,  4.33,  0.12
 33019,  1.65,  0.20
 33033,  1.31,  0.22
 33047,  1.52,  0.22
 33061,  1.53,  0.06
 33062,  1.58,  0.06
 33076,  1.59,  0.10
 33090,  0.82,  0.13
 33104,  0.98,  0.16
 33118,  1.10,  0.13
 33132,  0.68,  0.11
 33133,  0.75,  0.13
 33147,  0.98,  0.11
 33161,  1.42,  0.09
 33175,  2.37,  0.10
 33189,  0.89,  0.20
 33203,  1.58,  0.08
 33204,  1.67,  0.11
 33217,  2.08,  0.08
 33218,  1.83,  0.09
 33232,  1.59,  0.11
 33246,  2.28,  0.18
 33260,  1.67,  0.16
 33274,  1.29,  0.16
 33288,  0.98,  0.13
 33289,  1.14,  0.13
 33303,  1.47,  0.09
 33317,  1.48,  0.11
 33331,  2.06,  0.10
 33345,  1.43,  0.16
 33359,  1.41,  0.13
 33360,  1.44,  0.19
 33374,  1.74,  0.29
 33388,  1.65,  0.13
 33402,  1.82,  0.08
 33416,  1.49,  0.10
 33430,  1.50,  0.15
 33431,  1.41,  0.16
 33444,  0.83,  0.33
 33445,  0.83,  0.38
 33459,  1.26,  0.29
 33473,  1.37,  0.12
 33487,  1.83,  0.21
 33501,  1.53,  0.22
 33515,  0.89,  0.49
 33516,  0.76,  0.59
 33530,  1.05,  0.74
 33544,  1.68,  0.18
 33558,  1.47,  0.13
 33572,  1.28,  0.16
 33586,  1.21,  0.09
 33587,  1.45,  0.09
 33601,  1.98,  0.09
 33615,  2.17,  0.10
 33629,  1.49,  0.23
 33643,  1.53,  0.18
 33657,  1.98,  0.17
 33658,  1.63,  0.22
 33671,  1.42,  0.16
 33672,  1.57,  0.17
 33686,  1.39,  0.10
 33700,  1.78,  0.18
 33714,  1.55,  0.26
 33728,  1.75,  0.14
 33742,  1.83,  0.28
 33743,  1.76,  0.23
 33757,  1.45,  0.18
 33771,  1.20,  0.23
 33785,  2.61,  0.14
 33799,  2.31,  0.27
 33813,  1.97,  0.11
 33814,  2.02,  0.11
 33828,  1.74,  0.15
 33842,  1.65,  0.14
 33856,  1.44,  0.28
 33870,  1.89,  0.15
 33884,  1.74,  0.37
 33885,  1.66,  0.39
 33898,  1.69,  0.21
 33899,  1.69,  0.22
 33913,  1.74,  0.16
 33927,  2.06,  0.17
 33941,  1.62,  0.12
 33955,  2.05,  0.11
 33969,  1.62,  0.36
 33970,  1.60,  0.30
 33984,  1.47,  0.34
 33998,  1.85,  0.16
 34012,  2.32,  0.28
 34026,  1.73,  0.13
 34040,  1.74,  0.16
 34041,  1.89,  0.16
 34055,  2.00,  0.32
 34069,  1.04,  0.30
 34083,  1.97,  0.13
 34097,  1.23,  0.30
 34111,  1.43,  0.14
 34112,  1.49,  0.14
 34125,  1.86,  0.24
 34126,  2.06,  0.33
 34140,  1.34,  0.15
 34154,  1.96,  0.09
 34168,  1.70,  0.22
 34182,  1.20,  0.21
 34196,  0.95,  0.44
 34197,  1.05,  0.55
 34211,  1.15,  0.23
 34225,  1.22,  0.12
 34239,  1.93,  0.30
 34253,  1.09,  0.50
 34267,  1.71,  0.24
 34268,  1.65,  0.25
 34282,  1.55,  0.32
 34296,  1.52,  0.18
 34310,  1.66,  0.28
 34324,  1.64,  0.19
 34338,  1.84,  0.18
 34339,  1.66,  0.25
 34352,  1.61,  0.10
 34353,  1.57,  0.10
 34367,  1.85,  0.10
 34381,  1.96,  0.14
 34395,  1.66,  0.19
 34409,  1.40,  0.24
 34423,  1.35,  0.17
 34424,  1.45,  0.17
 34438,  1.69,  0.22
 34452,  1.61,  0.18
 34466,  1.57,  0.14
 34480,  1.62,  0.09
 34494,  1.28,  0.28
 34495,  1.27,  0.23
 34509,  1.53,  0.16
 34523,  1.52,  0.14
 34537,  1.57,  0.16
 34551,  1.28,  0.27
 34565,  1.69,  0.18
 34566,  1.70,  0.21
 34579,  1.59,  0.10
 34580,  1.69,  0.12
 34594,  1.95,  0.17
 34608,  1.47,  0.24
 34622,  1.37,  0.25
 34636,  1.97,  0.13
 34650,  1.48,  0.16
 34651,  1.43,  0.19
 34665,  1.49,  0.14
 34679,  1.64,  0.36
 34693,  1.65,  0.21
 34707,  1.89,  0.09
 34721,  1.95,  0.12
 34722,  2.05,  0.12
 34736,  1.80,  0.20
 34750,  1.63,  0.11
 34764,  1.42,  0.17
 34778,  1.38,  0.24
 34792,  1.40,  0.26
 34793,  1.29,  0.22
 34806,  1.48,  0.10
 34807,  1.56,  0.10
 34821,  1.47,  0.16
 34835,  1.58,  0.14
 34849,  1.43,  0.32
 34863,  1.46,  0.20
 34877,  1.66,  0.15
 34878,  1.72,  0.16
 34892,  1.66,  0.17
 34906,  1.75,  0.22
 34920,  1.40,  0.36
 34934,  1.46,  0.14
 34948,  1.62,  0.09
 34949,  1.68,  0.10
 34963,  1.00,  0.45
 34977,  1.46,  0.19
 34991,  1.57,  0.30
 35005,  1.59,  0.20
 35019,  1.73,  0.29
 35020,  1.76,  0.31
 35033,  1.92,  0.26
 35034,  2.02,  0.30
 35048,  1.74,  0.23
 35062,  1.59,  0.34
 35076,  1.88,  0.21
 35090,  1.67,  0.27
 35104,  1.82,  0.26
 35105,  1.73,  0.26
 35119,  1.83,  0.23
 35133,  1.86,  0.28
 35147,  1.47,  0.47
 35161,  2.24,  0.38
 35175,  1.71,  0.16
 35176,  1.73,  0.17
 35190,  1.65,  0.25
 35204,  1.73,  0.40
 35218,  1.59,  0.25
 35232,  1.77,  0.46
 35246,  1.59,  0.38
 35247,  1.61,  0.36
 35260,  2.14,  0.16
 35261,  2.03,  0.17
 35275,  1.54,  0.23
 35289,  1.69,  0.26
 35303,  1.79,  0.35
 35317,  1.80,  0.51
 35331,  1.65,  0.22
 35332,  1.69,  0.22
 35346,  1.67,  0.14
 35360,  0.99,  0.30
 35374,  1.57,  0.42
 35388,  1.66,  0.23
 35402,  1.67,  0.14
 35403,  1.58,  0.15
 35417,  1.97,  0.13
 35431,  1.26,  0.50
 35445,  1.27,  0.34
 35459,  1.33,  0.29
 35473,  1.25,  0.74
 35474,  1.21,  0.92
 35487,  1.40,  0.27
 35488,  1.49,  0.28
 35502,  1.54,  0.16
 35516,  1.50,  0.16
 35530,  1.55,  0.13
 35544,  1.64,  0.12
 35558,  1.45,  0.12
 35559,  1.44,  0.12
 35573,  1.46,  0.30
 35587,  1.60,  0.28
 35601,  1.57,  0.35
 35615,  1.59,  0.18
 35629,  1.33,  0.37
 35630,  1.36,  0.31
 35644,  1.32,  0.44
 35658,  1.41,  0.24
 35672,  1.83,  0.42
 35686,  1.62,  0.20
 35700,  1.70,  0.10
 35701,  1.73,  0.07
 35714,  1.50,  0.09
 35715,  1.52,  0.09
 35729,  1.74,  0.10
 35743,  1.24,  0.15
 35757,  1.28,  0.17
 35771,  1.26,  0.25
 35785,  1.52,  0.07
 35786,  1.54,  0.09
 35800,  2.00,  0.14
 35814,  1.71,  0.11
 35828,  1.59,  0.14
 35842,  1.50,  0.14
 35856,  1.65,  0.31
 35857,  1.77,  0.37
 35871,  1.69,  0.25
 35885,  1.79,  0.20
 35899,  1.50,  0.21
 35913,  1.20,  0.18
 35927,  1.10,  0.11
 35928,  1.12,  0.10
 35941,  1.41,  0.10
 35942,  1.79,  0.11
 35956,  1.45,  0.15
 35970,  1.55,  0.22
 35984,  1.20,  0.48
 35998,  1.32,  0.34
 36012,  1.37,  0.25
 36013,  1.52,  0.24
 36027,  1.34,  0.26
 36041,  1.55,  0.18
 36055,  1.32,  0.08
 36069,  1.32,  0.07
 36083,  1.03,  0.34
 36084,  0.96,  0.37
 36098,  1.14,  0.17
 36112,  1.20,  0.14
 36126,  1.49,  0.15
 36140,  1.32,  0.12
 36154,  1.10,  0.24
 36155,  1.16,  0.27
 36168,  1.31,  0.09
 36169,  1.47,  0.09
 36183,  1.43,  0.08
 36197,  1.17,  0.10
 36211,  1.43,  0.05
 36225,  1.29,  0.06
 36239,  1.44,  0.05
 36240,  1.34,  0.06
 36254,  2.16,  0.07
 36268,  1.63,  0.23
 36282,  2.13,  0.25
 36296,  1.36,  0.08
 36310,  1.60,  0.09
 36311,  1.67,  0.12
 36325,  1.24,  0.12
 36339,  1.38,  0.05
 36353,  1.81,  0.05
 36367,  1.24,  0.06
 36381,  1.11,  0.08
 36382,  1.21,  0.08
 36395,  0.96,  0.07
 36396,  1.10,  0.07
 36410,  1.00,  0.09
 36424,  0.95,  0.08
 36438,  1.75,  0.04
 36452,  1.42,  0.05
 36466,  1.64,  0.09
 36467,  1.68,  0.11
 36481,  1.79,  0.06
 36495,  1.81,  0.06
 36509,  1.52,  0.08
 36523,  0.90,  0.07
 36537,  1.12,  0.05
 36538,  1.23,  0.06
 36552,  1.41,  0.08
 36566,  1.26,  0.06
 36580,  1.56,  0.06
 36594,  1.69,  0.06
 36608,  1.12,  0.05
 36609,  1.21,  0.05
 36622,  1.21,  0.07
 36623,  1.46,  0.09
 36637,  1.38,  0.10
 36651,  1.59,  0.04
 36665,  1.43,  0.03
 36679,  1.22,  0.07
 36693,  1.17,  0.06
 36694,  1.13,  0.05
 36708,  1.06,  0.04
 36722,  1.41,  0.05
 36736,  1.09,  0.08
 36750,  0.92,  0.08
 36764,  1.06,  0.06
 36765,  1.16,  0.06
 36779,  1.59,  0.06
 36793,  1.21,  0.12
 36807,  1.26,  0.10
 36821,  0.96,  0.09
 36835,  1.48,  0.07
 36836,  1.59,  0.08
 36849,  1.24,  0.11
 36850,  1.18,  0.14
 36864,  0.95,  0.07
 36878,  1.30,  0.07
 36892,  1.11,  0.07
 36906,  1.02,  0.06
 36920,  1.59,  0.05
 36921,  1.66,  0.06
 36935,  0.98,  0.11
 36949,  1.33,  0.14
 36963,  1.28,  0.05
 36977,  1.54,  0.07
 36991,  1.10,  0.07
 37006,  1.19,  0.07
 37020,  1.30,  0.07
 37034,  1.22,  0.07
 37048,  1.18,  0.08
 37062,  1.20,  0.05
 37063,  1.31,  0.05
 37076,  1.19,  0.06
 37077,  1.37,  0.07
 37091,  0.69,  0.06
 37105,  0.82,  0.12
 37119,  0.78,  0.21
 37133,  1.34,  0.04
 37147,  1.41,  0.06
 37148,  1.38,  0.08
 37162,  1.31,  0.09
 37176,  1.43,  0.08
 37190,  0.81,  0.13
 37204,  1.54,  0.05
 37218,  1.12,  0.09
 37219,  1.20,  0.16
 37232,  0.97,  0.06
 37233,  1.20,  0.07
 37247,  1.10,  0.18
 37261,  1.31,  0.05
 37275,  1.18,  0.04
 37289,  1.19,  0.06
 37290,  1.26,  0.07
 37303,  1.38,  0.20
 37304,  1.17,  0.18
 37318,  0.92,  0.15
 37332,  0.76,  0.15
 37346,  1.15,  0.07
 37360,  0.97,  0.11
 37374,  1.24,  0.09
 37375,  1.25,  0.08
 37389,  1.42,  0.04
 37403,  1.22,  0.07
