date,orbit,filename,line,column,uvai,mpl_z1,sd_mpl_z1,mpl_n1,mpl_z2,sd_mpl_z2,mpl_n2,m2_aoch532,m2_aod532
2023-01-01 17:19:54,27046,TROPOMI-Sentinel-5P_L2-TROPOMAER_2023m0101t165819-o27046_v01-2023m0104t140506.nc, 3312, 203, 0.56, 1.39, 0.08, 84, 1.33, 0.50, 49,0.94,0.05
2023-01-09 16:29:30,27159,TROPOMI-Sentinel-5P_L2-TROPOMAER_2023m0109t160756-o27159_v01-2023m0110t160652.nc, 3375,  26, 0.47, 1.00, 0.06, 95, 0.87, 0.29, 60,0.88,0.06
2023-01-09 18:11:01,27160,TROPOMI-Sentinel-5P_L2-TROPOMAER_2023m0109t174927-o27160_v01-2023m0110t160435.nc, 3270, 415, 0.65, 1.19, 0.21,112, 0.76, 0.21, 60,0.91,0.05
2023-01-11 17:33:04,27188,TROPOMI-Sentinel-5P_L2-TROPOMAER_2023m0111t171130-o27188_v01-2023m0112t181947.nc, 3275, 276, 0.32, 0.76, 0.04, 38, 0.76, 0.08,  4,1.22,0.12
2023-01-12 17:14:05,27202,TROPOMI-Sentinel-5P_L2-TROPOMAER_2023m0112t165231-o27202_v01-2023m0113t160703.nc, 3290, 168,-0.11, 0.76, 0.02, 38, 0.76, 0.05,  5,1.13,0.31
2023-01-13 16:55:07,27216,TROPOMI-Sentinel-5P_L2-TROPOMAER_2023m0113t163333-o27216_v01-2023m0114t223217.nc, 3314,  85, 0.65, 1.26, 0.25, 80, 0.89, 0.39, 43,0.97,0.11
2023-01-15 16:17:11,27244,TROPOMI-Sentinel-5P_L2-TROPOMAER_2023m0115t155537-o27244_v01-2023m0117t002656.nc, 3378,   0, 0.66, 0.60, 0.03, 16, 0.59, 0.11, 13,0.90,0.04
2023-01-15 17:58:41,27245,TROPOMI-Sentinel-5P_L2-TROPOMAER_2023m0115t173707-o27245_v01-2023m0117t002013.nc, 3249, 384, 0.54, 0.77, 0.10, 61, 0.67, 0.22, 50,0.98,0.04
2023-01-18 17:01:48,27287,TROPOMI-Sentinel-5P_L2-TROPOMAER_2023m0118t164013-o27287_v01-2023m0121t135834.nc, 3283, 109,-0.05, 0.67, 0.07, 17, 0.67, 0.07,  1,0.87,0.11
2023-01-24 16:49:31,27372,TROPOMI-Sentinel-5P_L2-TROPOMAER_2023m0124t162758-o27372_v01-2023m0125t151729.nc, 3276,  66, 0.33, 1.02, 0.16, 76, 1.02, 0.38,  6,0.89,0.05
2023-01-28 17:15:13,27429,TROPOMI-Sentinel-5P_L2-TROPOMAER_2023m0128t165339-o27429_v01-2023m0129t155420.nc, 3216, 168,-0.28, 0.74, 0.05, 27, 0.74, 0.12,  5,1.40,0.06
2023-01-30 18:18:49,27458,TROPOMI-Sentinel-5P_L2-TROPOMAER_2023m0130t175715-o27458_v01-2023m0131t214859.nc, 3175, 426, 0.33, 1.96, 0.21,137, 1.71, 0.61, 19,1.04,0.09
2023-02-01 17:40:57,27486,TROPOMI-Sentinel-5P_L2-TROPOMAER_2023m0201t171922-o27486_v01-2023m0203t104819.nc, 3168, 309, 0.09, 1.09, 0.14, 60, 1.09, 0.14,  1,1.18,0.06
2023-02-03 17:03:02,27514,TROPOMI-Sentinel-5P_L2-TROPOMAER_2023m0203t164129-o27514_v01-2023m0204t165933.nc, 3198, 108, 0.33, 1.36, 0.07, 95, 1.29, 0.33, 37,1.20,0.06
2023-02-04 16:44:06,27528,TROPOMI-Sentinel-5P_L2-TROPOMAER_2023m0204t162232-o27528_v01-2023m0205t142836.nc, 3223,  50, 0.26, 1.63, 0.28,116, 1.21, 0.24, 39,1.87,0.05
2023-02-04 18:25:37,27529,TROPOMI-Sentinel-5P_L2-TROPOMAER_2023m0204t180402-o27529_v01-2023m0205t144720.nc, 3144, 441, 0.52, 1.38, 0.05, 94, 1.27, 0.23, 55,2.09,0.06
2023-02-10 16:31:59,27613,TROPOMI-Sentinel-5P_L2-TROPOMAER_2023m0210t161024-o27613_v01-2023m0211t170938.nc, 3207,  26, 0.55, 1.85, 0.16, 84, 1.84, 0.52, 12,1.08,0.08
2023-02-11 17:54:34,27628,TROPOMI-Sentinel-5P_L2-TROPOMAER_2023m0211t173258-o27628_v01-2023m0212t175533.nc, 3096, 362, 0.92, 1.10, 0.08, 61, 1.10, 0.23,  9,1.40,0.05
2023-02-13 17:16:41,27656,TROPOMI-Sentinel-5P_L2-TROPOMAER_2023m0213t165506-o27656_v01-2023m0214t145845.nc, 3111, 167,-0.36, 1.43, 0.06, 73, 1.42, 0.30, 26,1.97,0.05
2023-02-14 16:57:45,27670,TROPOMI-Sentinel-5P_L2-TROPOMAER_2023m0214t163610-o27670_v01-2023m0215t182102.nc, 3131,  84, 0.46, 1.03, 0.05, 80, 0.97, 0.21, 37,1.73,0.06
2023-02-15 16:38:48,27684,TROPOMI-Sentinel-5P_L2-TROPOMAER_2023m0215t161714-o27684_v01-2023m0216t160055.nc, 3159,  36, 0.40, 1.45, 0.06, 94, 1.38, 0.24, 43,1.26,0.09
2023-02-15 18:20:19,27685,TROPOMI-Sentinel-5P_L2-TROPOMAER_2023m0215t175844-o27685_v01-2023m0216t155212.nc, 3066, 426, 0.86, 1.25, 0.12, 94, 1.23, 0.35, 10,1.18,0.09
2023-02-18 17:23:31,27727,TROPOMI-Sentinel-5P_L2-TROPOMAER_2023m0218t170156-o27727_v01-2023m0219t161426.nc, 3066, 201, 0.38, 2.64, 0.33,143, 2.40, 0.85, 10,1.47,0.06
2023-02-21 16:26:43,27769,TROPOMI-Sentinel-5P_L2-TROPOMAER_2023m0221t160508-o27769_v01-2023m0222t161144.nc, 3138,  12, 0.21, 1.97, 0.21,127, 1.63, 0.37, 27,1.12,0.13
2023-02-23 17:30:22,27798,TROPOMI-Sentinel-5P_L2-TROPOMAER_2023m0223t170847-o27798_v01-2023m0224t202956.nc, 3021, 237, 0.74, 1.14, 0.06, 93, 1.01, 0.27, 56,1.13,0.07
2023-02-24 17:11:26,27812,TROPOMI-Sentinel-5P_L2-TROPOMAER_2023m0224t164951-o27812_v01-2023m0227t135931.nc, 3035, 134, 0.60, 1.80, 0.09,111, 1.65, 0.34, 55,1.03,0.08
2023-02-26 18:15:05,27841,TROPOMI-Sentinel-5P_L2-TROPOMAER_2023m0226t175330-o27841_v01-2023m0228t170047.nc, 2980, 414, 0.59, 1.72, 0.12,128, 1.50, 0.43, 31,1.02,0.10
2023-03-04 18:03:00,27926,TROPOMI-Sentinel-5P_L2-TROPOMAER_2023m0304t174126-o27926_v01-2023m0306t181602.nc, 2931, 382,-0.06, 2.31, 0.15,105, 2.26, 0.50, 16,0.97,0.12
2023-03-05 17:44:05,27940,TROPOMI-Sentinel-5P_L2-TROPOMAER_2023m0305t172230-o27940_v01-2023m0307t030802.nc, 2930, 306, 0.33, 2.21, 0.13,110, 2.17, 0.38, 17,1.45,0.17
2023-03-06 17:25:08,27954,TROPOMI-Sentinel-5P_L2-TROPOMAER_2023m0306t170335-o27954_v01-2023m0307t145207.nc, 2939, 199, 0.05, 2.32, 0.11,127, 2.14, 0.41, 60,1.29,0.12
2023-03-07 17:06:13,27968,TROPOMI-Sentinel-5P_L2-TROPOMAER_2023m0307t164439-o27968_v01-2023m0308t141301.nc, 2954, 106,-0.73, 1.91, 0.16,116, 1.80, 0.50, 18,1.55,0.08
2023-03-08 16:47:17,27982,TROPOMI-Sentinel-5P_L2-TROPOMAER_2023m0308t162543-o27982_v01-2023m0311t133248.nc, 2979,  48,-0.43, 1.47, 0.26, 98, 1.24, 0.35, 32,1.50,0.06
2023-03-08 18:28:47,27983,TROPOMI-Sentinel-5P_L2-TROPOMAER_2023m0308t180713-o27983_v01-2023m0311t151111.nc, 2899, 439, 0.02, 1.65, 0.36,112, 1.10, 0.32, 39,1.53,0.07
2023-03-09 16:28:22,27996,TROPOMI-Sentinel-5P_L2-TROPOMAER_2023m0309t160647-o27996_v01-2023m0312t141144.nc, 3007,  11,-0.41, 1.75, 0.08,104, 1.70, 0.43, 43,1.31,0.10
2023-03-09 18:09:52,27997,TROPOMI-Sentinel-5P_L2-TROPOMAER_2023m0309t174818-o27997_v01-2023m0312t154400.nc, 2888, 399, 0.48, 1.48, 0.05, 72, 1.48, 0.25, 23,1.32,0.11
2023-03-15 17:57:48,28082,TROPOMI-Sentinel-5P_L2-TROPOMAER_2023m0315t173613-o28082_v01-2023m0316t171221.nc, 2838, 359,-0.01, 1.90, 0.12,114, 1.78, 0.50, 43,1.96,0.05
2023-03-16 17:38:55,28096,TROPOMI-Sentinel-5P_L2-TROPOMAER_2023m0316t171720-o28096_v01-2023m0319t151453.nc, 2840, 270,-0.27, 2.09, 0.12,117, 1.97, 0.57, 29,1.71,0.09
2023-03-19 16:42:19,28138,TROPOMI-Sentinel-5P_L2-TROPOMAER_2023m0319t162044-o28138_v01-2023m0320t213021.nc, 2895,  35,-0.72, 2.24, 0.16,114, 1.70, 0.36, 20,1.32,0.11
2023-03-19 18:23:49,28139,TROPOMI-Sentinel-5P_L2-TROPOMAER_2023m0319t180214-o28139_v01-2023m0320t213459.nc, 2802, 425, 0.04, 1.05, 0.03, 29, 1.01, 0.14, 29,1.36,0.13
2023-03-20 18:04:56,28153,TROPOMI-Sentinel-5P_L2-TROPOMAER_2023m0320t174322-o28153_v01-2023m0321t181504.nc, 2794, 381,-0.43, 1.46, 0.08,118, 1.28, 0.34, 60,1.28,0.08
2023-03-22 17:27:12,28181,TROPOMI-Sentinel-5P_L2-TROPOMAER_2023m0322t170537-o28181_v01-2023m0324t034309.nc, 2800, 198,-0.45, 1.32, 0.18, 51, 1.04, 0.15,  2,1.09,0.18
2023-03-26 17:53:13,28238,TROPOMI-Sentinel-5P_L2-TROPOMAER_2023m0326t173138-o28238_v01-2023m0327t161701.nc, 2745, 335,-0.30, 2.20, 0.11,117, 2.02, 0.48, 60,1.58,0.09
2023-03-30 16:37:41,28294,TROPOMI-Sentinel-5P_L2-TROPOMAER_2023m0330t161607-o28294_v01-2023m0402t142222.nc, 2814,  25,-0.67, 1.56, 0.04, 95, 1.52, 0.31, 60,1.69,0.10
2023-03-30 18:19:12,28295,TROPOMI-Sentinel-5P_L2-TROPOMAER_2023m0330t175738-o28295_v01-2023m0402t155208.nc, 2707, 413,-0.36, 1.69, 0.11,116, 1.52, 0.26, 60,1.68,0.09
2023-04-01 17:41:26,28323,TROPOMI-Sentinel-5P_L2-TROPOMAER_2023m0401t171952-o28323_v01-2023m0404t021326.nc, 2702, 272, 0.36, 1.65, 0.06,107, 1.62, 0.28, 33,1.65,0.12
2023-04-02 17:22:34,28337,TROPOMI-Sentinel-5P_L2-TROPOMAER_2023m0402t170059-o28337_v01-2023m0404t082413.nc, 2713, 165, 0.08, 1.73, 0.09,113, 1.60, 0.47, 60,1.58,0.12
2023-04-03 17:03:40,28351,TROPOMI-Sentinel-5P_L2-TROPOMAER_2023m0403t164207-o28351_v01-2023m0404t180158.nc, 2732,  83,-0.44, 2.07, 0.08, 86, 2.01, 0.18, 20,1.32,0.16
2023-04-04 16:44:48,28365,TROPOMI-Sentinel-5P_L2-TROPOMAER_2023m0404t162314-o28365_v01-2023m0405t181457.nc, 2758,  36,-0.32, 1.57, 0.08,108, 1.47, 0.28, 60,1.38,0.17
2023-04-04 18:26:19,28366,TROPOMI-Sentinel-5P_L2-TROPOMAER_2023m0404t180444-o28366_v01-2023m0405t183720.nc, 2665, 425,-0.04, 1.75, 0.09,126, 1.54, 0.29, 59,1.41,0.16
2023-04-05 18:07:25,28380,TROPOMI-Sentinel-5P_L2-TROPOMAER_2023m0405t174551-o28380_v01-2023m0406t194140.nc, 2657, 382,-0.04, 2.34, 0.25,117, 1.16, 0.18, 41,1.70,0.23
2023-04-09 16:51:52,28436,TROPOMI-Sentinel-5P_L2-TROPOMAER_2023m0409t163018-o28436_v01-2023m0411t121833.nc, 2704,  49,-0.57, 1.83, 0.29,126, 1.43, 0.24, 54,1.39,0.14
2023-04-09 18:33:24,28437,TROPOMI-Sentinel-5P_L2-TROPOMAER_2023m0409t181149-o28437_v01-2023m0411t122236.nc, 2624, 440,-0.20, 1.86, 0.27,126, 1.64, 0.47, 43,1.38,0.15
2023-04-10 16:33:00,28450,TROPOMI-Sentinel-5P_L2-TROPOMAER_2023m0410t161125-o28450_v01-2023m0411t161603.nc, 2733,  12,-0.38, 1.09, 0.02, 64, 1.09, 0.13, 55,1.38,0.11
2023-04-10 18:14:30,28451,TROPOMI-Sentinel-5P_L2-TROPOMAER_2023m0410t175255-o28451_v01-2023m0411t171100.nc, 2615, 400,-0.20, 1.14, 0.11, 79, 1.11, 0.13, 59,1.40,0.11
2023-04-12 17:36:42,28479,TROPOMI-Sentinel-5P_L2-TROPOMAER_2023m0412t171509-o28479_v01-2023m0421t074608.nc, 2617, 237,-0.26, 1.65, 0.07,112, 1.56, 0.21, 60,1.62,0.15
2023-04-13 17:17:49,28493,TROPOMI-Sentinel-5P_L2-TROPOMAER_2023m0413t165615-o28493_v01-2023m0421t115851.nc, 2630, 134,-0.43, 1.38, 0.11,112, 1.22, 0.22, 60,1.50,0.10
2023-04-14 16:58:56,28507,TROPOMI-Sentinel-5P_L2-TROPOMAER_2023m0414t163721-o28507_v01-2023m0422t090346.nc, 2653,  64,-0.35, 0.88, 0.09, 60, 0.88, 0.15,  3,1.64,0.12
2023-04-16 18:02:39,28536,TROPOMI-Sentinel-5P_L2-TROPOMAER_2023m0416t174104-o28536_v01-2023m0422t103841.nc, 2570, 361, 0.25, 1.03, 0.07, 39, 1.03, 0.07,  1,1.35,0.23
2023-04-18 17:24:51,28564,TROPOMI-Sentinel-5P_L2-TROPOMAER_2023m0418t170317-o28564_v01-2023m0422t122230.nc, 2584, 165,-0.14, 2.02, 0.06,109, 1.93, 0.33, 60,1.78,0.12
2023-04-19 17:05:57,28578,TROPOMI-Sentinel-5P_L2-TROPOMAER_2023m0419t164423-o28578_v01-2023m0422t131016.nc, 2604,  84,-0.89, 1.76, 0.06,105, 1.70, 0.31, 60,2.02,0.13
2023-04-20 16:47:03,28592,TROPOMI-Sentinel-5P_L2-TROPOMAER_2023m0420t162529-o28592_v01-2023m0422t140433.nc, 2631,  36,-0.79, 1.58, 0.07,106, 1.47, 0.18, 60,1.27,0.14
2023-04-20 18:28:32,28593,TROPOMI-Sentinel-5P_L2-TROPOMAER_2023m0420t180700-o28593_v01-2023m0422t140458.nc, 2541, 425,-0.28, 1.42, 0.03,101, 1.37, 0.17, 60,1.28,0.14
2023-04-21 18:09:39,28607,TROPOMI-Sentinel-5P_L2-TROPOMAER_2023m0421t174806-o28607_v01-2023m0422t164036.nc, 2533, 383,-0.39, 1.52, 0.04, 95, 1.49, 0.16, 60,1.42,0.17
2023-05-06 16:48:54,28819,TROPOMI-Sentinel-5P_L2-TROPOMAER_2023m0506t162721-o28819_v01-2023m0508t033656.nc, 2524,  37,-0.59, 1.87, 0.08,106, 1.75, 0.50, 60,1.69,0.10
2023-05-06 18:30:25,28820,TROPOMI-Sentinel-5P_L2-TROPOMAER_2023m0506t180851-o28820_v01-2023m0508t033812.nc, 2432, 426, 0.03, 2.05, 0.13,116, 1.91, 0.49, 45,1.84,0.10
2023-05-11 16:55:37,28890,TROPOMI-Sentinel-5P_L2-TROPOMAER_2023m0511t163403-o28890_v01-2023m0512t170417.nc, 2483,  50,-0.33, 1.59, 0.03, 72, 1.56, 0.13, 57,1.45,0.34
2023-05-11 18:37:07,28891,TROPOMI-Sentinel-5P_L2-TROPOMAER_2023m0511t181533-o28891_v01-2023m0512t172946.nc, 2406, 442, 0.50, 1.56, 0.05, 68, 1.56, 0.15,  9,1.43,0.34
2023-05-12 16:36:40,28904,TROPOMI-Sentinel-5P_L2-TROPOMAER_2023m0512t161505-o28904_v01-2023m0513t185529.nc, 2515,  14,-0.14, 1.39, 0.02, 73, 1.37, 0.14, 60,1.36,0.31
2023-05-12 18:18:10,28905,TROPOMI-Sentinel-5P_L2-TROPOMAER_2023m0512t175635-o28905_v01-2023m0513t185525.nc, 2398, 401, 0.31, 1.56, 0.06, 84, 1.33, 0.14, 37,1.39,0.31
2023-05-14 17:40:14,28933,TROPOMI-Sentinel-5P_L2-TROPOMAER_2023m0514t171839-o28933_v01-2023m0517t114811.nc, 2404, 241, 0.02, 1.93, 0.15,113, 1.74, 0.43, 60,1.74,0.10
2023-05-15 17:21:15,28947,TROPOMI-Sentinel-5P_L2-TROPOMAER_2023m0515t165941-o28947_v01-2023m0517t122854.nc, 2421, 137, 0.11, 3.82, 0.74,104, 3.82, 0.74,  1,1.62,0.21
2023-05-16 17:02:16,28961,TROPOMI-Sentinel-5P_L2-TROPOMAER_2023m0516t164042-o28961_v01-2023m0518t030438.nc, 2447,  66, 0.22, 1.26, 0.08, 94, 1.15, 0.25, 25,1.35,0.23
2023-05-17 18:24:47,28976,TROPOMI-Sentinel-5P_L2-TROPOMAER_2023m0517t180314-o28976_v01-2023m0518t173319.nc, 2375, 415,-0.25, 2.12, 0.08,114, 1.91, 0.43, 56,2.21,0.14
2023-05-21 17:08:53,29032,TROPOMI-Sentinel-5P_L2-TROPOMAER_2023m0521t164719-o29032_v01-2023m0523t114426.nc, 2415,  86,-0.16, 2.33, 0.05, 80, 2.05, 0.19, 37,1.33,0.30
2023-05-22 18:31:24,29047,TROPOMI-Sentinel-5P_L2-TROPOMAER_2023m0522t180949-o29047_v01-2023m0524t081758.nc, 2354, 427, 0.60, 2.78, 0.08, 59, 2.78, 0.17,  5,1.52,0.57
2023-05-25 17:34:25,29089,TROPOMI-Sentinel-5P_L2-TROPOMAER_2023m0525t171251-o29089_v01-2023m0608t094501.nc, 2366, 204,-0.33, 2.20, 0.08,106, 2.16, 0.59, 60,2.30,0.14
2023-05-26 17:15:26,29103,TROPOMI-Sentinel-5P_L2-TROPOMAER_2023m0526t165351-o29103_v01-2023m0608t104130.nc, 2386, 109,-0.42, 1.89, 0.13,107, 1.87, 0.53, 20,1.80,0.12
2023-05-30 17:40:55,29160,TROPOMI-Sentinel-5P_L2-TROPOMAER_2023m0530t171921-o29160_v01-2023m0608t143132.nc, 2344, 241,-0.34, 1.43, 0.03, 84, 1.39, 0.17, 60,1.33,0.24
2023-05-31 17:21:55,29174,TROPOMI-Sentinel-5P_L2-TROPOMAER_2023m0531t170021-o29174_v01-2023m0608t150959.nc, 2362, 137,-0.27, 1.17, 0.03, 84, 1.16, 0.20, 60,1.24,0.21
2023-06-01 17:02:54,29188,TROPOMI-Sentinel-5P_L2-TROPOMAER_2023m0601t164121-o29188_v01-2023m0608t155015.nc, 2391,  66,-0.23, 1.12, 0.06, 74, 1.07, 0.10, 41,1.15,0.31
2023-06-02 16:43:54,29202,TROPOMI-Sentinel-5P_L2-TROPOMAER_2023m0602t162220-o29202_v01-2023m0608t163251.nc, 2424,  26,-0.05, 1.76, 0.03, 73, 1.76, 0.16, 27,1.28,0.24
2023-06-02 18:25:24,29203,TROPOMI-Sentinel-5P_L2-TROPOMAER_2023m0602t180350-o29203_v01-2023m0608t151222.nc, 2320, 415,-0.20, 1.75, 0.08, 68, 1.75, 0.16,  4,1.48,0.22
2023-06-10 17:34:45,29316,TROPOMI-Sentinel-5P_L2-TROPOMAER_2023m0610t171310-o29316_v01-2023m0611t172249.nc, 2328, 204,-0.02, 1.18, 0.02, 62, 1.17, 0.09, 54,1.39,0.27
2023-06-11 17:15:42,29330,TROPOMI-Sentinel-5P_L2-TROPOMAER_2023m0611t165409-o29330_v01-2023m0612t155700.nc, 2352, 109,-0.39, 1.68, 0.04, 58, 1.67, 0.14, 11,1.63,0.46
2023-06-19 18:06:24,29444,TROPOMI-Sentinel-5P_L2-TROPOMAER_2023m0619t174449-o29444_v01-2023m0620t174308.nc, 2302, 364,-0.58, 1.52, 0.03, 57, 1.49, 0.11, 50,1.44,0.55
2023-07-13 17:14:37,29784,TROPOMI-Sentinel-5P_L2-TROPOMAER_2023m0713t165302-o29784_v01-2023m0720t013223.nc, 2387, 108,-1.06, 2.68, 0.30,103, 2.13, 0.29, 15,1.50,0.19
2023-07-14 16:55:30,29798,TROPOMI-Sentinel-5P_L2-TROPOMAER_2023m0714t163356-o29798_v01-2023m0720t045934.nc, 2423,  50,-0.46, 1.87, 0.12,103, 1.81, 0.46, 24,1.68,0.19
2023-07-19 17:01:29,29869,TROPOMI-Sentinel-5P_L2-TROPOMAER_2023m0719t163955-o29869_v01-2023m0804t042533.nc, 2429,  65,-0.82, 1.17, 0.05, 85, 1.04, 0.14, 35,1.41,0.21
2023-07-20 16:42:23,29883,TROPOMI-Sentinel-5P_L2-TROPOMAER_2023m0720t162049-o29883_v01-2023m0804t071304.nc, 2469,  26,-0.10, 0.79, 0.03, 29, 0.79, 0.06,  4,1.24,0.36
2023-07-20 18:23:52,29884,TROPOMI-Sentinel-5P_L2-TROPOMAER_2023m0720t180218-o29884_v01-2023m0804t074641.nc, 2365, 414,-0.27, 0.80, 0.02, 29, 0.80, 0.05,  5,1.40,0.40
2023-07-21 18:04:46,29898,TROPOMI-Sentinel-5P_L2-TROPOMAER_2023m0721t174312-o29898_v01-2023m0804t104158.nc, 2371, 363,-0.44, 2.34, 0.10, 94, 2.33, 0.30,  9,1.55,0.16
2023-07-25 18:29:48,29955,TROPOMI-Sentinel-5P_L2-TROPOMAER_2023m0725t180814-o29955_v01-2023m0804t165138.nc, 2386, 426,-0.30, 1.75, 0.03, 82, 1.73, 0.18, 36,1.98,0.22
2023-07-27 17:51:34,29983,TROPOMI-Sentinel-5P_L2-TROPOMAER_2023m0727t172959-o29983_v01-2023m0804t192026.nc, 2402, 308,-0.89, 2.00, 0.10, 83, 1.91, 0.21,  6,1.68,0.32
2023-07-28 17:32:25,29997,TROPOMI-Sentinel-5P_L2-TROPOMAER_2023m0728t171052-o29997_v01-2023m0804t192127.nc, 2423, 202,-1.22, 1.32, 0.04, 69, 1.32, 0.12, 11,1.37,0.30
2023-07-30 16:54:12,30025,TROPOMI-Sentinel-5P_L2-TROPOMAER_2023m0730t163237-o30025_v01-2023m0805t010857.nc, 2488,  49,-0.42, 1.90, 0.10,116, 1.76, 0.37, 55,1.67,0.09
2023-07-30 18:35:41,30026,TROPOMI-Sentinel-5P_L2-TROPOMAER_2023m0730t181406-o30026_v01-2023m0805t010518.nc, 2411, 440,-0.59, 1.59, 0.03, 73, 1.57, 0.16, 40,1.67,0.09
2023-07-31 16:35:04,30039,TROPOMI-Sentinel-5P_L2-TROPOMAER_2023m0731t161329-o30039_v01-2023m0805t050015.nc, 2530,  13,-0.55, 2.28, 0.15,103, 2.02, 0.38,  9,1.54,0.17
2023-08-11 18:09:03,30196,TROPOMI-Sentinel-5P_L2-TROPOMAER_2023m0811t174728-o30196_v01-2023m0814t155007.nc, 2474, 382,-0.00, 1.47, 0.06, 72, 1.06, 0.10, 36,1.55,0.16
2023-08-16 16:33:18,30266,TROPOMI-Sentinel-5P_L2-TROPOMAER_2023m0816t161144-o30266_v01-2023m0819t141542.nc, 2623,  12,-0.21, 1.28, 0.06, 58, 1.21, 0.13, 23,1.39,0.11
2023-08-19 17:17:21,30309,TROPOMI-Sentinel-5P_L2-TROPOMAER_2023m0819t165546-o30309_v01-2023m0822t145122.nc, 2562, 133,-0.45, 1.63, 0.14,110, 1.53, 0.19, 60,2.01,0.12
2023-08-20 16:58:11,30323,TROPOMI-Sentinel-5P_L2-TROPOMAER_2023m0820t163637-o30323_v01-2023m0822t120854.nc, 2599,  64,-0.65, 2.08, 0.04, 95, 2.04, 0.27, 52,1.53,0.18
2023-08-21 16:39:02,30337,TROPOMI-Sentinel-5P_L2-TROPOMAER_2023m0821t161728-o30337_v01-2023m0822t175759.nc, 2641,  25,-0.55, 1.63, 0.03, 83, 1.60, 0.17, 60,1.33,0.24
2023-08-21 18:20:32,30338,TROPOMI-Sentinel-5P_L2-TROPOMAER_2023m0821t175857-o30338_v01-2023m0822t171739.nc, 2536, 413, 0.13, 1.55, 0.02, 73, 1.49, 0.13, 42,1.34,0.25
2023-08-22 18:01:22,30352,TROPOMI-Sentinel-5P_L2-TROPOMAER_2023m0822t173948-o30352_v01-2023m0823t163036.nc, 2545, 360,-0.35, 1.95, 0.10, 94, 1.79, 0.15, 60,1.82,0.18
2023-08-30 17:09:34,30465,TROPOMI-Sentinel-5P_L2-TROPOMAER_2023m0830t164800-o30465_v01-2023m0831t180226.nc, 2647, 104,-0.66, 1.54, 0.04, 84, 1.52, 0.20, 30,1.30,0.13
2023-08-31 16:50:27,30479,TROPOMI-Sentinel-5P_L2-TROPOMAER_2023m0831t162853-o30479_v01-2023m0901t185031.nc, 2686,  48,-0.36, 1.30, 0.16, 97, 1.18, 0.26, 58,1.33,0.07
2023-08-31 18:31:56,30480,TROPOMI-Sentinel-5P_L2-TROPOMAER_2023m0831t181022-o30480_v01-2023m0901t185203.nc, 2609, 439,-0.14, 1.72, 0.84,107, 1.12, 0.20, 54,1.47,0.07
2023-09-01 16:31:21,30493,TROPOMI-Sentinel-5P_L2-TROPOMAER_2023m0901t160946-o30493_v01-2023m0905t203243.nc, 2731,  11,-0.41, 2.05, 0.16,116, 1.82, 0.25, 60,1.47,0.08
2023-09-02 17:53:43,30508,TROPOMI-Sentinel-5P_L2-TROPOMAER_2023m0902t173209-o30508_v01-2023m0907t144636.nc, 2625, 334,-0.53, 1.06, 0.01, 62, 1.06, 0.10, 60,1.30,0.10
2023-09-03 17:34:39,30522,TROPOMI-Sentinel-5P_L2-TROPOMAER_2023m0903t171302-o30522_v01-2023m0908t081740.nc, 2641, 235,-0.66, 2.04, 0.07, 92, 1.86, 0.14, 37,1.61,0.15
2023-09-04 17:15:30,30536,TROPOMI-Sentinel-5P_L2-TROPOMAER_2023m0904t165355-o30536_v01-2023m0908t145740.nc, 2674, 132,-0.87, 0.83, 0.06, 47, 0.69, 0.09, 11,2.22,0.12
2023-09-05 16:56:23,30550,TROPOMI-Sentinel-5P_L2-TROPOMAER_2023m0905t163448-o30550_v01-2023m0909t205200.nc, 2711,  63,-0.62, 1.51, 0.09, 99, 1.41, 0.16, 60,1.51,0.14
2023-09-08 17:40:31,30593,TROPOMI-Sentinel-5P_L2-TROPOMAER_2023m0908t171856-o30593_v01-2023m0911t033727.nc, 2677, 272,-0.21, 1.37, 0.07, 98, 1.30, 0.18, 23,1.41,0.30
2023-09-11 18:24:39,30636,TROPOMI-Sentinel-5P_L2-TROPOMAER_2023m0911t180304-o30636_v01-2023m0912t222232.nc, 2689, 425, 1.47, 1.59, 0.42,116, 1.41, 0.37,  2,1.32,0.29
2023-09-12 18:05:32,30650,TROPOMI-Sentinel-5P_L2-TROPOMAER_2023m0912t174357-o30650_v01-2023m0914t144513.nc, 2696, 382,-0.04, 1.62, 0.13,104, 1.49, 0.23,  7,1.37,0.16
2023-09-13 17:46:24,30664,TROPOMI-Sentinel-5P_L2-TROPOMAER_2023m0913t172449-o30664_v01-2023m0920t144147.nc, 2712, 306,-0.14, 1.25, 0.03, 62, 1.25, 0.11, 12,1.24,0.12
2023-09-14 17:27:16,30678,TROPOMI-Sentinel-5P_L2-TROPOMAER_2023m0914t170542-o30678_v01-2023m0920t204514.nc, 2735, 200,-0.80, 1.62, 0.23,101, 1.52, 0.33,  5,1.48,0.09
2023-09-15 17:08:09,30692,TROPOMI-Sentinel-5P_L2-TROPOMAER_2023m0915t164634-o30692_v01-2023m0921t201441.nc, 2767, 106,-0.50, 1.75, 0.38,126, 1.15, 0.33, 54,1.50,0.06
2023-09-16 16:49:01,30706,TROPOMI-Sentinel-5P_L2-TROPOMAER_2023m0916t162727-o30706_v01-2023m0921t203347.nc, 2808,  49,-0.44, 1.21, 0.05, 90, 1.14, 0.23, 60,1.67,0.06
2023-09-16 18:30:31,30707,TROPOMI-Sentinel-5P_L2-TROPOMAER_2023m0916t180856-o30707_v01-2023m0923t025545.nc, 2729, 440,-0.26, 1.59, 0.22,128, 1.19, 0.34, 56,1.70,0.06
2023-09-19 17:33:08,30749,TROPOMI-Sentinel-5P_L2-TROPOMAER_2023m0919t171133-o30749_v01-2023m0925t211324.nc, 2768, 237,-0.56, 1.35, 0.11, 91, 1.29, 0.22,  7,1.34,0.10
2023-09-20 17:13:59,30763,TROPOMI-Sentinel-5P_L2-TROPOMAER_2023m0920t165226-o30763_v01-2023m0925t090353.nc, 2799, 134,-0.19, 1.10, 0.02, 28, 1.10, 0.06, 12,1.42,0.15
2023-09-21 16:54:52,30777,TROPOMI-Sentinel-5P_L2-TROPOMAER_2023m0921t163318-o30777_v01-2023m0925t034145.nc, 2836,  65,-0.84, 1.64, 0.15,104, 1.62, 0.41,  9,1.44,0.12
2023-09-27 16:41:34,30862,TROPOMI-Sentinel-5P_L2-TROPOMAER_2023m0927t161959-o30862_v01-2023m0929t133322.nc, 2908,  36,-0.98, 1.43, 0.15,130, 1.25, 0.47, 17,1.08,0.14
2023-09-27 18:23:03,30863,TROPOMI-Sentinel-5P_L2-TROPOMAER_2023m0927t180129-o30863_v01-2023m0929t133319.nc, 2818, 426,-0.18, 0.94, 0.04, 96, 0.89, 0.15, 51,1.15,0.14
2023-10-01 17:06:30,30919,TROPOMI-Sentinel-5P_L2-TROPOMAER_2023m1001t164456-o30919_v01-2023m1002t192841.nc, 2897, 107,-0.04, 1.07, 0.12, 99, 0.83, 0.15, 56,1.45,0.08
2023-10-02 16:47:22,30933,TROPOMI-Sentinel-5P_L2-TROPOMAER_2023m1002t162547-o30933_v01-2023m1003t180631.nc, 2937,  49,-0.34, 1.63, 0.06,115, 1.53, 0.27, 60,1.38,0.10
2023-10-02 18:28:51,30934,TROPOMI-Sentinel-5P_L2-TROPOMAER_2023m1002t180717-o30934_v01-2023m1003t180758.nc, 2861, 441,-0.14, 1.48, 0.09,115, 1.40, 0.22, 31,1.42,0.11
2023-10-03 18:09:42,30948,TROPOMI-Sentinel-5P_L2-TROPOMAER_2023m1003t174809-o30948_v01-2023m1006t154754.nc, 2867, 400,-0.09, 1.20, 0.09, 97, 1.04, 0.14, 27,1.30,0.12
2023-10-10 17:37:14,31047,TROPOMI-Sentinel-5P_L2-TROPOMAER_2023m1010t171539-o31047_v01-2023m1012t184933.nc, 2935, 275, 0.48, 1.65, 0.25,111, 1.50, 0.25,  5,1.32,0.15
2023-10-11 17:18:04,31061,TROPOMI-Sentinel-5P_L2-TROPOMAER_2023m1011t165630-o31061_v01-2023m1012t172638.nc, 2963, 167,-0.24, 1.22, 0.18,108, 1.04, 0.17, 58,1.35,0.06
2023-10-12 16:58:56,31075,TROPOMI-Sentinel-5P_L2-TROPOMAER_2023m1012t163721-o31075_v01-2023m1016t124104.nc, 2998,  85,-0.43, 1.43, 0.02, 84, 1.42, 0.18, 60,1.50,0.11
2023-10-13 16:39:48,31089,TROPOMI-Sentinel-5P_L2-TROPOMAER_2023m1013t161813-o31089_v01-2023m1014t165447.nc, 3028,  37,-0.51, 1.47, 0.06,117, 1.33, 0.22, 60,1.39,0.09
2023-10-13 18:21:17,31090,TROPOMI-Sentinel-5P_L2-TROPOMAER_2023m1013t175942-o31090_v01-2023m1014t170650.nc, 2950, 426,-0.20, 1.41, 0.12,109, 1.28, 0.14, 60,1.43,0.09
2023-10-19 16:26:24,31174,TROPOMI-Sentinel-5P_L2-TROPOMAER_2023m1019t160450-o31174_v01-2023m1022t140056.nc, 3115,  13,-0.40, 1.06, 0.10, 87, 0.97, 0.19, 14,1.16,0.10
2023-10-23 16:51:19,31231,TROPOMI-Sentinel-5P_L2-TROPOMAER_2023m1023t162944-o31231_v01-2023m1025t003216.nc, 3098,  66,-0.30, 1.80, 0.60,124, 1.05, 0.32, 44,1.45,0.04
2023-10-24 16:32:10,31245,TROPOMI-Sentinel-5P_L2-TROPOMAER_2023m1024t161036-o31245_v01-2023m1027t140810.nc, 3141,  26,-0.14, 2.44, 0.16,112, 2.34, 0.35, 60,2.01,0.08
2023-10-24 18:13:40,31246,TROPOMI-Sentinel-5P_L2-TROPOMAER_2023m1024t175205-o31246_v01-2023m1027t155500.nc, 3039, 415,-0.05, 2.04, 0.04, 92, 2.00, 0.28, 60,1.98,0.08
2023-10-25 17:54:32,31260,TROPOMI-Sentinel-5P_L2-TROPOMAER_2023m1025t173257-o31260_v01-2023m1028t153103.nc, 3047, 363,-0.02, 1.41, 0.10, 97, 1.31, 0.21, 56,1.83,0.07
2023-10-26 17:35:23,31274,TROPOMI-Sentinel-5P_L2-TROPOMAER_2023m1026t171348-o31274_v01-2023m1029t210955.nc, 3065, 276,-0.20, 1.33, 0.13, 82, 1.06, 0.18, 41,1.44,0.07
2023-10-29 16:37:57,31316,TROPOMI-Sentinel-5P_L2-TROPOMAER_2023m1029t161623-o31316_v01-2023m1030t190324.nc, 3167,  37,-0.44, 1.08, 0.08, 49, 1.08, 0.08,  1,1.15,0.12
2023-10-29 18:19:27,31317,TROPOMI-Sentinel-5P_L2-TROPOMAER_2023m1029t175752-o31317_v01-2023m1030t190400.nc, 3077, 426, 0.67, 1.17, 0.03, 55, 1.15, 0.06, 15,1.15,0.14
2023-10-30 18:00:17,31331,TROPOMI-Sentinel-5P_L2-TROPOMAER_2023m1030t173844-o31331_v01-2023m1102t162504.nc, 3086, 384,-0.67, 0.99, 0.05, 71, 0.98, 0.13, 16,1.23,0.12
2023-10-31 17:41:10,31345,TROPOMI-Sentinel-5P_L2-TROPOMAER_2023m1031t171935-o31345_v01-2023m1103t130153.nc, 3099, 309, 0.34, 0.49, 0.06, 18, 0.49, 0.13,  5,1.29,0.09
2023-11-01 17:22:01,31359,TROPOMI-Sentinel-5P_L2-TROPOMAER_2023m1101t170027-o31359_v01-2023m1103t150515.nc, 3122, 203,-0.06, 1.30, 0.16, 97, 1.17, 0.15, 23,1.05,0.10
2023-11-02 17:02:53,31373,TROPOMI-Sentinel-5P_L2-TROPOMAER_2023m1102t164118-o31373_v01-2023m1103t192506.nc, 3153, 108, 0.14, 1.55, 0.52,121, 1.12, 0.15, 59,1.19,0.06
2023-11-03 16:43:45,31387,TROPOMI-Sentinel-5P_L2-TROPOMAER_2023m1103t162210-o31387_v01-2023m1104t185559.nc, 3192,  50, 0.16, 1.39, 0.37,119, 0.90, 0.19, 60,1.34,0.05
2023-11-03 18:25:15,31388,TROPOMI-Sentinel-5P_L2-TROPOMAER_2023m1103t180340-o31388_v01-2023m1104t185728.nc, 3114, 441, 0.27, 0.91, 0.01, 51, 0.91, 0.11, 60,1.41,0.06
2023-11-04 16:24:37,31401,TROPOMI-Sentinel-5P_L2-TROPOMAER_2023m1104t160302-o31401_v01-2023m1105t162144.nc, 3236,  13, 0.07, 1.12, 0.20, 87, 0.69, 0.15, 30,1.44,0.07
2023-11-04 18:06:05,31402,TROPOMI-Sentinel-5P_L2-TROPOMAER_2023m1104t174431-o31402_v01-2023m1105t163650.nc, 3121, 401, 1.07, 0.85, 0.03, 63, 0.82, 0.10, 26,1.51,0.08
2023-11-05 17:46:57,31416,TROPOMI-Sentinel-5P_L2-TROPOMAER_2023m1105t172523-o31416_v01-2023m1106t172104.nc, 3131, 338, 0.33, 1.56, 0.06,112, 1.40, 0.25, 44,1.16,0.13
2023-11-06 17:27:49,31430,TROPOMI-Sentinel-5P_L2-TROPOMAER_2023m1106t170615-o31430_v01-2023m1110t143542.nc, 3151, 240,-0.07, 1.14, 0.07, 78, 1.10, 0.08, 54,1.06,0.15
2023-11-07 17:08:41,31444,TROPOMI-Sentinel-5P_L2-TROPOMAER_2023m1107t164707-o31444_v01-2023m1110t164047.nc, 3179, 136,-0.03, 0.93, 0.01, 28, 0.93, 0.03, 11,1.76,0.17
2023-11-08 16:49:33,31458,TROPOMI-Sentinel-5P_L2-TROPOMAER_2023m1108t162759-o31458_v01-2023m1111t133102.nc, 3215,  66, 0.08, 1.57, 0.03, 73, 1.56, 0.23, 60,1.71,0.07
2023-11-09 16:30:25,31472,TROPOMI-Sentinel-5P_L2-TROPOMAER_2023m1109t160851-o31472_v01-2023m1112t131246.nc, 3257,  26, 0.38, 1.33, 0.06,116, 1.22, 0.17, 60,1.17,0.13
2023-11-09 18:11:54,31473,TROPOMI-Sentinel-5P_L2-TROPOMAER_2023m1109t175020-o31473_v01-2023m1112t144805.nc, 3154, 415,-0.00, 1.34, 0.03, 71, 1.32, 0.09,  8,1.24,0.13
2023-11-11 17:33:39,31501,TROPOMI-Sentinel-5P_L2-TROPOMAER_2023m1111t171204-o31501_v01-2023m1114t000609.nc, 3177, 275, 0.52, 0.95, 0.06, 65, 0.90, 0.09, 43,1.30,0.09
2023-11-13 16:55:22,31529,TROPOMI-Sentinel-5P_L2-TROPOMAER_2023m1113t163349-o31529_v01-2023m1115t204606.nc, 3237,  85, 0.29, 0.91, 0.02, 67, 0.89, 0.09, 60,1.27,0.08
2023-11-14 16:36:16,31543,TROPOMI-Sentinel-5P_L2-TROPOMAER_2023m1114t161441-o31543_v01-2023m1115t225359.nc, 3276,  37, 0.19, 0.97, 0.05, 72, 0.89, 0.23, 49,1.28,0.05
2023-11-14 18:17:45,31544,TROPOMI-Sentinel-5P_L2-TROPOMAER_2023m1114t175610-o31544_v01-2023m1115t231219.nc, 3186, 426, 0.36, 1.05, 0.03, 62, 1.04, 0.21, 50,1.44,0.05
2023-11-15 17:58:37,31558,TROPOMI-Sentinel-5P_L2-TROPOMAER_2023m1115t173703-o31558_v01-2023m1116t232819.nc, 3192, 383, 0.74, 0.90, 0.04, 50, 0.90, 0.13,  9,2.15,0.09
2023-11-16 17:39:30,31572,TROPOMI-Sentinel-5P_L2-TROPOMAER_2023m1116t171755-o31572_v01-2023m1119t141756.nc, 3204, 308, 0.57, 0.80, 0.04, 83, 0.78, 0.19, 60,1.17,0.09
2023-11-18 17:01:15,31600,TROPOMI-Sentinel-5P_L2-TROPOMAER_2023m1118t163941-o31600_v01-2023m1120t171048.nc, 3255, 108, 0.45, 1.14, 0.21, 59, 0.62, 0.15, 18,1.25,0.04
2023-11-19 16:42:08,31614,TROPOMI-Sentinel-5P_L2-TROPOMAER_2023m1119t162033-o31614_v01-2023m1121t003406.nc, 3292,  50, 0.34, 0.85, 0.02, 51, 0.85, 0.14, 57,1.09,0.05
2023-11-19 18:23:38,31615,TROPOMI-Sentinel-5P_L2-TROPOMAER_2023m1119t180203-o31615_v01-2023m1121t003343.nc, 3214, 441, 0.39, 0.92, 0.02, 51, 0.92, 0.12, 46,1.14,0.05
2023-11-20 18:04:29,31629,TROPOMI-Sentinel-5P_L2-TROPOMAER_2023m1120t174256-o31629_v01-2023m1121t184430.nc, 3219, 400, 1.35, 0.91, 0.02, 51, 0.91, 0.13, 29,1.33,0.05
2023-11-22 17:26:16,31657,TROPOMI-Sentinel-5P_L2-TROPOMAER_2023m1122t170442-o31657_v01-2023m1124t143948.nc, 3245, 239, 0.47, 0.55, 0.03, 18, 0.55, 0.08,  7,0.94,0.09
2023-11-25 16:28:56,31699,TROPOMI-Sentinel-5P_L2-TROPOMAER_2023m1125t160722-o31699_v01-2023m1128t000433.nc, 3346,  26, 0.48, 0.98, 0.03, 62, 0.96, 0.18, 53,1.40,0.05
2023-11-25 18:10:26,31700,TROPOMI-Sentinel-5P_L2-TROPOMAER_2023m1125t174851-o31700_v01-2023m1128t002227.nc, 3242, 414, 0.61, 1.17, 0.31,109, 1.00, 0.19, 59,1.32,0.05
2023-11-29 16:54:00,31756,TROPOMI-Sentinel-5P_L2-TROPOMAER_2023m1129t163225-o31756_v01-2023m1130t180131.nc, 3315,  84, 0.50, 0.68, 0.06, 22, 0.64, 0.12,  4,1.50,0.06
2023-11-30 16:34:54,31770,TROPOMI-Sentinel-5P_L2-TROPOMAER_2023m1130t161319-o31770_v01-2023m1201t183204.nc, 3353,  36, 0.41, 0.63, 0.04, 50, 0.62, 0.14, 21,1.22,0.05
2023-11-30 18:16:24,31771,TROPOMI-Sentinel-5P_L2-TROPOMAER_2023m1130t175449-o31771_v01-2023m1201t184141.nc, 3262, 426, 0.77, 0.90, 0.08, 70, 0.76, 0.16, 36,1.22,0.05
2023-12-08 17:25:07,31884,TROPOMI-Sentinel-5P_L2-TROPOMAER_2023m1208t170333-o31884_v01-2023m1211t140404.nc, 3302, 237, 0.45, 1.21, 0.33,115, 0.92, 0.19, 45,1.08,0.06
2023-12-09 17:06:02,31898,TROPOMI-Sentinel-5P_L2-TROPOMAER_2023m1209t164427-o31898_v01-2023m1211t173124.nc, 3326, 134, 0.12, 0.61, 0.03, 62, 0.60, 0.09, 43,0.71,0.07
2023-12-12 17:50:17,31941,TROPOMI-Sentinel-5P_L2-TROPOMAER_2023m1212t172842-o31941_v01-2023m1215t160328.nc, 3295, 361, 0.63, 0.96, 0.03, 50, 0.95, 0.20, 50,0.98,0.05
2023-12-14 17:12:07,31969,TROPOMI-Sentinel-5P_L2-TROPOMAER_2023m1214t165033-o31969_v01-2023m1215t191901.nc, 3327, 165, 0.50, 0.90, 0.03, 61, 0.88, 0.18, 42,1.34,0.05
2023-12-15 16:53:03,31983,TROPOMI-Sentinel-5P_L2-TROPOMAER_2023m1215t163129-o31983_v01-2023m1216t211227.nc, 3355,  83, 0.32, 0.69, 0.02, 39, 0.69, 0.11, 51,1.06,0.04
2023-12-16 16:33:59,31997,TROPOMI-Sentinel-5P_L2-TROPOMAER_2023m1216t161224-o31997_v01-2023m1220t122715.nc, 3390,  36, 0.08, 0.63, 0.02, 39, 0.62, 0.10, 57,1.13,0.05
2023-12-16 18:15:29,31998,TROPOMI-Sentinel-5P_L2-TROPOMAER_2023m1216t175354-o31998_v01-2023m1220t053731.nc, 3298, 425, 0.73, 0.59, 0.05, 29, 0.59, 0.09,  4,1.24,0.05
2023-12-20 16:59:13,32054,TROPOMI-Sentinel-5P_L2-TROPOMAER_2023m1220t163738-o32054_v01-2023m1223t134603.nc, 3348, 105, 0.31, 1.10, 0.02, 62, 1.08, 0.18, 60,1.23,0.04
2023-12-22 16:21:10,32082,TROPOMI-Sentinel-5P_L2-TROPOMAER_2023m1222t155935-o32082_v01-2023m1231t134614.nc, 3418,  12, 0.42, 0.99, 0.02, 51, 0.98, 0.09, 38,1.23,0.10
2023-12-22 18:02:40,32083,TROPOMI-Sentinel-5P_L2-TROPOMAER_2023m1222t174105-o32083_v01-2023m1225t144125.nc, 3300, 399, 0.22, 1.26, 0.18,135, 0.88, 0.19, 56,1.16,0.10
2023-12-25 17:05:36,32125,TROPOMI-Sentinel-5P_L2-TROPOMAER_2023m1225t164402-o32125_v01-2023m1230t212055.nc, 3338, 133, 0.35, 0.97, 0.12, 61, 0.87, 0.09, 24,0.93,0.09
