date,orbit,filename,line,column,uvai,mpl_z1,sd_mpl_z1,mpl_n1,mpl_z2,sd_mpl_z2,mpl_n2,m2_aoch532,m2_aod532
2022-01-06 18:09:46,21939,TROPOMI-Sentinel-5P_L2-TROPOMAER_2022m0106t174811-o21939_v01-2022m0622t160605.nc, 3278, 414, 2.16, 1.87, 0.30, 63, 1.87, 0.30,  1,1.50,0.06
2022-01-07 17:50:46,21953,TROPOMI-Sentinel-5P_L2-TROPOMAER_2022m0107t172912-o21953_v01-2022m0623t061353.nc, 3278, 362, 1.21, 1.62, 0.50,127, 1.02, 0.42, 28,1.02,0.09
2022-01-11 16:34:50,22009,TROPOMI-Sentinel-5P_L2-TROPOMAER_2022m0111t161316-o22009_v01-2022m0623t114943.nc, 3355,  36, 0.84, 1.38, 0.15,118, 0.95, 0.33, 38,1.07,0.06
2022-01-11 18:16:21,22010,TROPOMI-Sentinel-5P_L2-TROPOMAER_2022m0111t175446-o22010_v01-2022m0623t114852.nc, 3263, 426, 1.52, 0.88, 0.18, 80, 0.80, 0.13, 27,1.07,0.06
2022-01-12 17:57:21,22024,TROPOMI-Sentinel-5P_L2-TROPOMAER_2022m0112t173548-o22024_v01-2022m0623t205854.nc, 3261, 383, 1.39, 0.70, 0.02, 40, 0.70, 0.09, 18,1.29,0.06
2022-01-22 16:29:12,22165,TROPOMI-Sentinel-5P_L2-TROPOMAER_2022m0122t160737-o22165_v01-2022m0624t210402.nc, 3321,  26, 1.30, 0.56, 0.01, 40, 0.56, 0.11, 54,0.91,0.03
2022-01-22 18:10:41,22166,TROPOMI-Sentinel-5P_L2-TROPOMAER_2022m0122t174907-o22166_v01-2022m0624t214313.nc, 3217, 414, 1.42, 0.67, 0.08, 64, 0.62, 0.15, 45,1.03,0.03
2022-01-24 17:32:48,22194,TROPOMI-Sentinel-5P_L2-TROPOMAER_2022m0124t171113-o22194_v01-2022m0625t004910.nc, 3217, 275, 1.10, 0.78, 0.09, 73, 0.73, 0.17, 20,0.92,0.09
2022-01-26 16:54:52,22222,TROPOMI-Sentinel-5P_L2-TROPOMAER_2022m0126t163318-o22222_v01-2022m0625t061305.nc, 3253,  84, 0.63, 0.77, 0.01, 40, 0.77, 0.09, 59,1.11,0.05
2022-01-27 16:35:56,22236,TROPOMI-Sentinel-5P_L2-TROPOMAER_2022m0127t161421-o22236_v01-2022m0625t074409.nc, 3281,  37, 0.97, 0.65, 0.09, 57, 0.60, 0.07, 60,1.01,0.05
2022-01-27 18:17:26,22237,TROPOMI-Sentinel-5P_L2-TROPOMAER_2022m0127t175551-o22237_v01-2022m0625t074413.nc, 3190, 426, 1.22, 0.85, 0.12,104, 0.66, 0.17, 60,1.06,0.05
2022-01-29 17:39:32,22265,TROPOMI-Sentinel-5P_L2-TROPOMAER_2022m0129t171757-o22265_v01-2022m0625t161602.nc, 3186, 308, 1.35, 1.41, 0.14, 60, 0.87, 0.19, 23,2.14,0.05
2022-02-01 16:42:42,22307,TROPOMI-Sentinel-5P_L2-TROPOMAER_2022m0201t162107-o22307_v01-2022m0625t234051.nc, 3240,  49, 0.87, 0.65, 0.01, 29, 0.65, 0.04, 24,0.88,0.17
2022-02-01 18:24:12,22308,TROPOMI-Sentinel-5P_L2-TROPOMAER_2022m0201t180237-o22308_v01-2022m0625t234100.nc, 3162, 441, 1.42, 1.09, 0.10, 90, 0.98, 0.23, 22,0.83,0.17
2022-02-02 16:23:45,22321,TROPOMI-Sentinel-5P_L2-TROPOMAER_2022m0202t160211-o22321_v01-2022m0626t014640.nc, 3272,  13, 1.00, 0.60, 0.09, 74, 0.53, 0.07, 59,0.92,0.07
2022-02-02 18:05:15,22322,TROPOMI-Sentinel-5P_L2-TROPOMAER_2022m0202t174341-o22322_v01-2022m0626t024031.nc, 3154, 400, 1.43, 0.62, 0.07, 86, 0.58, 0.16, 39,0.96,0.08
2022-02-05 17:08:26,22364,TROPOMI-Sentinel-5P_L2-TROPOMAER_2022m0205t164651-o22364_v01-2022m0626t111030.nc, 3174, 136, 0.84, 0.86, 0.03, 39, 0.81, 0.10, 24,1.04,0.07
2022-02-06 16:49:30,22378,TROPOMI-Sentinel-5P_L2-TROPOMAER_2022m0206t162755-o22378_v01-2022m0626t140723.nc, 3197,  65, 1.19, 0.67, 0.08, 51, 0.61, 0.12, 40,1.17,0.04
2022-02-08 17:53:08,22407,TROPOMI-Sentinel-5P_L2-TROPOMAER_2022m0208t173133-o22407_v01-2022m0626t210417.nc, 3117, 363, 1.32, 1.22, 0.23,105, 0.99, 0.64, 29,0.96,0.09
2022-02-09 17:34:12,22421,TROPOMI-Sentinel-5P_L2-TROPOMAER_2022m0209t171237-o22421_v01-2022m0626t184304.nc, 3119, 275, 1.43, 1.13, 0.31,100, 0.97, 0.52, 12,1.18,0.07
2022-02-11 16:56:20,22449,TROPOMI-Sentinel-5P_L2-TROPOMAER_2022m0211t163445-o22449_v01-2022m0627t031941.nc, 3152,  85, 1.22, 1.37, 0.44,105, 1.24, 0.75,  6,1.32,0.07
2022-02-15 17:22:07,22506,TROPOMI-Sentinel-5P_L2-TROPOMAER_2022m0215t170032-o22506_v01-2022m0627t104805.nc, 3088, 203, 0.26, 0.90, 0.07,104, 0.82, 0.19, 60,1.10,0.13
2022-02-16 17:03:11,22520,TROPOMI-Sentinel-5P_L2-TROPOMAER_2022m0216t164137-o22520_v01-2022m0627t133007.nc, 3104, 108,-0.01, 1.00, 0.04, 78, 0.88, 0.13, 32,1.26,0.13
2022-02-18 18:06:50,22549,TROPOMI-Sentinel-5P_L2-TROPOMAER_2022m0218t174516-o22549_v01-2022m0627t162614.nc, 3043, 401, 1.18, 1.17, 0.11, 81, 1.12, 0.36, 15,1.09,0.07
2022-02-20 17:28:59,22577,TROPOMI-Sentinel-5P_L2-TROPOMAER_2022m0220t170725-o22577_v01-2022m0627t215632.nc, 3044, 240, 0.96, 0.72, 0.01, 40, 0.72, 0.10, 46,1.24,0.05
2022-02-25 17:35:53,22648,TROPOMI-Sentinel-5P_L2-TROPOMAER_2022m0225t171419-o22648_v01-2022m0628t091625.nc, 2999, 276, 1.08, 0.35, 0.05, 71, 0.35, 0.05,  1,0.77,0.14
2022-02-27 16:58:03,22676,TROPOMI-Sentinel-5P_L2-TROPOMAER_2022m0227t163628-o22676_v01-2022m0628t103113.nc, 3029,  85, 0.94, 1.60, 0.20,125, 1.30, 0.28, 59,1.42,0.08
2022-02-28 16:39:07,22690,TROPOMI-Sentinel-5P_L2-TROPOMAER_2022m0228t161733-o22690_v01-2022m0628t192656.nc, 3056,  37, 0.83, 1.16, 0.13,112, 0.98, 0.30, 60,1.24,0.09
2022-02-28 18:20:38,22691,TROPOMI-Sentinel-5P_L2-TROPOMAER_2022m0228t175903-o22691_v01-2022m0628t193542.nc, 2964, 426, 1.38, 1.36, 0.13,127, 1.13, 0.37, 60,1.28,0.09
2022-03-03 17:23:53,22733,TROPOMI-Sentinel-5P_L2-TROPOMAER_2022m0303t170218-o22733_v01-2022m0629t035337.nc, 2961, 203,-0.34, 0.86, 0.03, 51, 0.84, 0.14, 27,1.34,0.09
2022-03-04 17:04:58,22747,TROPOMI-Sentinel-5P_L2-TROPOMAER_2022m0304t164323-o22747_v01-2022m0629t053754.nc, 2977, 108,-0.22, 0.97, 0.07, 87, 0.88, 0.18, 60,1.37,0.07
2022-03-05 16:46:03,22761,TROPOMI-Sentinel-5P_L2-TROPOMAER_2022m0305t162428-o22761_v01-2022m0629t072617.nc, 3001,  50, 0.04, 2.09, 0.07,117, 1.91, 0.31, 32,1.66,0.25
2022-03-05 18:27:33,22762,TROPOMI-Sentinel-5P_L2-TROPOMAER_2022m0305t180559-o22762_v01-2022m0629t072630.nc, 2923, 441, 1.10, 1.64, 0.05, 51, 1.47, 0.17, 14,1.55,0.24
2022-03-08 17:30:47,22804,TROPOMI-Sentinel-5P_L2-TROPOMAER_2022m0308t170914-o22804_v01-2022m0629t165133.nc, 2914, 240,-0.25, 1.00, 0.07, 73, 0.94, 0.13, 26,1.90,0.09
2022-03-11 16:34:04,22846,TROPOMI-Sentinel-5P_L2-TROPOMAER_2022m0311t161229-o22846_v01-2022m0629t215032.nc, 2975,  26, 0.93, 1.54, 0.07,124, 1.39, 0.32, 60,0.97,0.17
2022-03-11 18:15:34,22847,TROPOMI-Sentinel-5P_L2-TROPOMAER_2022m0311t175359-o22847_v01-2022m0629t220002.nc, 2871, 415, 1.38, 1.44, 0.04, 95, 1.41, 0.24, 60,1.05,0.18
2022-03-14 17:18:48,22889,TROPOMI-Sentinel-5P_L2-TROPOMAER_2022m0314t165715-o22889_v01-2022m0630t062801.nc, 2876, 168,-0.46, 1.36, 0.14,124, 1.14, 0.50, 60,1.52,0.12
2022-03-15 16:59:54,22903,TROPOMI-Sentinel-5P_L2-TROPOMAER_2022m0315t163820-o22903_v01-2022m0630t084426.nc, 2894,  85,-0.21, 1.38, 0.17,105, 1.22, 0.41, 60,1.64,0.13
2022-03-16 16:40:59,22917,TROPOMI-Sentinel-5P_L2-TROPOMAER_2022m0316t161925-o22917_v01-2022m0705t141551.nc, 2920,  37, 0.87, 1.30, 0.12,117, 1.14, 0.29, 60,1.49,0.13
2022-03-16 18:22:29,22918,TROPOMI-Sentinel-5P_L2-TROPOMAER_2022m0316t180055-o22918_v01-2022m0705t144105.nc, 2828, 426, 1.20, 1.35, 0.06, 91, 1.29, 0.19, 51,1.51,0.13
2022-03-21 16:47:55,22988,TROPOMI-Sentinel-5P_L2-TROPOMAER_2022m0321t162621-o22988_v01-2022m0630t224759.nc, 2865,  50, 0.74, 2.49, 0.23,112, 2.43, 0.45,  7,2.15,0.15
2022-03-29 17:39:35,23102,TROPOMI-Sentinel-5P_L2-TROPOMAER_2022m0329t171801-o23102_v01-2022m0701t153101.nc, 2728, 276, 0.86, 1.41, 0.28,107, 1.26, 0.56, 22,2.05,0.09
2022-04-02 18:05:26,23159,TROPOMI-Sentinel-5P_L2-TROPOMAER_2022m0402t174351-o23159_v01-2022m0702t000648.nc, 2682, 384, 0.80, 2.08, 0.23,133, 1.54, 0.50, 60,2.43,0.12
2022-04-15 17:22:23,23343,TROPOMI-Sentinel-5P_L2-TROPOMAER_2022m0415t170048-o23343_v01-2022m0703t005339.nc, 2606, 167, 0.21, 2.53, 0.11,117, 2.50, 0.55, 30,2.58,0.16
2022-04-16 17:03:27,23357,TROPOMI-Sentinel-5P_L2-TROPOMAER_2022m0416t164152-o23357_v01-2022m0703t033031.nc, 2626,  85, 0.11, 1.81, 0.10,117, 1.76, 0.50, 26,1.85,0.22
2022-04-17 18:26:01,23372,TROPOMI-Sentinel-5P_L2-TROPOMAER_2022m0417t180426-o23372_v01-2022m0703t043828.nc, 2562, 426, 0.91, 1.86, 0.16,106, 1.34, 0.36, 47,2.38,0.17
2022-04-20 17:29:12,23414,TROPOMI-Sentinel-5P_L2-TROPOMAER_2022m0420t170738-o23414_v01-2022m0703t073318.nc, 2562, 202, 0.21, 2.32, 0.08,115, 2.21, 0.45, 60,2.24,0.16
2022-04-21 17:10:16,23428,TROPOMI-Sentinel-5P_L2-TROPOMAER_2022m0421t164841-o23428_v01-2022m0703t105826.nc, 2579, 108, 0.10, 0.64, 0.07, 27, 0.64, 0.07,  1,2.00,0.28
2022-04-22 18:32:50,23443,TROPOMI-Sentinel-5P_L2-TROPOMAER_2022m0422t181115-o23443_v01-2022m0703t124243.nc, 2526, 441, 1.05, 1.94, 0.20, 85, 1.74, 0.25, 12,1.85,0.19
2022-04-23 16:32:23,23456,TROPOMI-Sentinel-5P_L2-TROPOMAER_2022m0423t161048-o23456_v01-2022m0703t144631.nc, 2634,  13,-0.64, 0.68, 0.07, 12, 0.68, 0.15,  4,1.57,0.34
2022-04-24 17:54:57,23471,TROPOMI-Sentinel-5P_L2-TROPOMAER_2022m0424t173322-o23471_v01-2022m0703t164102.nc, 2514, 337, 0.39, 1.70, 0.06, 95, 1.62, 0.17, 40,1.58,0.25
2022-04-28 16:39:08,23527,TROPOMI-Sentinel-5P_L2-TROPOMAER_2022m0428t161734-o23527_v01-2022m0704t000252.nc, 2588,  26, 0.26, 3.30, 0.09,117, 3.23, 0.62, 60,2.44,0.18
2022-04-28 18:20:39,23528,TROPOMI-Sentinel-5P_L2-TROPOMAER_2022m0428t175905-o23528_v01-2022m0704t000600.nc, 2483, 414, 1.16, 3.09, 0.07,116, 3.03, 0.43, 60,2.65,0.17
2022-04-29 18:01:41,23542,TROPOMI-Sentinel-5P_L2-TROPOMAER_2022m0429t174008-o23542_v01-2022m0704t021900.nc, 2479, 362, 1.13, 3.09, 0.08,117, 3.06, 0.57, 60,2.41,0.19
2022-05-02 17:04:50,23584,TROPOMI-Sentinel-5P_L2-TROPOMAER_2022m0502t164316-o23584_v01-2022m0704t061020.nc, 2515,  84, 0.22, 1.70, 0.09,103, 1.47, 0.29, 28,1.93,0.21
2022-05-09 16:33:36,23683,TROPOMI-Sentinel-5P_L2-TROPOMAER_2022m0509t161201-o23683_v01-2022m0704t171642.nc, 2534,  12, 0.50, 2.02, 0.18,126, 1.76, 0.63, 32,1.89,0.10
2022-05-09 18:15:06,23684,TROPOMI-Sentinel-5P_L2-TROPOMAER_2022m0509t175331-o23684_v01-2022m0704t171318.nc, 2416, 400, 0.72, 1.52, 0.16,125, 1.41, 0.55, 58,1.79,0.10
2022-05-10 17:56:08,23698,TROPOMI-Sentinel-5P_L2-TROPOMAER_2022m0510t173433-o23698_v01-2022m0704t200446.nc, 2414, 336, 0.94, 1.73, 0.14,115, 1.59, 0.29, 60,1.76,0.13
2022-06-01 17:44:17,24010,TROPOMI-Sentinel-5P_L2-TROPOMAER_2022m0601t172242-o24010_v01-2022m0706t224832.nc, 2335, 271, 0.25, 1.41, 0.10, 18, 1.40, 0.14,  2,1.80,0.22
2022-06-04 16:47:13,24052,TROPOMI-Sentinel-5P_L2-TROPOMAER_2022m0604t162538-o24052_v01-2022m0707t035849.nc, 2410,  35, 0.39, 2.04, 0.28,103, 1.68, 0.29,  4,2.15,0.14
2022-06-04 18:28:43,24053,TROPOMI-Sentinel-5P_L2-TROPOMAER_2022m0604t180708-o24053_v01-2022m0707t035425.nc, 2317, 425, 0.46, 1.76, 0.06, 92, 1.59, 0.13, 35,2.15,0.14
2022-06-05 18:09:41,24067,TROPOMI-Sentinel-5P_L2-TROPOMAER_2022m0605t174807-o24067_v01-2022m0707t042049.nc, 2316, 381, 0.50, 1.88, 0.20,128, 1.57, 0.34, 53,2.11,0.11
2022-06-06 17:50:40,24081,TROPOMI-Sentinel-5P_L2-TROPOMAER_2022m0606t172905-o24081_v01-2022m0707t053152.nc, 2321, 304, 0.28, 1.76, 0.05,105, 1.73, 0.33, 60,2.18,0.11
2022-06-08 17:12:36,24109,TROPOMI-Sentinel-5P_L2-TROPOMAER_2022m0608t165102-o24109_v01-2022m0609t234700.nc, 2359, 105,-0.60, 0.51, 0.06, 17, 0.51, 0.09,  2,1.54,0.27
2022-06-10 16:34:33,24137,TROPOMI-Sentinel-5P_L2-TROPOMAER_2022m0610t161300-o24137_v01-2022m0613t142138.nc, 2428,  11, 0.61, 1.63, 0.13, 81, 1.62, 0.22,  3,1.89,0.12
2022-06-15 16:41:02,24208,TROPOMI-Sentinel-5P_L2-TROPOMAER_2022m0615t161927-o24208_v01-2022m0616t192731.nc, 2409,  25, 0.13, 1.78, 0.03, 94, 1.75, 0.21, 60,1.79,0.20
2022-06-15 18:22:31,24209,TROPOMI-Sentinel-5P_L2-TROPOMAER_2022m0615t180057-o24209_v01-2022m0616t192946.nc, 2304, 413,-0.30, 1.57, 0.02, 84, 1.55, 0.18, 56,1.75,0.24
2022-06-16 18:03:30,24223,TROPOMI-Sentinel-5P_L2-TROPOMAER_2022m0616t174156-o24223_v01-2022m0617t170754.nc, 2306, 360, 0.54, 1.83, 0.13, 83, 1.83, 0.19,  2,1.46,0.30
2022-06-19 17:06:28,24265,TROPOMI-Sentinel-5P_L2-TROPOMAER_2022m0619t164453-o24265_v01-2022m0620t181428.nc, 2361,  82,-0.07, 2.26, 0.10,105, 2.10, 0.44, 58,2.41,0.09
2022-06-20 16:47:26,24279,TROPOMI-Sentinel-5P_L2-TROPOMAER_2022m0620t162551-o24279_v01-2022m0621t184020.nc, 2396,  35, 0.56, 1.31, 0.16, 48, 1.31, 0.16,  1,2.38,0.12
2022-06-20 18:28:55,24280,TROPOMI-Sentinel-5P_L2-TROPOMAER_2022m0620t180721-o24280_v01-2022m0621t184102.nc, 2305, 425, 0.33, 1.77, 0.11,111, 1.69, 0.41, 60,2.45,0.13
2022-06-21 18:09:53,24294,TROPOMI-Sentinel-5P_L2-TROPOMAER_2022m0621t174820-o24294_v01-2022m0623t051322.nc, 2305, 381, 0.77, 2.28, 0.06, 82, 2.25, 0.26, 21,1.31,0.38
2022-06-22 17:50:53,24308,TROPOMI-Sentinel-5P_L2-TROPOMAER_2022m0622t172918-o24308_v01-2022m0623t193053.nc, 2311, 305, 0.35, 0.82, 0.08, 30, 0.82, 0.08,  1,1.36,0.42
2022-06-26 16:34:45,24364,TROPOMI-Sentinel-5P_L2-TROPOMAER_2022m0626t161310-o24364_v01-2022m0627t182735.nc, 2425,  11, 0.01, 1.81, 0.06,105, 1.64, 0.25, 60,1.92,0.20
2022-06-26 18:16:15,24365,TROPOMI-Sentinel-5P_L2-TROPOMAER_2022m0626t175440-o24365_v01-2022m0627t182904.nc, 2307, 399, 0.11, 1.70, 0.05, 98, 1.64, 0.25, 40,1.96,0.19
2022-06-28 17:38:10,24393,TROPOMI-Sentinel-5P_L2-TROPOMAER_2022m0628t171636-o24393_v01-2022m0629t194139.nc, 2326, 235, 0.18, 1.35, 0.24, 94, 1.23, 0.29, 40,1.83,0.11
2022-06-29 17:19:07,24407,TROPOMI-Sentinel-5P_L2-TROPOMAER_2022m0629t165733-o24407_v01-2022m0630t171459.nc, 2350, 132,-0.34, 1.48, 0.05,106, 1.39, 0.29, 60,1.59,0.16
2022-06-30 17:00:05,24421,TROPOMI-Sentinel-5P_L2-TROPOMAER_2022m0630t163831-o24421_v01-2022m0701t175258.nc, 2381,  63, 0.02, 1.44, 0.04, 94, 1.28, 0.18, 44,1.68,0.13
2022-07-01 16:41:02,24435,TROPOMI-Sentinel-5P_L2-TROPOMAER_2022m0701t161928-o24435_v01-2022m0702t174236.nc, 2419,  25,-0.21, 1.69, 0.05, 97, 1.56, 0.19, 60,1.73,0.19
2022-07-01 18:22:32,24436,TROPOMI-Sentinel-5P_L2-TROPOMAER_2022m0701t180058-o24436_v01-2022m0702t180756.nc, 2313, 413, 0.26, 1.87, 0.05, 72, 1.79, 0.15, 17,1.80,0.22
2022-07-02 18:03:29,24450,TROPOMI-Sentinel-5P_L2-TROPOMAER_2022m0702t174155-o24450_v01-2022m0703t174219.nc, 2317, 360, 0.82, 1.63, 0.06, 80, 1.60, 0.19, 19,1.79,0.21
2022-07-04 17:25:24,24478,TROPOMI-Sentinel-5P_L2-TROPOMAER_2022m0704t170349-o24478_v01-2022m0705t185758.nc, 2350, 164,-0.19, 1.89, 0.06,107, 1.80, 0.35, 60,1.59,0.10
2022-07-11 16:53:29,24577,TROPOMI-Sentinel-5P_L2-TROPOMAER_2022m0711t163155-o24577_v01-2022m0714t130842.nc, 2417,  48, 0.29, 1.57, 0.24,115, 1.19, 0.24, 60,1.26,0.12
2022-07-11 18:34:59,24578,TROPOMI-Sentinel-5P_L2-TROPOMAER_2022m0711t181325-o24578_v01-2022m0714t123237.nc, 2338, 439, 0.78, 1.64, 0.04,105, 1.61, 0.27, 60,1.33,0.12
2022-07-12 16:34:26,24591,TROPOMI-Sentinel-5P_L2-TROPOMAER_2022m0712t161251-o24591_v01-2022m0713t181137.nc, 2457,  12, 0.07, 2.50, 0.06,109, 2.41, 0.32, 51,1.81,0.16
2022-07-15 17:18:42,24634,TROPOMI-Sentinel-5P_L2-TROPOMAER_2022m0715t165708-o24634_v01-2022m0716t175634.nc, 2389, 133,-0.50, 1.97, 0.05, 99, 1.83, 0.30, 58,1.73,0.27
2022-07-22 16:46:41,24733,TROPOMI-Sentinel-5P_L2-TROPOMAER_2022m0722t162506-o24733_v01-2022m0823t160023.nc, 2467,  36,-0.79, 1.41, 0.04,105, 1.33, 0.23, 60,1.51,0.14
2022-07-30 17:36:58,24847,TROPOMI-Sentinel-5P_L2-TROPOMAER_2022m0730t171523-o24847_v01-2022m0823t205334.nc, 2428, 236,-0.25, 1.48, 0.12, 93, 1.29, 0.27, 27,1.69,0.11
2022-08-03 18:02:04,24904,TROPOMI-Sentinel-5P_L2-TROPOMAER_2022m0803t174030-o24904_v01-2022m0824t000945.nc, 2434, 361,-0.07, 1.36, 0.03, 82, 1.23, 0.12, 37,1.73,0.12
2022-08-07 16:45:40,24960,TROPOMI-Sentinel-5P_L2-TROPOMAER_2022m0807t162405-o24960_v01-2022m0824t032139.nc, 2546,  36,-1.10, 0.85, 0.24, 32, 0.85, 0.24,  1,1.94,0.13
2022-08-09 17:48:57,24989,TROPOMI-Sentinel-5P_L2-TROPOMAER_2022m0809t172722-o24989_v01-2022m0824t044817.nc, 2472, 306, 0.18, 1.75, 0.08, 94, 1.73, 0.24,  9,1.58,0.13
2022-08-11 17:10:43,25017,TROPOMI-Sentinel-5P_L2-TROPOMAER_2022m0811t164910-o25017_v01-2022m0824t081711.nc, 2525, 106,-0.66, 1.48, 0.08,103, 1.40, 0.36, 39,1.59,0.09
2022-08-13 16:32:31,25045,TROPOMI-Sentinel-5P_L2-TROPOMAER_2022m0813t161056-o25045_v01-2022m0824t093602.nc, 2606,  12,-0.48, 2.09, 0.50,121, 1.51, 0.32, 57,1.95,0.06
2022-08-13 18:14:00,25046,TROPOMI-Sentinel-5P_L2-TROPOMAER_2022m0813t175226-o25046_v01-2022m0824t093641.nc, 2488, 399,-0.25, 1.91, 0.71,118, 1.35, 0.24, 32,1.96,0.06
2022-08-16 17:16:39,25088,TROPOMI-Sentinel-5P_L2-TROPOMAER_2022m0816t165506-o25088_v01-2022m0824t120834.nc, 2546, 133,-0.61, 1.73, 0.31,125, 1.21, 0.23, 31,1.62,0.12
2022-08-17 16:57:33,25102,TROPOMI-Sentinel-5P_L2-TROPOMAER_2022m0817t163559-o25102_v01-2022m0824t111519.nc, 2581,  64,-0.28, 1.69, 0.09,104, 1.52, 0.28, 16,1.73,0.14
2022-08-18 16:38:27,25116,TROPOMI-Sentinel-5P_L2-TROPOMAER_2022m0818t161652-o25116_v01-2022m0824t132755.nc, 2623,  25,-0.31, 1.67, 0.36,111, 1.35, 0.17, 60,1.68,0.10
2022-08-18 18:19:56,25117,TROPOMI-Sentinel-5P_L2-TROPOMAER_2022m0818t175821-o25117_v01-2022m0824t132909.nc, 2341, 413,-0.19, 1.47, 0.33,110, 1.31, 0.38,  7,1.77,0.09
2022-08-20 17:41:41,25145,TROPOMI-Sentinel-5P_L2-TROPOMAER_2022m0820t172007-o25145_v01-2022m0824t144510.nc, 2545, 272,-0.10, 1.69, 0.14,123, 1.50, 0.36, 22,1.51,0.11
2022-08-24 18:06:42,25202,TROPOMI-Sentinel-5P_L2-TROPOMAER_2022m0824t174508-o25202_v01-2022m0825t200252.nc, 2560, 382,-0.11, 2.71, 0.05,106, 2.66, 0.28, 60,1.51,0.27
2022-08-26 17:28:27,25230,TROPOMI-Sentinel-5P_L2-TROPOMAER_2022m0826t170653-o25230_v01-2022m0827t204350.nc, 2596, 199,-1.47, 1.71, 0.12,103, 1.63, 0.27,  9,1.65,0.20
2022-08-28 18:31:42,25259,TROPOMI-Sentinel-5P_L2-TROPOMAER_2022m0828t181007-o25259_v01-2022m0829t222644.nc, 2589, 440,-0.82, 1.43, 0.13, 97, 1.34, 0.17,  4,1.25,0.26
2022-08-29 16:31:04,25272,TROPOMI-Sentinel-5P_L2-TROPOMAER_2022m0829t160930-o25272_v01-2022m0901t055201.nc, 2712,  12,-0.58, 1.50, 0.08,105, 1.36, 0.20, 60,1.42,0.13
2022-08-29 18:12:33,25273,TROPOMI-Sentinel-5P_L2-TROPOMAER_2022m0829t175100-o25273_v01-2022m0901t055105.nc, 2594, 399, 0.12, 1.32, 0.07, 79, 1.31, 0.16,  8,1.52,0.14
2022-09-01 17:15:11,25315,TROPOMI-Sentinel-5P_L2-TROPOMAER_2022m0901t165337-o25315_v01-2022m0902t193229.nc, 2654, 133,-0.57, 1.37, 0.28,113, 1.03, 0.16, 60,1.79,0.08
2022-09-02 16:56:03,25329,TROPOMI-Sentinel-5P_L2-TROPOMAER_2022m0902t163429-o25329_v01-2022m0904t080206.nc, 2691,  64,-0.97, 1.05, 0.05, 84, 0.98, 0.13, 55,1.67,0.10
2022-09-09 18:05:06,25429,TROPOMI-Sentinel-5P_L2-TROPOMAER_2022m0909t174331-o25429_v01-2022m0911t002240.nc, 2676, 382,-0.43, 1.67, 0.07,125, 1.57, 0.44, 57,1.56,0.11
2022-09-13 18:30:01,25486,TROPOMI-Sentinel-5P_L2-TROPOMAER_2022m0913t180828-o25486_v01-2022m0915t122814.nc, 2708, 439, 0.69, 2.00, 0.55,134, 1.31, 0.19, 39,1.42,0.13
2022-09-14 16:29:25,25499,TROPOMI-Sentinel-5P_L2-TROPOMAER_2022m0914t160750-o25499_v01-2022m0915t213013.nc, 2831,  12,-0.29, 1.68, 0.12,112, 1.54, 0.36, 48,1.26,0.10
2022-09-14 18:10:54,25500,TROPOMI-Sentinel-5P_L2-TROPOMAER_2022m0914t174919-o25500_v01-2022m0915t205924.nc, 2714, 399,-0.04, 1.93, 0.23,114, 1.92, 0.50,  6,1.42,0.10
2022-09-16 17:32:36,25528,TROPOMI-Sentinel-5P_L2-TROPOMAER_2022m0916t171102-o25528_v01-2022m0919t132814.nc, 2747, 236, 0.91, 3.41, 0.17, 87, 3.38, 0.27,  3,2.49,0.85
2022-09-17 17:13:29,25542,TROPOMI-Sentinel-5P_L2-TROPOMAER_2022m0917t165154-o25542_v01-2022m0919t143023.nc, 2776, 133, 0.65, 2.82, 0.03, 84, 2.82, 0.20, 60,1.90,0.43
2022-09-18 16:54:20,25556,TROPOMI-Sentinel-5P_L2-TROPOMAER_2022m0918t163245-o25556_v01-2022m0919t215134.nc, 2814,  64,-0.53, 2.32, 0.04,105, 2.28, 0.25, 60,1.55,0.22
2022-09-19 16:35:12,25570,TROPOMI-Sentinel-5P_L2-TROPOMAER_2022m0919t161337-o25570_v01-2022m0921t133157.nc, 2858,  25, 0.52, 1.51, 0.09,103, 1.46, 0.23, 13,1.58,0.17
2022-09-20 17:57:31,25585,TROPOMI-Sentinel-5P_L2-TROPOMAER_2022m0920t173557-o25585_v01-2022m0922t130112.nc, 2764, 361,-0.22, 1.60, 0.14,124, 1.40, 0.27, 60,1.47,0.10
2022-09-21 17:38:23,25599,TROPOMI-Sentinel-5P_L2-TROPOMAER_2022m0921t171649-o25599_v01-2022m0924t151231.nc, 2781, 272,-0.53, 1.19, 0.07, 92, 1.15, 0.16, 29,1.46,0.11
2022-09-23 17:00:05,25627,TROPOMI-Sentinel-5P_L2-TROPOMAER_2022m0923t163831-o25627_v01-2022m0926t144959.nc, 2844,  83,-0.53, 1.47, 0.25,113, 1.14, 0.29, 43,1.94,0.05
2022-09-24 16:40:58,25641,TROPOMI-Sentinel-5P_L2-TROPOMAER_2022m0924t161923-o25641_v01-2022m0927t142654.nc, 2886,  35,-0.26, 0.82, 0.04, 48, 0.82, 0.16, 15,1.65,0.07
2022-09-25 18:03:17,25656,TROPOMI-Sentinel-5P_L2-TROPOMAER_2022m0925t174143-o25656_v01-2022m0928t022650.nc, 2804, 382,-0.13, 1.10, 0.14, 44, 1.07, 0.18,  2,1.63,0.16
2022-09-28 17:05:51,25698,TROPOMI-Sentinel-5P_L2-TROPOMAER_2022m0928t164417-o25698_v01-2022m0929t201116.nc, 2875, 105, 0.24, 1.08, 0.42, 78, 0.69, 0.16, 22,1.11,0.09
2022-09-29 16:46:42,25712,TROPOMI-Sentinel-5P_L2-TROPOMAER_2022m0929t162508-o25712_v01-2022m0930t183056.nc, 2916,  48,-0.53, 0.94, 0.03, 62, 0.88, 0.16, 60,1.24,0.09
2022-09-29 18:28:12,25713,TROPOMI-Sentinel-5P_L2-TROPOMAER_2022m0929t180637-o25713_v01-2022m0930t183332.nc, 2837, 439, 0.94, 0.91, 0.05, 50, 0.90, 0.12,  6,1.26,0.11
2022-09-30 16:27:34,25726,TROPOMI-Sentinel-5P_L2-TROPOMAER_2022m0930t160559-o25726_v01-2022m1001t153257.nc, 2961,  12,-0.05, 0.53, 0.04, 26, 0.53, 0.06,  3,0.99,0.11
2022-10-06 17:55:38,25812,TROPOMI-Sentinel-5P_L2-TROPOMAER_2022m1006t173404-o25812_v01-2022m1007t175203.nc, 2896, 360,-0.04, 1.12, 0.12, 59, 1.12, 0.19,  3,1.35,0.08
2022-10-07 17:36:29,25826,TROPOMI-Sentinel-5P_L2-TROPOMAER_2022m1007t171455-o25826_v01-2022m1008t172404.nc, 2913, 271,-0.03, 1.44, 0.05,105, 1.36, 0.18, 60,1.43,0.11
2022-10-09 16:58:11,25854,TROPOMI-Sentinel-5P_L2-TROPOMAER_2022m1009t163636-o25854_v01-2022m1011t203925.nc, 2976,  82,-0.33, 1.20, 0.02, 62, 1.20, 0.18, 60,1.88,0.08
2022-10-10 16:39:02,25868,TROPOMI-Sentinel-5P_L2-TROPOMAER_2022m1010t161727-o25868_v01-2022m1011t214422.nc, 3019,  35,-0.10, 1.41, 0.09,112, 1.21, 0.32, 60,1.69,0.09
2022-10-10 18:20:31,25869,TROPOMI-Sentinel-5P_L2-TROPOMAER_2022m1010t175857-o25869_v01-2022m1011t221012.nc, 2927, 425,-0.08, 1.48, 0.10,126, 1.22, 0.23, 60,1.65,0.08
2022-10-11 18:01:22,25883,TROPOMI-Sentinel-5P_L2-TROPOMAER_2022m1011t173947-o25883_v01-2022m1012t190206.nc, 2935, 381, 0.04, 1.03, 0.10, 78, 0.96, 0.09, 60,1.41,0.09
2022-10-12 17:42:13,25897,TROPOMI-Sentinel-5P_L2-TROPOMAER_2022m1012t172038-o25897_v01-2022m1013t182838.nc, 2951, 305, 0.22, 1.33, 0.10, 89, 1.22, 0.15, 15,1.43,0.16
2022-10-14 17:03:55,25925,TROPOMI-Sentinel-5P_L2-TROPOMAER_2022m1014t164220-o25925_v01-2022m1015t174146.nc, 3008, 105,-0.49, 1.12, 0.13, 94, 1.03, 0.13, 60,1.35,0.08
2022-10-15 16:44:46,25939,TROPOMI-Sentinel-5P_L2-TROPOMAER_2022m1015t162311-o25939_v01-2022m1017t174730.nc, 3048,  48,-0.19, 1.93, 0.30,129, 1.58, 0.21, 60,1.61,0.09
2022-10-15 18:26:15,25940,TROPOMI-Sentinel-5P_L2-TROPOMAER_2022m1015t180440-o25940_v01-2022m1017t164924.nc, 2969, 439, 0.18, 1.76, 0.29,125, 1.51, 0.20, 60,1.62,0.10
2022-10-16 16:25:37,25953,TROPOMI-Sentinel-5P_L2-TROPOMAER_2022m1016t160402-o25953_v01-2022m1017t183105.nc, 3094,  11,-0.17, 1.60, 0.15,129, 1.26, 0.47, 50,1.51,0.07
2022-10-16 18:07:06,25954,TROPOMI-Sentinel-5P_L2-TROPOMAER_2022m1016t174531-o25954_v01-2022m1017t184306.nc, 2976, 399, 0.27, 1.50, 0.21,123, 1.25, 0.42, 19,1.47,0.08
2022-10-17 17:47:56,25968,TROPOMI-Sentinel-5P_L2-TROPOMAER_2022m1017t172622-o25968_v01-2022m1018t165455.nc, 2989, 334, 0.03, 1.14, 0.02, 40, 1.13, 0.08, 10,1.30,0.15
2022-10-18 17:28:48,25982,TROPOMI-Sentinel-5P_L2-TROPOMAER_2022m1018t170713-o25982_v01-2022m1020t092323.nc, 3009, 234, 0.30, 1.05, 0.04, 61, 1.05, 0.19, 23,1.38,0.06
2022-10-19 17:09:37,25996,TROPOMI-Sentinel-5P_L2-TROPOMAER_2022m1019t164804-o25996_v01-2022m1020t181829.nc, 3037, 131,-0.66, 0.99, 0.10, 49, 0.90, 0.19,  8,1.37,0.08
2022-10-20 16:50:32,26010,TROPOMI-Sentinel-5P_L2-TROPOMAER_2022m1020t162857-o26010_v01-2022m1023t142304.nc, 3077,  63, 0.12, 0.97, 0.10, 48, 0.97, 0.14,  2,1.62,0.08
2022-10-21 16:31:24,26024,TROPOMI-Sentinel-5P_L2-TROPOMAER_2022m1021t160950-o26024_v01-2022m1024t141156.nc, 3123,  25,-0.02, 0.99, 0.02, 51, 0.98, 0.11, 60,1.32,0.07
2022-10-21 18:12:55,26025,TROPOMI-Sentinel-5P_L2-TROPOMAER_2022m1021t175120-o26025_v01-2022m1024t154846.nc, 3016, 413, 0.13, 1.04, 0.01, 51, 1.04, 0.10, 60,1.40,0.07
2022-10-22 17:53:48,26039,TROPOMI-Sentinel-5P_L2-TROPOMAER_2022m1022t173213-o26039_v01-2022m1025t152903.nc, 3027, 360,-0.00, 1.18, 0.35,118, 0.82, 0.12, 60,1.05,0.07
2022-10-27 17:59:44,26110,TROPOMI-Sentinel-5P_L2-TROPOMAER_2022m1027t173810-o26110_v01-2022m1030t153734.nc, 3064, 381, 0.21, 0.84, 0.04, 51, 0.83, 0.20, 38,1.33,0.05
2022-10-28 17:40:38,26124,TROPOMI-Sentinel-5P_L2-TROPOMAER_2022m1028t171904-o26124_v01-2022m1031t122005.nc, 3068, 305, 0.38, 0.84, 0.11, 58, 0.54, 0.07, 21,1.05,0.09
2022-10-29 17:21:31,26138,TROPOMI-Sentinel-5P_L2-TROPOMAER_2022m1029t165957-o26138_v01-2022m1030t214500.nc, 3102, 199,-0.38, 1.20, 0.46,109, 0.79, 0.16, 59,1.09,0.06
2022-10-30 17:02:25,26152,TROPOMI-Sentinel-5P_L2-TROPOMAER_2022m1030t164051-o26152_v01-2022m1031t155354.nc, 3134, 106,-0.78, 0.74, 0.05, 62, 0.73, 0.10,  4,0.97,0.08
2022-11-02 17:46:36,26195,TROPOMI-Sentinel-5P_L2-TROPOMAER_2022m1102t172502-o26195_v01-2022m1104t194855.nc, 3112, 335, 1.93, 0.90, 0.05, 73, 0.89, 0.16, 13,1.41,0.08
2022-11-03 17:27:29,26209,TROPOMI-Sentinel-5P_L2-TROPOMAER_2022m1103t170556-o26209_v01-2022m1106t140332.nc, 3132, 236, 0.65, 0.88, 0.05,101, 0.77, 0.19, 54,1.35,0.07
2022-11-04 17:08:24,26223,TROPOMI-Sentinel-5P_L2-TROPOMAER_2022m1104t164649-o26223_v01-2022m1106t192958.nc, 3161, 133, 0.37, 0.99, 0.10, 95, 0.90, 0.08, 60,1.30,0.06
2022-11-05 16:49:18,26237,TROPOMI-Sentinel-5P_L2-TROPOMAER_2022m1105t162743-o26237_v01-2022m1106t203035.nc, 3197,  64, 0.22, 0.88, 0.04, 59, 0.88, 0.08,  5,1.08,0.08
2022-11-07 17:52:36,26266,TROPOMI-Sentinel-5P_L2-TROPOMAER_2022m1107t173101-o26266_v01-2022m1108t164336.nc, 3144, 361, 0.71, 1.10, 0.02, 51, 1.10, 0.17, 55,1.09,0.06
2022-11-08 17:33:29,26280,TROPOMI-Sentinel-5P_L2-TROPOMAER_2022m1108t171155-o26280_v01-2022m1109t142444.nc, 3161, 273, 0.59, 0.86, 0.02, 51, 0.85, 0.17, 55,1.22,0.04
2022-11-09 17:14:24,26294,TROPOMI-Sentinel-5P_L2-TROPOMAER_2022m1109t165250-o26294_v01-2022m1112t135619.nc, 3185, 165, 0.69, 0.72, 0.01, 51, 0.72, 0.09, 57,1.23,0.05
2022-11-10 16:55:19,26308,TROPOMI-Sentinel-5P_L2-TROPOMAER_2022m1110t163344-o26308_v01-2022m1113t133042.nc, 3219,  84, 0.38, 0.80, 0.01, 51, 0.80, 0.05, 60,0.99,0.06
2022-11-12 17:58:37,26337,TROPOMI-Sentinel-5P_L2-TROPOMAER_2022m1112t173702-o26337_v01-2022m1114t225056.nc, 3175, 382, 0.78, 1.43, 0.10,120, 1.33, 0.26, 36,1.14,0.09
2022-11-14 17:20:26,26365,TROPOMI-Sentinel-5P_L2-TROPOMAER_2022m1114t165852-o26365_v01-2022m1115t204736.nc, 3210, 201, 0.34, 1.11, 0.26, 88, 0.90, 0.16, 60,1.25,0.07
2022-11-17 16:23:10,26407,TROPOMI-Sentinel-5P_L2-TROPOMAER_2022m1117t160136-o26407_v01-2022m1118t183027.nc, 3321,  13, 0.38, 1.14, 0.07, 83, 1.04, 0.20, 16,1.13,0.09
2022-11-17 18:04:40,26408,TROPOMI-Sentinel-5P_L2-TROPOMAER_2022m1117t174306-o26408_v01-2022m1118t183113.nc, 3204, 400, 0.59, 1.10, 0.22, 64, 1.10, 0.22,  1,1.19,0.09
2022-11-18 17:45:35,26422,TROPOMI-Sentinel-5P_L2-TROPOMAER_2022m1118t172401-o26422_v01-2022m1120t000637.nc, 3213, 337, 0.62, 1.39, 0.11, 88, 1.19, 0.14, 22,1.62,0.10
2022-11-19 17:26:30,26436,TROPOMI-Sentinel-5P_L2-TROPOMAER_2022m1119t170456-o26436_v01-2022m1121t012031.nc, 3231, 238, 0.70, 1.73, 0.19,129, 1.46, 0.38, 60,1.36,0.07
2022-11-20 17:07:25,26450,TROPOMI-Sentinel-5P_L2-TROPOMAER_2022m1120t164551-o26450_v01-2022m1121t183055.nc, 3258, 135, 0.55, 1.96, 0.15,136, 1.65, 0.43, 35,1.25,0.04
2022-11-21 16:48:21,26464,TROPOMI-Sentinel-5P_L2-TROPOMAER_2022m1121t162646-o26464_v01-2022m1122t153840.nc, 3293,  65, 0.51, 1.35, 0.22,109, 1.10, 0.32, 44,1.29,0.05
2022-11-26 16:54:29,26535,TROPOMI-Sentinel-5P_L2-TROPOMAER_2022m1126t163254-o26535_v01-2022m1127t143226.nc, 3305,  84, 0.57, 1.18, 0.36, 97, 0.82, 0.42, 45,0.93,0.05
2022-12-01 17:00:40,26606,TROPOMI-Sentinel-5P_L2-TROPOMAER_2022m1201t163905-o26606_v01-2022m1204t134343.nc, 3314, 108, 0.20, 1.40, 0.14,114, 1.18, 0.32, 48,1.19,0.04
2022-12-02 16:41:37,26620,TROPOMI-Sentinel-5P_L2-TROPOMAER_2022m1202t162002-o26620_v01-2022m1205t132354.nc, 3349,  49, 0.68, 1.88, 0.27,132, 1.51, 0.36, 41,1.31,0.06
2022-12-07 16:47:52,26691,TROPOMI-Sentinel-5P_L2-TROPOMAER_2022m1207t162617-o26691_v01-2022m1208t175857.nc, 3351,  65,-0.26, 0.34, 0.01, 27, 0.34, 0.03,  5,1.55,0.11
2022-12-09 17:51:15,26720,TROPOMI-Sentinel-5P_L2-TROPOMAER_2022m1209t172942-o26720_v01-2022m1210t171404.nc, 3291, 363, 0.57, 1.30, 0.07, 95, 1.26, 0.43, 53,1.23,0.05
2022-12-13 16:35:07,26776,TROPOMI-Sentinel-5P_L2-TROPOMAER_2022m1213t161333-o26776_v01-2022m1215t082859.nc, 3386,  37, 0.24, 2.30, 1.46,133, 1.08, 0.36, 38,1.07,0.04
2022-12-13 18:16:37,26777,TROPOMI-Sentinel-5P_L2-TROPOMAER_2022m1213t175503-o26777_v01-2022m1215t082854.nc, 3295, 426, 0.61, 1.65, 0.22,116, 1.18, 0.32, 50,1.15,0.03
2022-12-14 17:57:35,26791,TROPOMI-Sentinel-5P_L2-TROPOMAER_2022m1214t173601-o26791_v01-2022m1215t140658.nc, 3296, 384, 1.16, 1.02, 0.21, 57, 1.02, 0.29,  2,1.81,0.04
2022-12-16 17:19:31,26819,TROPOMI-Sentinel-5P_L2-TROPOMAER_2022m1216t165757-o26819_v01-2022m1217t140651.nc, 3322, 203, 0.15, 3.01, 0.20,126, 2.63, 0.44, 17,0.81,0.10
2022-12-19 16:22:28,26861,TROPOMI-Sentinel-5P_L2-TROPOMAER_2022m1219t160053-o26861_v01-2022m1220t154254.nc, 3417,  13, 0.46, 1.84, 0.32,129, 1.26, 0.38, 60,1.01,0.07
2022-12-20 17:44:57,26876,TROPOMI-Sentinel-5P_L2-TROPOMAER_2022m1220t172322-o26876_v01-2022m1221t171134.nc, 3304, 338, 0.56, 1.71, 0.04, 94, 1.69, 0.33, 60,1.27,0.07
2022-12-21 17:25:56,26890,TROPOMI-Sentinel-5P_L2-TROPOMAER_2022m1221t170421-o26890_v01-2022m1222t142153.nc, 3317, 240, 0.50, 1.17, 0.07, 99, 1.10, 0.32, 45,1.01,0.07
2022-12-24 18:10:24,26933,TROPOMI-Sentinel-5P_L2-TROPOMAER_2022m1224t174849-o26933_v01-2022m1227t142153.nc, 3299, 415, 0.72, 1.21, 0.14,105, 1.10, 0.13, 18,1.08,0.09
2022-12-25 17:51:23,26947,TROPOMI-Sentinel-5P_L2-TROPOMAER_2022m1225t172949-o26947_v01-2022m1227t173603.nc, 3301, 363, 0.77, 1.37, 0.23,136, 1.08, 0.24, 56,1.26,0.05
2022-12-26 17:32:23,26961,TROPOMI-Sentinel-5P_L2-TROPOMAER_2022m1226t171048-o26961_v01-2022m1227t222734.nc, 3309, 276, 0.59, 1.16, 0.05, 86, 1.09, 0.27, 56,1.18,0.04
2022-12-27 17:13:22,26975,TROPOMI-Sentinel-5P_L2-TROPOMAER_2022m1227t165148-o26975_v01-2022m1228t144447.nc, 3327, 168, 0.41, 0.98, 0.09, 95, 0.85, 0.19, 60,0.80,0.06
2022-12-28 16:54:22,26989,TROPOMI-Sentinel-5P_L2-TROPOMAER_2022m1228t163248-o26989_v01-2022m1231t133632.nc, 3353,  85, 0.58, 1.52, 0.36,136, 0.85, 0.33, 58,0.62,0.07
2022-12-29 16:35:22,27003,TROPOMI-Sentinel-5P_L2-TROPOMAER_2022m1229t161348-o27003_v01-2023m0101t132335.nc, 3386,  37, 0.38, 1.18, 0.11,109, 0.84, 0.35, 58,0.60,0.04
2022-12-29 18:16:52,27004,TROPOMI-Sentinel-5P_L2-TROPOMAER_2022m1229t175518-o27004_v01-2023m0101t150539.nc, 3296, 426, 0.63, 1.06, 0.77,107, 0.66, 0.16, 60,0.70,0.03
2022-12-30 16:16:23,27017,TROPOMI-Sentinel-5P_L2-TROPOMAER_2022m1230t155448-o27017_v01-2023m0102t130905.nc, 3423,   0, 0.40, 1.56, 0.45,136, 0.78, 0.31, 45,0.79,0.05
2022-12-30 17:57:53,27018,TROPOMI-Sentinel-5P_L2-TROPOMAER_2022m1230t173618-o27018_v01-2023m0102t144457.nc, 3294, 384, 0.59, 0.71, 0.09, 87, 0.60, 0.23, 46,0.81,0.05
